#definition

# set
set V := C1 C2 C3 C4 C5 C6 C7 C8 C9 C10 C11 C12 C13 C14 C15 
C16 C17 C18 C19 C20 C21 C22 C23 C24 C25 ; 	# customer set
set F := F26 F27 F28 F29 F30 
F31 F32 F33 F34 F35
F36 F37 F38 F39 F40
F41 F42 F43 F44 F45 F46
F26_1 F26_2 F26_3  
F27_1 F27_2 F27_3 
F28_1 F28_2 F28_3 
F29_1 F29_2 F29_3 
F30_1 F30_2 F30_3 
F31_1 F31_2 F31_3 
F32_1 F32_2 F32_3 
F33_1 F33_2 F33_3 
F34_1 F34_2 F34_3 
F35_1 F35_2 F35_3 
F36_1 F36_2 F36_3 
F37_1 F37_2 F37_3 
F38_1 F38_2 F38_3 
F39_1 F39_2 F39_3 
F40_1 F40_2 F40_3 
F41_1 F41_2 F41_3 
F42_1 F42_2 F42_3 
F43_1 F43_2 F43_3 
F44_1 F44_2 F44_3 
F45_1 F45_2 F45_3 
F46_1 F46_2 F46_3  ;#recharging & battery swapping station
set D0 :=N0;
set Dσ :=Nσ;


# param
param CV := 200;    		# ECV fixed cost(Topic Given)
param C := 700;   		# ECV max load
param Q := 117.66; 		# ECV/BSV battery level
param h := 1;     		# ECV consumption

param CB := 267;    		# BSV fixed cost(Topic Given)
param Qplun := 5;       # BSV max load(battery)
param hplun := 1;     	# BSV consumption
param W := 235.32;		# BSV battery level

param Ct := 10 ;		# travel cost
param Cr := 100 ;		# recharging cost
param lamda := 0.00;	# battery swap time
param Cb ;  	    # battery swap cost(BSS/BSV)
param n :=25;	   		# number of customers
param g :=6.87 ;     	# the recharging rate of ECV 



# customer demend
param m :=
N0 0
C1 10
C2 10
C3 10
C4 10
C5 10
C6 10
C7 10
C8 10
C9 20
C10 30
C11 10
C12 40
C13 10
C14 30
C15 50
C16 10
C17 20
C18 10
C19 10
C20 20
C21 10
C22 10
C23 20
C24 10
C25 10
F26 0
F27 0
F28 0
F29 0
F30 0
F31 0
F32 0
F33 0
F34 0
F35 0
F36 0
F37 0
F38 0
F39 0
F40 0
F41 0
F42 0
F43 0
F44 0
F45 0
F46 0
F26_1 0
F26_2 0
F26_3 0
F27_1 0
F27_2 0
F27_3 0
F28_1 0
F28_2 0
F28_3 0
F29_1 0
F29_2 0
F29_3 0
F30_1 0
F30_2 0
F30_3 0
F31_1 0
F31_2 0
F31_3 0
F32_1 0
F32_2 0
F32_3 0
F33_1 0
F33_2 0
F33_3 0
F34_1 0
F34_2 0
F34_3 0
F35_1 0
F35_2 0
F35_3 0
F36_1 0
F36_2 0
F36_3 0
F37_1 0
F37_2 0
F37_3 0
F38_1 0
F38_2 0
F38_3 0
F39_1 0
F39_2 0
F39_3 0
F40_1 0
F40_2 0
F40_3 0
F41_1 0
F41_2 0
F41_3 0
F42_1 0
F42_2 0
F42_3 0
F43_1 0
F43_2 0
F43_3 0
F44_1 0
F44_2 0
F44_3 0
F45_1 0
F45_2 0
F45_3 0
F46_1 0
F46_2 0
F46_3 0
Nσ 0;

param e :=
N0 0
C1 2616
C2 440
C3 927
C4 1305
C5 636
C6 1021
C7 2145
C8 1390
C9 738
C10 1110
C11 1673
C12 1694
C13 2458
C14 20
C15 14
C16 63
C17 1207
C18 536
C19 1013
C20 257
C21 2368
C22 12
C23 1016
C24 2273
C25 253
F26 0
F27 0
F28 0
F29 0
F30 0
F31 0
F32 0
F33 0
F34 0
F35 0
F36 0
F37 0
F38 0
F39 0
F40 0
F41 0
F42 0
F43 0
F44 0
F45 0
F46 0
F26_1 0
F26_2 0
F26_3 0
F27_1 0
F27_2 0
F27_3 0
F28_1 0
F28_2 0
F28_3 0
F29_1 0
F29_2 0
F29_3 0
F30_1 0
F30_2 0
F30_3 0
F31_1 0
F31_2 0
F31_3 0
F32_1 0
F32_2 0
F32_3 0
F33_1 0
F33_2 0
F33_3 0
F34_1 0
F34_2 0
F34_3 0
F35_1 0
F35_2 0
F35_3 0
F36_1 0
F36_2 0
F36_3 0
F37_1 0
F37_2 0
F37_3 0
F38_1 0
F38_2 0
F38_3 0
F39_1 0
F39_2 0
F39_3 0
F40_1 0
F40_2 0
F40_3 0
F41_1 0
F41_2 0
F41_3 0
F42_1 0
F42_2 0
F42_3 0
F43_1 0
F43_2 0
F43_3 0
F44_1 0
F44_2 0
F44_3 0
F45_1 0
F45_2 0
F45_3 0
F46_1 0
F46_2 0
F46_3 0
Nσ 0;

param l :=
N0 3390
C1 3256
C2 1080
C3 1567
C4 1945
C5 1276
C6 1661
C7 2785
C8 2030
C9 1378
C10 1750
C11 2313
C12 2334
C13 3098
C14 660
C15 654
C16 703
C17 1847
C18 1176
C19 1653
C20 897
C21 3008
C22 652
C23 1656
C24 2913
C25 893
F26 3390
F27 3390
F28 3390
F29 3390
F30 3390
F31 3390
F32 3390
F33 3390
F34 3390
F35 3390
F36 3390
F37 3390
F38 3390
F39 3390
F40 3390
F41 3390
F42 3390
F43 3390
F44 3390
F45 3390
F46 3390
F26_1 3390
F26_2 3390
F26_3 3390
F27_1 3390
F27_2 3390
F27_3 3390
F28_1 3390
F28_2 3390
F28_3 3390
F29_1 3390
F29_2 3390
F29_3 3390
F30_1 3390
F30_2 3390
F30_3 3390
F31_1 3390
F31_2 3390
F31_3 3390
F32_1 3390
F32_2 3390
F32_3 3390
F33_1 3390
F33_2 3390
F33_3 3390
F34_1 3390
F34_2 3390
F34_3 3390
F35_1 3390
F35_2 3390
F35_3 3390
F36_1 3390
F36_2 3390
F36_3 3390
F37_1 3390
F37_2 3390
F37_3 3390
F38_1 3390
F38_2 3390
F38_3 3390
F39_1 3390
F39_2 3390
F39_3 3390
F40_1 3390
F40_2 3390
F40_3 3390
F41_1 3390
F41_2 3390
F41_3 3390
F42_1 3390
F42_2 3390
F42_3 3390
F43_1 3390
F43_2 3390
F43_3 3390
F44_1 3390
F44_2 3390
F44_3 3390
F45_1 3390
F45_2 3390
F45_3 3390
F46_1 3390
F46_2 3390
F46_3 3390
Nσ 3390;

param s :=
N0 0
C1 90
C2 90
C3 90
C4 90
C5 90
C6 90
C7 90
C8 90
C9 90
C10 90
C11 90
C12 90
C13 90
C14 90
C15 90
C16 90
C17 90
C18 90
C19 90
C20 90
C21 90
C22 90
C23 90
C24 90
C25 90
F26 0
F27 0
F28 0
F29 0
F30 0
F31 0
F32 0
F33 0
F34 0
F35 0
F36 0
F37 0
F38 0
F39 0
F40 0
F41 0
F42 0
F43 0
F44 0
F45 0
F46 0
F26_1 0
F26_2 0
F26_3 0
F27_1 0
F27_2 0
F27_3 0
F28_1 0
F28_2 0
F28_3 0
F29_1 0
F29_2 0
F29_3 0
F30_1 0
F30_2 0
F30_3 0
F31_1 0
F31_2 0
F31_3 0
F32_1 0
F32_2 0
F32_3 0
F33_1 0
F33_2 0
F33_3 0
F34_1 0
F34_2 0
F34_3 0
F35_1 0
F35_2 0
F35_3 0
F36_1 0
F36_2 0
F36_3 0
F37_1 0
F37_2 0
F37_3 0
F38_1 0
F38_2 0
F38_3 0
F39_1 0
F39_2 0
F39_3 0
F40_1 0
F40_2 0
F40_3 0
F41_1 0
F41_2 0
F41_3 0
F42_1 0
F42_2 0
F42_3 0
F43_1 0
F43_2 0
F43_3 0
F44_1 0
F44_2 0
F44_3 0
F45_1 0
F45_2 0
F45_3 0
F46_1 0
F46_2 0
F46_3 0
Nσ 0;

param d : N0 C1 C2 C3 C4 C5 C6 C7 C8 C9 C10 C11 C12 C13 C14 C15 C16 C17 C18 C19 C20 C21 C22 C23 C24 C25 F26 F27 F28 F29 F30 F31 F32 F33 F34 F35 F36 F37 F38 F39 F40 F41 F42 F43 F44 F45 F46 F26_1 F26_2 F26_3 F27_1 F27_2 F27_3 F28_1 F28_2 F28_3 F29_1 F29_2 F29_3 F30_1 F30_2 F30_3 F31_1 F31_2 F31_3 F32_1 F32_2 F32_3 F33_1 F33_2 F33_3 F34_1 F34_2 F34_3 F35_1 F35_2 F35_3 F36_1 F36_2 F36_3 F37_1 F37_2 F37_3 F38_1 F38_2 F38_3 F39_1 F39_2 F39_3 F40_1 F40_2 F40_3 F41_1 F41_2 F41_3 F42_1 F42_2 F42_3 F43_1 F43_2 F43_3 F44_1 F44_2 F44_3 F45_1 F45_2 F45_3 F46_1 F46_2 F46_3 Nσ :=
N0 0.0000 10.7703 15.8114 29.0689 34.1760 38.0789 25.6125 21.2132 40.0500 30.8058 45.0000 31.0483 40.3113 19.6469 20.6155 14.1421 20.6155 36.3456 20.0998 35.3553 25.2982 51.0784 12.2066 45.1774 51.4782 21.5407 0.0000 33.0606 50.2494 32.6497 48.6004 31.0483 46.0109 34.4819 48.8365 23.4094 39.4588 33.0151 46.5725 19.1050 38.8973 19.0263 39.8121 38.0789 42.6380 38.4708 50.3587 0.0000 0.0000 0.0000 33.0606 33.0606 33.0606 50.2494 50.2494 50.2494 32.6497 32.6497 32.6497 48.6004 48.6004 48.6004 31.0483 31.0483 31.0483 46.0109 46.0109 46.0109 34.4819 34.4819 34.4819 48.8365 48.8365 48.8365 23.4094 23.4094 23.4094 39.4588 39.4588 39.4588 33.0151 33.0151 33.0151 46.5725 46.5725 46.5725 19.1050 19.1050 19.1050 38.8973 38.8973 38.8973 19.0263 19.0263 19.0263 39.8121 39.8121 39.8121 38.0789 38.0789 38.0789 42.6380 42.6380 42.6380 38.4708 38.4708 38.4708 50.3587 50.3587 50.3587 0.0000
C1 10.7703 0.0000 10.2956 38.9487 35.6090 31.4006 35.3836 12.0830 30.0666 41.3401 35.2278 20.3961 47.7598 29.0172 31.3209 14.0000 21.9317 35.3412 11.6619 31.4006 20.0998 51.9711 11.0000 35.9026 51.2445 15.6205 10.7703 38.8973 56.0446 43.3820 59.0762 40.1995 56.0803 42.0595 53.6004 25.4558 38.4838 24.6982 41.0488 10.4403 28.1603 9.4868 31.3847 32.5269 40.7185 38.8330 54.1479 10.7703 10.7703 10.7703 38.8973 38.8973 38.8973 56.0446 56.0446 56.0446 43.3820 43.3820 43.3820 59.0762 59.0762 59.0762 40.1995 40.1995 40.1995 56.0803 56.0803 56.0803 42.0595 42.0595 42.0595 53.6004 53.6004 53.6004 25.4558 25.4558 25.4558 38.4838 38.4838 38.4838 24.6982 24.6982 24.6982 41.0488 41.0488 41.0488 10.4403 10.4403 10.4403 28.1603 28.1603 28.1603 9.4868 9.4868 9.4868 31.3847 31.3847 31.3847 32.5269 32.5269 32.5269 40.7185 40.7185 40.7185 38.8330 38.8330 38.8330 54.1479 54.1479 54.1479 10.7703
C2 15.8114 10.2956 0.0000 38.0132 45.8039 40.0000 34.4384 20.0000 25.9615 42.0595 30.4138 19.8494 55.9017 35.4401 35.0000 7.0711 32.0156 45.6180 5.8310 41.2311 29.8329 42.2966 5.3852 30.0167 41.2311 5.8310 15.8114 32.7567 49.2443 45.1221 59.0931 46.8402 61.2944 50.0899 63.1269 35.4683 48.7545 32.2490 50.0899 19.1050 27.8029 7.2111 24.1868 22.8035 30.4631 29.1548 45.8912 15.8114 15.8114 15.8114 32.7567 32.7567 32.7567 49.2443 49.2443 49.2443 45.1221 45.1221 45.1221 59.0931 59.0931 59.0931 46.8402 46.8402 46.8402 61.2944 61.2944 61.2944 50.0899 50.0899 50.0899 63.1269 63.1269 63.1269 35.4683 35.4683 35.4683 48.7545 48.7545 48.7545 32.2490 32.2490 32.2490 50.0899 50.0899 50.0899 19.1050 19.1050 19.1050 27.8029 27.8029 27.8029 7.2111 7.2111 7.2111 24.1868 24.1868 24.1868 22.8035 22.8035 22.8035 30.4631 30.4631 30.4631 29.1548 29.1548 29.1548 45.8912 45.8912 45.8912 15.8114
C3 29.0689 38.9487 38.0132 0.0000 54.4518 66.3702 3.6056 50.2494 63.6946 7.2111 67.6757 57.4543 44.9444 27.0000 17.0294 31.3847 44.2719 59.6657 43.8292 61.8466 53.3385 46.3249 32.6497 66.4831 49.6488 41.4367 29.0689 20.2485 31.3050 12.2066 21.1896 31.9531 35.4683 40.5216 59.6657 45.3542 62.3699 62.0081 73.8241 48.1664 65.5134 44.4185 59.6657 52.0865 47.2969 38.8973 37.5366 29.0689 29.0689 29.0689 20.2485 20.2485 20.2485 31.3050 31.3050 31.3050 12.2066 12.2066 12.2066 21.1896 21.1896 21.1896 31.9531 31.9531 31.9531 35.4683 35.4683 35.4683 40.5216 40.5216 40.5216 59.6657 59.6657 59.6657 45.3542 45.3542 45.3542 62.3699 62.3699 62.3699 62.0081 62.0081 62.0081 73.8241 73.8241 73.8241 48.1664 48.1664 48.1664 65.5134 65.5134 65.5134 44.4185 44.4185 44.4185 59.6657 59.6657 59.6657 52.0865 52.0865 52.0865 47.2969 47.2969 47.2969 38.8973 38.8973 38.8973 37.5366 37.5366 37.5366 29.0689
C4 34.1760 35.6090 45.8039 54.4518 0.0000 27.1662 52.1536 31.9061 60.0333 51.6624 65.3682 48.3735 25.9422 27.8927 37.8550 47.4131 13.8924 8.0623 46.6905 17.2627 21.5407 85.2350 44.7772 67.4166 85.4283 51.2250 34.1760 65.7647 82.2982 49.9800 66.7083 30.0000 46.0109 23.4307 21.3776 10.7703 9.2195 31.4006 27.2947 30.8058 52.9245 43.8406 64.8151 68.0147 75.8024 72.4983 83.9524 34.1760 34.1760 34.1760 65.7647 65.7647 65.7647 82.2982 82.2982 82.2982 49.9800 49.9800 49.9800 66.7083 66.7083 66.7083 30.0000 30.0000 30.0000 46.0109 46.0109 46.0109 23.4307 23.4307 23.4307 21.3776 21.3776 21.3776 10.7703 10.7703 10.7703 9.2195 9.2195 9.2195 31.4006 31.4006 31.4006 27.2947 27.2947 27.2947 30.8058 30.8058 30.8058 52.9245 52.9245 52.9245 43.8406 43.8406 43.8406 64.8151 64.8151 64.8151 68.0147 68.0147 68.0147 75.8024 75.8024 75.8024 72.4983 72.4983 72.4983 83.9524 83.9524 83.9524 34.1760
C5 38.0789 31.4006 40.0000 66.3702 27.1662 0.0000 63.1348 20.0000 41.4005 66.4003 46.0977 30.8869 52.2015 45.3431 53.1507 45.2769 25.0000 20.0250 37.3363 10.0000 13.0384 82.1523 42.2966 49.2037 80.6226 43.2897 38.0789 70.0928 87.3212 66.6033 83.7377 52.4786 69.8355 48.4665 48.0104 26.4197 21.3776 8.9443 10.4403 21.0950 31.8277 34.2345 49.2443 56.9210 69.0507 69.0652 85.4751 38.0789 38.0789 38.0789 70.0928 70.0928 70.0928 87.3212 87.3212 87.3212 66.6033 66.6033 66.6033 83.7377 83.7377 83.7377 52.4786 52.4786 52.4786 69.8355 69.8355 69.8355 48.4665 48.4665 48.4665 48.0104 48.0104 48.0104 26.4197 26.4197 26.4197 21.3776 21.3776 21.3776 8.9443 8.9443 8.9443 10.4403 10.4403 10.4403 21.0950 21.0950 21.0950 31.8277 31.8277 31.8277 34.2345 34.2345 34.2345 49.2443 49.2443 49.2443 56.9210 56.9210 56.9210 69.0507 69.0507 69.0507 69.0652 69.0652 69.0652 85.4751 85.4751 85.4751 38.0789
C6 25.6125 35.3836 34.4384 3.6056 52.1536 63.1348 0.0000 46.7547 60.1664 9.2195 64.1950 53.8516 44.2832 25.1794 15.5242 27.8568 41.4849 57.0701 40.2492 58.8727 50.1199 45.0000 29.0689 63.0635 48.0208 37.9473 25.6125 19.1050 31.9531 13.9284 24.6982 31.3050 36.6197 39.5601 58.5235 42.7551 59.8415 58.6003 70.7743 44.6878 61.9112 40.8167 56.2939 49.0102 44.9222 36.7696 37.2022 25.6125 25.6125 25.6125 19.1050 19.1050 19.1050 31.9531 31.9531 31.9531 13.9284 13.9284 13.9284 24.6982 24.6982 24.6982 31.3050 31.3050 31.3050 36.6197 36.6197 36.6197 39.5601 39.5601 39.5601 58.5235 58.5235 58.5235 42.7551 42.7551 42.7551 59.8415 59.8415 59.8415 58.6003 58.6003 58.6003 70.7743 70.7743 70.7743 44.6878 44.6878 44.6878 61.9112 61.9112 61.9112 40.8167 40.8167 40.8167 56.2939 56.2939 56.2939 49.0102 49.0102 49.0102 44.9222 44.9222 44.9222 36.7696 36.7696 36.7696 37.2022 37.2022 37.2022 25.6125
C7 21.2132 12.0830 20.0000 50.2494 31.9061 20.0000 46.7547 0.0000 28.1780 51.8556 33.5410 16.5529 50.2494 35.4401 40.3113 25.4951 20.6155 29.0000 17.7200 22.3607 11.4018 62.2013 22.5610 35.5106 60.8276 23.5372 21.2132 50.9215 68.0074 53.2541 69.6563 45.5412 62.5859 45.0444 52.3927 24.0416 31.8904 12.6491 30.1496 2.2361 22.2036 14.5602 33.2415 38.4708 49.4773 49.0918 65.6201 21.2132 21.2132 21.2132 50.9215 50.9215 50.9215 68.0074 68.0074 68.0074 53.2541 53.2541 53.2541 69.6563 69.6563 69.6563 45.5412 45.5412 45.5412 62.5859 62.5859 62.5859 45.0444 45.0444 45.0444 52.3927 52.3927 52.3927 24.0416 24.0416 24.0416 31.8904 31.8904 31.8904 12.6491 12.6491 12.6491 30.1496 30.1496 30.1496 2.2361 2.2361 2.2361 22.2036 22.2036 22.2036 14.5602 14.5602 14.5602 33.2415 33.2415 33.2415 38.4708 38.4708 38.4708 49.4773 49.4773 49.4773 49.0918 49.0918 49.0918 65.6201 65.6201 65.6201 21.2132
C8 40.0500 30.0666 25.9615 63.6946 60.0333 41.4005 60.1664 28.1780 0.0000 68.0074 5.3852 11.6619 77.1298 59.0762 60.4070 32.3110 48.4665 56.4004 20.3961 48.1041 38.8330 52.9245 31.3209 7.8102 49.3356 22.3607 40.0500 54.6717 68.7677 71.0634 84.8646 70.2567 86.0058 71.5891 80.5295 52.0000 59.0339 32.6497 51.3128 29.5466 10.4403 21.0238 10.0499 22.1359 37.3363 42.1900 62.1289 40.0500 40.0500 40.0500 54.6717 54.6717 54.6717 68.7677 68.7677 68.7677 71.0634 71.0634 71.0634 84.8646 84.8646 84.8646 70.2567 70.2567 70.2567 86.0058 86.0058 86.0058 71.5891 71.5891 71.5891 80.5295 80.5295 80.5295 52.0000 52.0000 52.0000 59.0339 59.0339 59.0339 32.6497 32.6497 32.6497 51.3128 51.3128 51.3128 29.5466 29.5466 29.5466 10.4403 10.4403 10.4403 21.0238 21.0238 21.0238 10.0499 10.0499 10.0499 22.1359 22.1359 22.1359 37.3363 37.3363 37.3363 42.1900 42.1900 42.1900 62.1289 62.1289 62.1289 40.0500
C9 30.8058 41.3401 42.0595 7.2111 51.6624 66.4003 9.2195 51.8556 68.0074 0.0000 72.2772 60.8358 39.2938 23.7697 13.9284 35.9026 42.9418 57.5847 47.7598 60.9016 53.4135 53.5350 36.6879 71.3863 56.8243 46.0977 30.8058 27.4591 37.7359 5.0000 17.8045 26.4764 28.3196 35.3553 54.5894 43.4626 60.0833 62.9365 73.0616 49.6790 68.8767 47.9270 64.7765 58.0086 54.1202 45.8803 44.5533 30.8058 30.8058 30.8058 27.4591 27.4591 27.4591 37.7359 37.7359 37.7359 5.0000 5.0000 5.0000 17.8045 17.8045 17.8045 26.4764 26.4764 26.4764 28.3196 28.3196 28.3196 35.3553 35.3553 35.3553 54.5894 54.5894 54.5894 43.4626 43.4626 43.4626 60.0833 60.0833 60.0833 62.9365 62.9365 62.9365 73.0616 73.0616 73.0616 49.6790 49.6790 49.6790 68.8767 68.8767 68.8767 47.9270 47.9270 47.9270 64.7765 64.7765 64.7765 58.0086 58.0086 58.0086 54.1202 54.1202 54.1202 45.8803 45.8803 45.8803 44.5533 44.5533 44.5533 30.8058
C10 45.0000 35.2278 30.4138 67.6757 65.3682 46.0977 64.1950 33.5410 5.3852 72.2772 0.0000 17.0000 82.4621 64.1950 65.1920 36.4005 53.8516 61.6117 25.0799 53.1507 44.1022 53.2353 35.6931 4.0000 49.2443 26.2488 45.0000 57.4282 70.7107 75.5050 88.8651 75.4255 91.0055 76.9025 85.9069 57.3847 64.2028 37.4833 55.8032 34.9285 14.4222 26.0192 10.0000 22.4722 37.5899 43.4166 63.4114 45.0000 45.0000 45.0000 57.4282 57.4282 57.4282 70.7107 70.7107 70.7107 75.5050 75.5050 75.5050 88.8651 88.8651 88.8651 75.4255 75.4255 75.4255 91.0055 91.0055 91.0055 76.9025 76.9025 76.9025 85.9069 85.9069 85.9069 57.3847 57.3847 57.3847 64.2028 64.2028 64.2028 37.4833 37.4833 37.4833 55.8032 55.8032 55.8032 34.9285 34.9285 34.9285 14.4222 14.4222 14.4222 26.0192 26.0192 26.0192 10.0000 10.0000 10.0000 22.4722 22.4722 22.4722 37.5899 37.5899 37.5899 43.4166 43.4166 43.4166 63.4114 63.4114 63.4114 45.0000
C11 31.0483 20.3961 19.8494 57.4543 48.3735 30.8869 53.8516 16.5529 11.6619 60.8358 17.0000 0.0000 66.0984 49.0918 51.6624 26.9072 37.0000 44.8219 14.1421 36.7967 27.2029 55.9017 25.0000 19.2094 53.2353 18.8680 31.0483 52.0096 67.7422 63.3246 78.2943 60.0000 76.3217 60.6712 68.9420 40.4969 47.5079 21.9545 41.1461 18.0278 8.0623 13.0384 18.3576 27.1662 41.1096 43.6807 62.7694 31.0483 31.0483 31.0483 52.0096 52.0096 52.0096 67.7422 67.7422 67.7422 63.3246 63.3246 63.3246 78.2943 78.2943 78.2943 60.0000 60.0000 60.0000 76.3217 76.3217 76.3217 60.6712 60.6712 60.6712 68.9420 68.9420 68.9420 40.4969 40.4969 40.4969 47.5079 47.5079 47.5079 21.9545 21.9545 21.9545 41.1461 41.1461 41.1461 18.0278 18.0278 18.0278 8.0623 8.0623 8.0623 13.0384 13.0384 13.0384 18.3576 18.3576 18.3576 27.1662 27.1662 27.1662 41.1096 41.1096 41.1096 43.6807 43.6807 43.6807 62.7694 62.7694 62.7694 31.0483
C12 40.3113 47.7598 55.9017 44.9444 25.9422 52.2015 44.2832 50.2494 77.1298 39.2938 82.4621 66.0984 0.0000 21.9317 29.1548 54.0833 30.0000 34.0000 59.2368 42.7200 43.1856 86.6833 52.4786 83.5225 88.4590 61.7171 40.3113 62.4340 76.1577 35.5106 49.1630 13.0000 21.9545 5.8310 16.1245 27.0740 34.6699 54.4518 53.2353 48.3735 72.4431 57.2451 79.1202 78.3901 81.5659 75.6637 81.1234 40.3113 40.3113 40.3113 62.4340 62.4340 62.4340 76.1577 76.1577 76.1577 35.5106 35.5106 35.5106 49.1630 49.1630 49.1630 13.0000 13.0000 13.0000 21.9545 21.9545 21.9545 5.8310 5.8310 5.8310 16.1245 16.1245 16.1245 27.0740 27.0740 27.0740 34.6699 34.6699 34.6699 54.4518 54.4518 54.4518 53.2353 53.2353 53.2353 48.3735 48.3735 48.3735 72.4431 72.4431 72.4431 57.2451 57.2451 57.2451 79.1202 79.1202 79.1202 78.3901 78.3901 78.3901 81.5659 81.5659 81.5659 75.6637 75.6637 75.6637 81.1234 81.1234 81.1234 40.3113
C13 19.6469 29.0172 35.4401 27.0000 27.8927 45.3431 25.1794 35.4401 59.0762 23.7697 64.1950 49.0918 21.9317 0.0000 10.0499 32.6497 20.5183 34.0147 39.6232 38.4187 33.0151 65.0000 31.3847 64.6297 66.6033 41.1096 19.6469 41.6293 56.7539 22.3607 39.4462 11.4018 27.2947 16.2788 34.0147 20.2485 36.4005 43.9090 50.6063 33.2415 56.4358 38.2099 59.4390 57.2713 59.6657 53.7587 60.4152 19.6469 19.6469 19.6469 41.6293 41.6293 41.6293 56.7539 56.7539 56.7539 22.3607 22.3607 22.3607 39.4462 39.4462 39.4462 11.4018 11.4018 11.4018 27.2947 27.2947 27.2947 16.2788 16.2788 16.2788 34.0147 34.0147 34.0147 20.2485 20.2485 20.2485 36.4005 36.4005 36.4005 43.9090 43.9090 43.9090 50.6063 50.6063 50.6063 33.2415 33.2415 33.2415 56.4358 56.4358 56.4358 38.2099 38.2099 38.2099 59.4390 59.4390 59.4390 57.2713 57.2713 57.2713 59.6657 59.6657 59.6657 53.7587 53.7587 53.7587 60.4152 60.4152 60.4152 19.6469
C14 20.6155 31.3209 35.0000 17.0294 37.8550 53.1507 15.5242 40.3113 60.4070 13.9284 65.1920 51.6624 29.1548 10.0499 0.0000 30.4138 29.1548 43.6578 40.1123 47.1699 40.3113 58.0000 30.0666 65.0077 60.2080 40.1123 20.6155 33.2866 47.4342 13.4536 30.6105 16.4012 26.6833 24.1661 43.0116 29.5466 46.1736 50.4480 59.3633 38.0789 59.4811 39.4588 59.0762 54.8179 54.7083 47.8017 51.9711 20.6155 20.6155 20.6155 33.2866 33.2866 33.2866 47.4342 47.4342 47.4342 13.4536 13.4536 13.4536 30.6105 30.6105 30.6105 16.4012 16.4012 16.4012 26.6833 26.6833 26.6833 24.1661 24.1661 24.1661 43.0116 43.0116 43.0116 29.5466 29.5466 29.5466 46.1736 46.1736 46.1736 50.4480 50.4480 50.4480 59.3633 59.3633 59.3633 38.0789 38.0789 38.0789 59.4811 59.4811 59.4811 39.4588 39.4588 39.4588 59.0762 59.0762 59.0762 54.8179 54.8179 54.8179 54.7083 54.7083 54.7083 47.8017 47.8017 47.8017 51.9711 51.9711 51.9711 20.6155
C15 14.1421 14.0000 7.0711 31.3847 47.4131 45.2769 27.8568 25.4951 32.3110 35.9026 36.4005 26.9072 54.0833 32.6497 30.4138 0.0000 33.5410 48.3839 12.8062 45.2769 34.0588 38.3275 3.0000 35.5106 38.0789 10.1980 14.1421 25.9422 42.7200 39.3192 52.5547 43.8634 57.0701 48.2597 62.9682 36.7151 51.5461 38.0789 55.0364 24.1868 34.8281 14.2127 29.0689 24.6982 28.6007 25.2982 40.1995 14.1421 14.1421 14.1421 25.9422 25.9422 25.9422 42.7200 42.7200 42.7200 39.3192 39.3192 39.3192 52.5547 52.5547 52.5547 43.8634 43.8634 43.8634 57.0701 57.0701 57.0701 48.2597 48.2597 48.2597 62.9682 62.9682 62.9682 36.7151 36.7151 36.7151 51.5461 51.5461 51.5461 38.0789 38.0789 38.0789 55.0364 55.0364 55.0364 24.1868 24.1868 24.1868 34.8281 34.8281 34.8281 14.2127 14.2127 14.2127 29.0689 29.0689 29.0689 24.6982 24.6982 24.6982 28.6007 28.6007 28.6007 25.2982 25.2982 25.2982 40.1995 40.1995 40.1995 14.1421
C16 20.6155 21.9317 32.0156 44.2719 13.8924 25.0000 41.4849 20.6155 48.4665 42.9418 53.8516 37.0000 30.0000 20.5183 29.1548 33.5410 0.0000 16.0000 33.3017 18.0278 13.6015 71.5122 30.8869 55.4617 71.5891 37.5366 20.6155 53.0848 70.0000 42.4382 59.6406 27.7308 45.1885 25.1794 32.2490 3.6056 19.0263 25.0000 30.2324 18.9737 42.7551 30.6105 52.1536 54.4518 61.9112 58.6941 70.8590 20.6155 20.6155 20.6155 53.0848 53.0848 53.0848 70.0000 70.0000 70.0000 42.4382 42.4382 42.4382 59.6406 59.6406 59.6406 27.7308 27.7308 27.7308 45.1885 45.1885 45.1885 25.1794 25.1794 25.1794 32.2490 32.2490 32.2490 3.6056 3.6056 3.6056 19.0263 19.0263 19.0263 25.0000 25.0000 25.0000 30.2324 30.2324 30.2324 18.9737 18.9737 18.9737 42.7551 42.7551 42.7551 30.6105 30.6105 30.6105 52.1536 52.1536 52.1536 54.4518 54.4518 54.4518 61.9112 61.9112 61.9112 58.6941 58.6941 58.6941 70.8590 70.8590 70.8590 20.6155
C17 36.3456 35.3412 45.6180 59.6657 8.0623 20.0250 57.0701 29.0000 56.4004 57.5847 61.6117 44.8219 34.0000 34.0147 43.6578 48.3839 16.0000 0.0000 45.4863 10.0499 17.6918 86.6833 45.5412 64.0312 86.3771 50.6063 36.3456 69.0652 86.0000 56.3649 73.3553 37.5366 53.9073 31.4006 28.0000 14.3178 3.1623 25.6320 19.2354 28.4253 48.3735 42.4382 62.2254 66.8506 76.0592 73.6817 86.7006 36.3456 36.3456 36.3456 69.0652 69.0652 69.0652 86.0000 86.0000 86.0000 56.3649 56.3649 56.3649 73.3553 73.3553 73.3553 37.5366 37.5366 37.5366 53.9073 53.9073 53.9073 31.4006 31.4006 31.4006 28.0000 28.0000 28.0000 14.3178 14.3178 14.3178 3.1623 3.1623 3.1623 25.6320 25.6320 25.6320 19.2354 19.2354 19.2354 28.4253 28.4253 28.4253 48.3735 48.3735 48.3735 42.4382 42.4382 42.4382 62.2254 62.2254 62.2254 66.8506 66.8506 66.8506 76.0592 76.0592 76.0592 73.6817 73.6817 73.6817 86.7006 86.7006 86.7006 36.3456
C18 20.0998 11.6619 5.8310 43.8292 46.6905 37.3363 40.2492 17.7200 20.3961 47.7598 25.0799 14.1421 59.2368 39.6232 40.1123 12.8062 33.3017 45.4863 0.0000 39.9249 28.6356 45.0000 11.1803 25.0799 43.2897 6.0000 20.0998 38.0132 54.1202 50.6952 64.8845 50.9902 66.0681 53.4883 65.2150 36.8782 48.5489 29.0172 47.6760 17.4642 22.0227 3.1623 19.9249 21.4009 31.7805 32.0624 50.0000 20.0998 20.0998 20.0998 38.0132 38.0132 38.0132 54.1202 54.1202 54.1202 50.6952 50.6952 50.6952 64.8845 64.8845 64.8845 50.9902 50.9902 50.9902 66.0681 66.0681 66.0681 53.4883 53.4883 53.4883 65.2150 65.2150 65.2150 36.8782 36.8782 36.8782 48.5489 48.5489 48.5489 29.0172 29.0172 29.0172 47.6760 47.6760 47.6760 17.4642 17.4642 17.4642 22.0227 22.0227 22.0227 3.1623 3.1623 3.1623 19.9249 19.9249 19.9249 21.4009 21.4009 21.4009 31.7805 31.7805 31.7805 32.0624 32.0624 32.0624 50.0000 50.0000 50.0000 20.0998
C19 35.3553 31.4006 41.2311 61.8466 17.2627 10.0000 58.8727 22.3607 48.1041 60.9016 53.1507 36.7967 42.7200 38.4187 47.1699 45.2769 18.0278 10.0499 39.9249 0.0000 11.4018 83.3607 42.2966 55.8659 82.4621 45.5412 35.3553 68.3593 85.5862 60.4649 77.6660 44.2041 61.2944 39.3573 38.0132 18.3848 11.7047 16.1245 12.2066 22.4722 39.4081 36.7696 54.8179 60.8276 71.4703 70.2140 85.0059 35.3553 35.3553 35.3553 68.3593 68.3593 68.3593 85.5862 85.5862 85.5862 60.4649 60.4649 60.4649 77.6660 77.6660 77.6660 44.2041 44.2041 44.2041 61.2944 61.2944 61.2944 39.3573 39.3573 39.3573 38.0132 38.0132 38.0132 18.3848 18.3848 18.3848 11.7047 11.7047 11.7047 16.1245 16.1245 16.1245 12.2066 12.2066 12.2066 22.4722 22.4722 22.4722 39.4081 39.4081 39.4081 36.7696 36.7696 36.7696 54.8179 54.8179 54.8179 60.8276 60.8276 60.8276 71.4703 71.4703 71.4703 70.2140 70.2140 70.2140 85.0059 85.0059 85.0059 35.3553
C20 25.2982 20.0998 29.8329 53.3385 21.5407 13.0384 50.1199 11.4018 38.8330 53.4135 44.1022 27.2029 43.1856 33.0151 40.3113 34.0588 13.6015 17.6918 28.6356 11.4018 0.0000 72.0069 31.0644 46.4004 71.0634 34.1760 25.2982 57.8705 75.1332 53.7587 70.8378 41.2311 58.6941 38.6394 42.7200 16.1245 20.5183 11.4018 21.3776 11.1803 31.3847 25.4951 44.5533 49.7393 60.0833 58.8558 74.0270 25.2982 25.2982 25.2982 57.8705 57.8705 57.8705 75.1332 75.1332 75.1332 53.7587 53.7587 53.7587 70.8378 70.8378 70.8378 41.2311 41.2311 41.2311 58.6941 58.6941 58.6941 38.6394 38.6394 38.6394 42.7200 42.7200 42.7200 16.1245 16.1245 16.1245 20.5183 20.5183 20.5183 11.4018 11.4018 11.4018 21.3776 21.3776 21.3776 11.1803 11.1803 11.1803 31.3847 31.3847 31.3847 25.4951 25.4951 25.4951 44.5533 44.5533 44.5533 49.7393 49.7393 49.7393 60.0833 60.0833 60.0833 58.8558 58.8558 58.8558 74.0270 74.0270 74.0270 25.2982
C21 51.0784 51.9711 42.2966 46.3249 85.2350 82.1523 45.0000 62.2013 52.9245 53.5350 53.2353 55.9017 86.6833 65.0000 58.0000 38.3275 71.5122 86.6833 45.0000 83.3607 72.0069 0.0000 41.2311 49.7393 5.3852 39.0000 51.0784 26.0768 25.1794 58.5235 61.6847 74.3303 81.6088 81.2158 98.4784 74.4648 89.8443 74.0068 92.3472 61.4003 61.4003 48.0104 43.3820 30.8707 15.6525 13.1529 14.3178 51.0784 51.0784 51.0784 26.0768 26.0768 26.0768 25.1794 25.1794 25.1794 58.5235 58.5235 58.5235 61.6847 61.6847 61.6847 74.3303 74.3303 74.3303 81.6088 81.6088 81.6088 81.2158 81.2158 81.2158 98.4784 98.4784 98.4784 74.4648 74.4648 74.4648 89.8443 89.8443 89.8443 74.0068 74.0068 74.0068 92.3472 92.3472 92.3472 61.4003 61.4003 61.4003 61.4003 61.4003 61.4003 48.0104 48.0104 48.0104 43.3820 43.3820 43.3820 30.8707 30.8707 30.8707 15.6525 15.6525 15.6525 13.1529 13.1529 13.1529 14.3178 14.3178 14.3178 51.0784
C22 12.2066 11.0000 5.3852 32.6497 44.7772 42.2966 29.0689 22.5610 31.3209 36.6879 35.6931 25.0000 52.4786 31.3847 30.0666 3.0000 30.8869 45.5412 11.1803 42.2966 31.0644 41.2311 0.0000 35.1283 40.8534 10.0499 12.2066 28.6356 45.5412 39.8121 53.7122 42.7200 56.5685 46.6476 60.8112 34.1321 48.7032 35.1710 52.0384 21.2132 33.0151 12.0416 29.0172 25.9422 31.0644 28.1603 43.1856 12.2066 12.2066 12.2066 28.6356 28.6356 28.6356 45.5412 45.5412 45.5412 39.8121 39.8121 39.8121 53.7122 53.7122 53.7122 42.7200 42.7200 42.7200 56.5685 56.5685 56.5685 46.6476 46.6476 46.6476 60.8112 60.8112 60.8112 34.1321 34.1321 34.1321 48.7032 48.7032 48.7032 35.1710 35.1710 35.1710 52.0384 52.0384 52.0384 21.2132 21.2132 21.2132 33.0151 33.0151 33.0151 12.0416 12.0416 12.0416 29.0172 29.0172 29.0172 25.9422 25.9422 25.9422 31.0644 31.0644 31.0644 28.1603 28.1603 28.1603 43.1856 43.1856 43.1856 12.2066
C23 45.1774 35.9026 30.0167 66.4831 67.4166 49.2037 63.0635 35.5106 7.8102 71.3863 4.0000 19.2094 83.5225 64.6297 65.0077 35.5106 55.4617 64.0312 25.0799 55.8659 46.4004 49.7393 35.1283 0.0000 45.6180 25.3180 45.1774 55.2268 67.9412 74.8131 87.6413 75.9539 91.1373 77.8845 87.6584 59.0339 66.7083 40.4599 59.0762 36.7151 17.8885 26.4764 7.2111 19.2094 34.1321 40.3609 60.3075 45.1774 45.1774 45.1774 55.2268 55.2268 55.2268 67.9412 67.9412 67.9412 74.8131 74.8131 74.8131 87.6413 87.6413 87.6413 75.9539 75.9539 75.9539 91.1373 91.1373 91.1373 77.8845 77.8845 77.8845 87.6584 87.6584 87.6584 59.0339 59.0339 59.0339 66.7083 66.7083 66.7083 40.4599 40.4599 40.4599 59.0762 59.0762 59.0762 36.7151 36.7151 36.7151 17.8885 17.8885 17.8885 26.4764 26.4764 26.4764 7.2111 7.2111 7.2111 19.2094 19.2094 19.2094 34.1321 34.1321 34.1321 40.3609 40.3609 40.3609 60.3075 60.3075 60.3075 45.1774
C24 51.4782 51.2445 41.2311 49.6488 85.4283 80.6226 48.0208 60.8276 49.3356 56.8243 49.2443 53.2353 88.4590 66.6033 60.2080 38.0789 71.5891 86.3771 43.2897 82.4621 71.0634 5.3852 40.8534 45.6180 0.0000 37.3363 51.4782 29.5466 30.4138 61.7738 65.9697 76.3806 84.5991 82.8794 99.6243 74.6860 89.5377 72.2496 90.9340 60.2080 58.2495 46.3897 39.5601 27.2029 12.1655 13.0384 19.6469 51.4782 51.4782 51.4782 29.5466 29.5466 29.5466 30.4138 30.4138 30.4138 61.7738 61.7738 61.7738 65.9697 65.9697 65.9697 76.3806 76.3806 76.3806 84.5991 84.5991 84.5991 82.8794 82.8794 82.8794 99.6243 99.6243 99.6243 74.6860 74.6860 74.6860 89.5377 89.5377 89.5377 72.2496 72.2496 72.2496 90.9340 90.9340 90.9340 60.2080 60.2080 60.2080 58.2495 58.2495 58.2495 46.3897 46.3897 46.3897 39.5601 39.5601 39.5601 27.2029 27.2029 27.2029 12.1655 12.1655 12.1655 13.0384 13.0384 13.0384 19.6469 19.6469 19.6469 51.4782
C25 21.5407 15.6205 5.8310 41.4367 51.2250 43.2897 37.9473 23.5372 22.3607 46.0977 26.2488 18.8680 61.7171 41.1096 40.1123 10.1980 37.5366 50.6063 6.0000 45.5412 34.1760 39.0000 10.0499 25.3180 37.3363 0.0000 21.5407 33.3017 48.8774 49.4975 62.6259 52.4976 66.6108 55.9017 68.8840 41.0366 53.7122 35.0143 53.6004 23.0868 26.2488 9.0554 19.0000 17.0294 25.9615 26.0768 44.2719 21.5407 21.5407 21.5407 33.3017 33.3017 33.3017 48.8774 48.8774 48.8774 49.4975 49.4975 49.4975 62.6259 62.6259 62.6259 52.4976 52.4976 52.4976 66.6108 66.6108 66.6108 55.9017 55.9017 55.9017 68.8840 68.8840 68.8840 41.0366 41.0366 41.0366 53.7122 53.7122 53.7122 35.0143 35.0143 35.0143 53.6004 53.6004 53.6004 23.0868 23.0868 23.0868 26.2488 26.2488 26.2488 9.0554 9.0554 9.0554 19.0000 19.0000 19.0000 17.0294 17.0294 17.0294 25.9615 25.9615 25.9615 26.0768 26.0768 26.0768 44.2719 44.2719 44.2719 21.5407
F26 0.0000 10.7703 15.8114 29.0689 34.1760 38.0789 25.6125 21.2132 40.0500 30.8058 45.0000 31.0483 40.3113 19.6469 20.6155 14.1421 20.6155 36.3456 20.0998 35.3553 25.2982 51.0784 12.2066 45.1774 51.4782 21.5407 0.0000 33.0606 50.2494 32.6497 48.6004 31.0483 46.0109 34.4819 48.8365 23.4094 39.4588 33.0151 46.5725 19.1050 38.8973 19.0263 39.8121 38.0789 42.6380 38.4708 50.3587 0.0000 0.0000 0.0000 33.0606 33.0606 33.0606 50.2494 50.2494 50.2494 32.6497 32.6497 32.6497 48.6004 48.6004 48.6004 31.0483 31.0483 31.0483 46.0109 46.0109 46.0109 34.4819 34.4819 34.4819 48.8365 48.8365 48.8365 23.4094 23.4094 23.4094 39.4588 39.4588 39.4588 33.0151 33.0151 33.0151 46.5725 46.5725 46.5725 19.1050 19.1050 19.1050 38.8973 38.8973 38.8973 19.0263 19.0263 19.0263 39.8121 39.8121 39.8121 38.0789 38.0789 38.0789 42.6380 42.6380 42.6380 38.4708 38.4708 38.4708 50.3587 50.3587 50.3587 0.0000
F27 33.0606 38.8973 32.7567 20.2485 65.7647 70.0928 19.1050 50.9215 54.6717 27.4591 57.4282 52.0096 62.4340 41.6293 33.2866 25.9422 53.0848 69.0652 38.0132 68.3593 57.8705 26.0768 28.6356 55.2268 29.5466 33.3017 33.0606 0.0000 17.2627 32.4500 37.2156 49.6488 55.6058 57.3062 75.6439 55.3263 72.1110 63.5689 79.2465 49.3356 59.5483 39.9625 48.0208 37.6962 29.0000 20.0250 18.7883 33.0606 33.0606 33.0606 0.0000 0.0000 0.0000 17.2627 17.2627 17.2627 32.4500 32.4500 32.4500 37.2156 37.2156 37.2156 49.6488 49.6488 49.6488 55.6058 55.6058 55.6058 57.3062 57.3062 57.3062 75.6439 75.6439 75.6439 55.3263 55.3263 55.3263 72.1110 72.1110 72.1110 63.5689 63.5689 63.5689 79.2465 79.2465 79.2465 49.3356 49.3356 49.3356 59.5483 59.5483 59.5483 39.9625 39.9625 39.9625 48.0208 48.0208 48.0208 37.6962 37.6962 37.6962 29.0000 29.0000 29.0000 20.0250 20.0250 20.0250 18.7883 18.7883 18.7883 33.0606
F28 50.2494 56.0446 49.2443 31.3050 82.2982 87.3212 31.9531 68.0074 68.7677 37.7359 70.7107 67.7422 76.1577 56.7539 47.4342 42.7200 70.0000 86.0000 54.1202 85.5862 75.1332 25.1794 45.5412 67.9412 30.4138 48.8774 50.2494 17.2627 0.0000 42.4382 39.9625 63.1585 65.4370 71.5122 90.4434 72.0625 89.0056 80.6536 96.5091 66.4831 74.8866 56.3649 60.8276 49.0408 36.2353 28.0179 11.0000 50.2494 50.2494 50.2494 17.2627 17.2627 17.2627 0.0000 0.0000 0.0000 42.4382 42.4382 42.4382 39.9625 39.9625 39.9625 63.1585 63.1585 63.1585 65.4370 65.4370 65.4370 71.5122 71.5122 71.5122 90.4434 90.4434 90.4434 72.0625 72.0625 72.0625 89.0056 89.0056 89.0056 80.6536 80.6536 80.6536 96.5091 96.5091 96.5091 66.4831 66.4831 66.4831 74.8866 74.8866 74.8866 56.3649 56.3649 56.3649 60.8276 60.8276 60.8276 49.0408 49.0408 49.0408 36.2353 36.2353 36.2353 28.0179 28.0179 28.0179 11.0000 11.0000 11.0000 50.2494
F29 32.6497 43.3820 45.1221 12.2066 49.9800 66.6033 13.9284 53.2541 71.0634 5.0000 75.5050 63.3246 35.5106 22.3607 13.4536 39.3192 42.4382 56.3649 50.6952 60.4649 53.7587 58.5235 39.8121 74.8131 61.7738 49.4975 32.6497 32.4500 42.4382 0.0000 17.2047 23.0217 23.3452 32.0156 51.1566 42.5441 58.6941 63.7809 72.6705 51.0392 71.3092 50.5964 68.3593 62.1289 58.8218 50.6952 49.4975 32.6497 32.6497 32.6497 32.4500 32.4500 32.4500 42.4382 42.4382 42.4382 0.0000 0.0000 0.0000 17.2047 17.2047 17.2047 23.0217 23.0217 23.0217 23.3452 23.3452 23.3452 32.0156 32.0156 32.0156 51.1566 51.1566 51.1566 42.5441 42.5441 42.5441 58.6941 58.6941 58.6941 63.7809 63.7809 63.7809 72.6705 72.6705 72.6705 51.0392 51.0392 51.0392 71.3092 71.3092 71.3092 50.5964 50.5964 50.5964 68.3593 68.3593 68.3593 62.1289 62.1289 62.1289 58.8218 58.8218 58.8218 50.6952 50.6952 50.6952 49.4975 49.4975 49.4975 32.6497
F30 48.6004 59.0762 59.0931 21.1896 66.7083 83.7377 24.6982 69.6563 84.8646 17.8045 88.8651 78.2943 49.1630 39.4462 30.6105 52.5547 59.6406 73.3553 64.8845 77.6660 70.8378 61.6847 53.7122 87.6413 65.9697 62.6259 48.6004 37.2156 39.9625 17.2047 0.0000 38.0789 30.8058 46.8722 65.2763 59.6825 75.5844 80.6226 89.8721 67.4759 86.3539 65.2993 80.7775 72.6911 66.1211 57.2189 49.6588 48.6004 48.6004 48.6004 37.2156 37.2156 37.2156 39.9625 39.9625 39.9625 17.2047 17.2047 17.2047 0.0000 0.0000 0.0000 38.0789 38.0789 38.0789 30.8058 30.8058 30.8058 46.8722 46.8722 46.8722 65.2763 65.2763 65.2763 59.6825 59.6825 59.6825 75.5844 75.5844 75.5844 80.6226 80.6226 80.6226 89.8721 89.8721 89.8721 67.4759 67.4759 67.4759 86.3539 86.3539 86.3539 65.2993 65.2993 65.2993 80.7775 80.7775 80.7775 72.6911 72.6911 72.6911 66.1211 66.1211 66.1211 57.2189 57.2189 57.2189 49.6588 49.6588 49.6588 48.6004
F31 31.0483 40.1995 46.8402 31.9531 30.0000 52.4786 31.3050 45.5412 70.2567 26.4764 75.4255 60.0000 13.0000 11.4018 16.4012 43.8634 27.7308 37.5366 50.9902 44.2041 41.2311 74.3303 42.7200 75.9539 76.3806 52.4976 31.0483 49.6488 63.1585 23.0217 38.0789 0.0000 17.4642 9.0000 28.1603 26.0768 39.2046 52.5547 55.9732 43.4166 67.1193 49.4975 70.8308 68.5420 70.2140 63.7809 68.2642 31.0483 31.0483 31.0483 49.6488 49.6488 49.6488 63.1585 63.1585 63.1585 23.0217 23.0217 23.0217 38.0789 38.0789 38.0789 0.0000 0.0000 0.0000 17.4642 17.4642 17.4642 9.0000 9.0000 9.0000 28.1603 28.1603 28.1603 26.0768 26.0768 26.0768 39.2046 39.2046 39.2046 52.5547 52.5547 52.5547 55.9732 55.9732 55.9732 43.4166 43.4166 43.4166 67.1193 67.1193 67.1193 49.4975 49.4975 49.4975 70.8308 70.8308 70.8308 68.5420 68.5420 68.5420 70.2140 70.2140 70.2140 63.7809 63.7809 63.7809 68.2642 68.2642 68.2642 31.0483
F32 46.0109 56.0803 61.2944 35.4683 46.0109 69.8355 36.6197 62.5859 86.0058 28.3196 91.0055 76.3217 21.9545 27.2947 26.6833 57.0701 45.1885 53.9073 66.0681 61.2944 58.6941 81.6088 56.5685 91.1373 84.5991 66.6108 46.0109 55.6058 65.4370 23.3452 30.8058 17.4642 0.0000 22.6274 37.3363 43.4166 55.1725 70.0071 72.8011 60.4152 83.7257 65.0000 85.4751 81.4923 80.5295 72.9452 72.8354 46.0109 46.0109 46.0109 55.6058 55.6058 55.6058 65.4370 65.4370 65.4370 23.3452 23.3452 23.3452 30.8058 30.8058 30.8058 17.4642 17.4642 17.4642 0.0000 0.0000 0.0000 22.6274 22.6274 22.6274 37.3363 37.3363 37.3363 43.4166 43.4166 43.4166 55.1725 55.1725 55.1725 70.0071 70.0071 70.0071 72.8011 72.8011 72.8011 60.4152 60.4152 60.4152 83.7257 83.7257 83.7257 65.0000 65.0000 65.0000 85.4751 85.4751 85.4751 81.4923 81.4923 81.4923 80.5295 80.5295 80.5295 72.9452 72.9452 72.9452 72.8354 72.8354 72.8354 46.0109
F33 34.4819 42.0595 50.0899 40.5216 23.4307 48.4665 39.5601 45.0444 71.5891 35.3553 76.9025 60.6712 5.8310 16.2788 24.1661 48.2597 25.1794 31.4006 53.4883 39.3573 38.6394 81.2158 46.6476 77.8845 82.8794 55.9017 34.4819 57.3062 71.5122 32.0156 46.8722 9.0000 22.6274 0.0000 19.2354 22.5610 32.5576 50.0100 50.4777 43.1045 67.1863 51.5461 73.3894 72.5603 75.8222 70.0357 76.0592 34.4819 34.4819 34.4819 57.3062 57.3062 57.3062 71.5122 71.5122 71.5122 32.0156 32.0156 32.0156 46.8722 46.8722 46.8722 9.0000 9.0000 9.0000 22.6274 22.6274 22.6274 0.0000 0.0000 0.0000 19.2354 19.2354 19.2354 22.5610 22.5610 22.5610 32.5576 32.5576 32.5576 50.0100 50.0100 50.0100 50.4777 50.4777 50.4777 43.1045 43.1045 43.1045 67.1863 67.1863 67.1863 51.5461 51.5461 51.5461 73.3894 73.3894 73.3894 72.5603 72.5603 72.5603 75.8222 75.8222 75.8222 70.0357 70.0357 70.0357 76.0592 76.0592 76.0592 34.4819
F34 48.8365 53.6004 63.1269 59.6657 21.3776 48.0104 58.5235 52.3927 80.5295 54.5894 85.9069 68.9420 16.1245 34.0147 43.0116 62.9682 32.2490 28.0000 65.2150 38.0132 42.7200 98.4784 60.8112 87.6584 99.6243 68.8840 48.8365 75.6439 90.4434 51.1566 65.2763 28.1603 37.3363 19.2354 0.0000 28.6531 27.1662 52.7731 45.8912 50.9902 74.0000 62.6817 84.3801 85.9127 91.4385 86.6083 94.4299 48.8365 48.8365 48.8365 75.6439 75.6439 75.6439 90.4434 90.4434 90.4434 51.1566 51.1566 51.1566 65.2763 65.2763 65.2763 28.1603 28.1603 28.1603 37.3363 37.3363 37.3363 19.2354 19.2354 19.2354 0.0000 0.0000 0.0000 28.6531 28.6531 28.6531 27.1662 27.1662 27.1662 52.7731 52.7731 52.7731 45.8912 45.8912 45.8912 50.9902 50.9902 50.9902 74.0000 74.0000 74.0000 62.6817 62.6817 62.6817 84.3801 84.3801 84.3801 85.9127 85.9127 85.9127 91.4385 91.4385 91.4385 86.6083 86.6083 86.6083 94.4299 94.4299 94.4299 48.8365
F35 23.4094 25.4558 35.4683 45.3542 10.7703 26.4197 42.7551 24.0416 52.0000 43.4626 57.3847 40.4969 27.0740 20.2485 29.5466 36.7151 3.6056 14.3178 36.8782 18.3848 16.1245 74.4648 34.1321 59.0339 74.6860 41.0366 23.4094 55.3263 72.0625 42.5441 59.6825 26.0768 43.4166 22.5610 28.6531 0.0000 17.1172 27.4591 30.4795 22.4722 46.0977 34.2053 55.7584 57.9828 65.1920 61.7414 73.3485 23.4094 23.4094 23.4094 55.3263 55.3263 55.3263 72.0625 72.0625 72.0625 42.5441 42.5441 42.5441 59.6825 59.6825 59.6825 26.0768 26.0768 26.0768 43.4166 43.4166 43.4166 22.5610 22.5610 22.5610 28.6531 28.6531 28.6531 0.0000 0.0000 0.0000 17.1172 17.1172 17.1172 27.4591 27.4591 27.4591 30.4795 30.4795 30.4795 22.4722 22.4722 22.4722 46.0977 46.0977 46.0977 34.2053 34.2053 34.2053 55.7584 55.7584 55.7584 57.9828 57.9828 57.9828 65.1920 65.1920 65.1920 61.7414 61.7414 61.7414 73.3485 73.3485 73.3485 23.4094
F36 39.4588 38.4838 48.7545 62.3699 9.2195 21.3776 59.8415 31.8904 59.0339 60.0833 64.2028 47.5079 34.6699 36.4005 46.1736 51.5461 19.0263 3.1623 48.5489 11.7047 20.5183 89.8443 48.7032 66.7083 89.5377 53.7122 39.4588 72.1110 89.0056 58.6941 75.5844 39.2046 55.1725 32.5576 27.1662 17.1172 0.0000 27.7308 18.9737 31.4006 50.7740 45.4863 65.0692 69.8928 79.2023 76.8440 89.8053 39.4588 39.4588 39.4588 72.1110 72.1110 72.1110 89.0056 89.0056 89.0056 58.6941 58.6941 58.6941 75.5844 75.5844 75.5844 39.2046 39.2046 39.2046 55.1725 55.1725 55.1725 32.5576 32.5576 32.5576 27.1662 27.1662 27.1662 17.1172 17.1172 17.1172 0.0000 0.0000 0.0000 27.7308 27.7308 27.7308 18.9737 18.9737 18.9737 31.4006 31.4006 31.4006 50.7740 50.7740 50.7740 45.4863 45.4863 45.4863 65.0692 65.0692 65.0692 69.8928 69.8928 69.8928 79.2023 79.2023 79.2023 76.8440 76.8440 76.8440 89.8053 89.8053 89.8053 39.4588
F37 33.0151 24.6982 32.2490 62.0081 31.4006 8.9443 58.6003 12.6491 32.6497 62.9365 37.4833 21.9545 54.4518 43.9090 50.4480 38.0789 25.0000 25.6320 29.0172 16.1245 11.4018 74.0068 35.1710 40.4599 72.2496 35.0143 33.0151 63.5689 80.6536 63.7809 80.6226 52.5547 70.0071 50.0100 52.7731 27.4591 27.7308 0.0000 19.3132 14.3178 23.4307 26.0000 40.3113 48.0833 60.5310 61.0082 78.0897 33.0151 33.0151 33.0151 63.5689 63.5689 63.5689 80.6536 80.6536 80.6536 63.7809 63.7809 63.7809 80.6226 80.6226 80.6226 52.5547 52.5547 52.5547 70.0071 70.0071 70.0071 50.0100 50.0100 50.0100 52.7731 52.7731 52.7731 27.4591 27.4591 27.4591 27.7308 27.7308 27.7308 0.0000 0.0000 0.0000 19.3132 19.3132 19.3132 14.3178 14.3178 14.3178 23.4307 23.4307 23.4307 26.0000 26.0000 26.0000 40.3113 40.3113 40.3113 48.0833 48.0833 48.0833 60.5310 60.5310 60.5310 61.0082 61.0082 61.0082 78.0897 78.0897 78.0897 33.0151
