#definition

# set
set V := C1 C2 C3 C4 C5 C6 C7 C8 C9 C10 C11 C12 C13 C14 C15 
C16 C17 C18 C19 C20 C21 C22 C23 C24 C25 ; 	# customer set
set F := F26 F27 F28 F29 F30 
F31 F32 F33 F34 F35
F36 F37 F38 F39 F40
F41 F42 F43 F44 F45 F46
F26_1 F26_2 F26_3  
F27_1 F27_2 F27_3 
F28_1 F28_2 F28_3 
F29_1 F29_2 F29_3 
F30_1 F30_2 F30_3 
F31_1 F31_2 F31_3 
F32_1 F32_2 F32_3 
F33_1 F33_2 F33_3 
F34_1 F34_2 F34_3 
F35_1 F35_2 F35_3 
F36_1 F36_2 F36_3 
F37_1 F37_2 F37_3 
F38_1 F38_2 F38_3 
F39_1 F39_2 F39_3 
F40_1 F40_2 F40_3 
F41_1 F41_2 F41_3 
F42_1 F42_2 F42_3 
F43_1 F43_2 F43_3 
F44_1 F44_2 F44_3 
F45_1 F45_2 F45_3 
F46_1 F46_2 F46_3  ;#recharging & battery swapping station
set D0 :=N0;
set Dσ :=Nσ;


# param
param CV := 200;    		# ECV fixed cost(Topic Given)
param C := 200;   		# ECV max load
param Q := 67.15; 		# ECV/BSV battery level
param h := 1;     		# ECV consumption

param CB := 267;    		# BSV fixed cost(Topic Given)
param Qplun := 5;       # BSV max load(battery)
param hplun := 1;     	# BSV consumption
param W := 134.30;		# BSV battery level

param Ct := 10 ;		# travel cost
param Cr := 100 ;		# recharging cost
param lamda := 0.00;	# battery swap time
param Cb ;  	    # battery swap cost(BSS/BSV)
param n :=25;	   		# number of customers
param g := 1.35 ;     	# the recharging rate of ECV 



# customer demend
param m :=
N0 0
C1 3
C2 10
C3 16
C4 41
C5 15
C6 8
C7 26
C8 11
C9 10
C10 25
C11 21
C12 2
C13 11
C14 12
C15 28
C16 14
C17 5
C18 5
C19 13
C20 11
C21 16
C22 18
C23 17
C24 5
C25 6
F26 0
F27 0
F28 0
F29 0
F30 0
F31 0
F32 0
F33 0
F34 0
F35 0
F36 0
F37 0
F38 0
F39 0
F40 0
F41 0
F42 0
F43 0
F44 0
F45 0
F46 0
F26_1 0
F26_2 0
F26_3 0
F27_1 0
F27_2 0
F27_3 0
F28_1 0
F28_2 0
F28_3 0
F29_1 0
F29_2 0
F29_3 0
F30_1 0
F30_2 0
F30_3 0
F31_1 0
F31_2 0
F31_3 0
F32_1 0
F32_2 0
F32_3 0
F33_1 0
F33_2 0
F33_3 0
F34_1 0
F34_2 0
F34_3 0
F35_1 0
F35_2 0
F35_3 0
F36_1 0
F36_2 0
F36_3 0
F37_1 0
F37_2 0
F37_3 0
F38_1 0
F38_2 0
F38_3 0
F39_1 0
F39_2 0
F39_3 0
F40_1 0
F40_2 0
F40_3 0
F41_1 0
F41_2 0
F41_3 0
F42_1 0
F42_2 0
F42_3 0
F43_1 0
F43_2 0
F43_3 0
F44_1 0
F44_2 0
F44_3 0
F45_1 0
F45_2 0
F45_3 0
F46_1 0
F46_2 0
F46_3 0
Nσ 0;

param e :=
N0 0
C1 0
C2 0
C3 97
C4 0
C5 0
C6 0
C7 0
C8 0
C9 0
C10 0
C11 0
C12 136
C13 0
C14 67
C15 0
C16 95
C17 0
C18 0
C19 0
C20 0
C21 0
C22 0
C23 0
C24 0
C25 172
F26 0
F27 0
F28 0
F29 0
F30 0
F31 0
F32 0
F33 0
F34 0
F35 0
F36 0
F37 0
F38 0
F39 0
F40 0
F41 0
F42 0
F43 0
F44 0
F45 0
F46 0
F26_1 0
F26_2 0
F26_3 0
F27_1 0
F27_2 0
F27_3 0
F28_1 0
F28_2 0
F28_3 0
F29_1 0
F29_2 0
F29_3 0
F30_1 0
F30_2 0
F30_3 0
F31_1 0
F31_2 0
F31_3 0
F32_1 0
F32_2 0
F32_3 0
F33_1 0
F33_2 0
F33_3 0
F34_1 0
F34_2 0
F34_3 0
F35_1 0
F35_2 0
F35_3 0
F36_1 0
F36_2 0
F36_3 0
F37_1 0
F37_2 0
F37_3 0
F38_1 0
F38_2 0
F38_3 0
F39_1 0
F39_2 0
F39_3 0
F40_1 0
F40_2 0
F40_3 0
F41_1 0
F41_2 0
F41_3 0
F42_1 0
F42_2 0
F42_3 0
F43_1 0
F43_2 0
F43_3 0
F44_1 0
F44_2 0
F44_3 0
F45_1 0
F45_2 0
F45_3 0
F46_1 0
F46_2 0
F46_3 0
Nσ 0;

param l :=
N0 230
C1 190
C2 204
C3 107
C4 196
C5 211
C6 178
C7 199
C8 195
C9 198
C10 197
C11 194
C12 146
C13 198
C14 77
C15 202
C16 105
C17 198
C18 198
C19 203
C20 204
C21 196
C22 193
C23 208
C24 194
C25 182
F26 230
F27 230
F28 230
F29 230
F30 230
F31 230
F32 230
F33 230
F34 230
F35 230
F36 230
F37 230
F38 230
F39 230
F40 230
F41 230
F42 230
F43 230
F44 230
F45 230
F46 230
F26_1 230
F26_2 230
F26_3 230
F27_1 230
F27_2 230
F27_3 230
F28_1 230
F28_2 230
F28_3 230
F29_1 230
F29_2 230
F29_3 230
F30_1 230
F30_2 230
F30_3 230
F31_1 230
F31_2 230
F31_3 230
F32_1 230
F32_2 230
F32_3 230
F33_1 230
F33_2 230
F33_3 230
F34_1 230
F34_2 230
F34_3 230
F35_1 230
F35_2 230
F35_3 230
F36_1 230
F36_2 230
F36_3 230
F37_1 230
F37_2 230
F37_3 230
F38_1 230
F38_2 230
F38_3 230
F39_1 230
F39_2 230
F39_3 230
F40_1 230
F40_2 230
F40_3 230
F41_1 230
F41_2 230
F41_3 230
F42_1 230
F42_2 230
F42_3 230
F43_1 230
F43_2 230
F43_3 230
F44_1 230
F44_2 230
F44_3 230
F45_1 230
F45_2 230
F45_3 230
F46_1 230
F46_2 230
F46_3 230
Nσ 230;

param s :=
N0 0
C1 10
C2 10
C3 10
C4 10
C5 10
C6 10
C7 10
C8 10
C9 10
C10 10
C11 10
C12 10
C13 10
C14 10
C15 10
C16 10
C17 10
C18 10
C19 10
C20 10
C21 10
C22 10
C23 10
C24 10
C25 10
F26 0
F27 0
F28 0
F29 0
F30 0
F31 0
F32 0
F33 0
F34 0
F35 0
F36 0
F37 0
F38 0
F39 0
F40 0
F41 0
F42 0
F43 0
F44 0
F45 0
F46 0
F26_1 0
F26_2 0
F26_3 0
F27_1 0
F27_2 0
F27_3 0
F28_1 0
F28_2 0
F28_3 0
F29_1 0
F29_2 0
F29_3 0
F30_1 0
F30_2 0
F30_3 0
F31_1 0
F31_2 0
F31_3 0
F32_1 0
F32_2 0
F32_3 0
F33_1 0
F33_2 0
F33_3 0
F34_1 0
F34_2 0
F34_3 0
F35_1 0
F35_2 0
F35_3 0
F36_1 0
F36_2 0
F36_3 0
F37_1 0
F37_2 0
F37_3 0
F38_1 0
F38_2 0
F38_3 0
F39_1 0
F39_2 0
F39_3 0
F40_1 0
F40_2 0
F40_3 0
F41_1 0
F41_2 0
F41_3 0
F42_1 0
F42_2 0
F42_3 0
F43_1 0
F43_2 0
F43_3 0
F44_1 0
F44_2 0
F44_3 0
F45_1 0
F45_2 0
F45_3 0
F46_1 0
F46_2 0
F46_3 0
Nσ 0;

param d : N0 C1 C2 C3 C4 C5 C6 C7 C8 C9 C10 C11 C12 C13 C14 C15 C16 C17 C18 C19 C20 C21 C22 C23 C24 C25 F26 F27 F28 F29 F30 F31 F32 F33 F34 F35 F36 F37 F38 F39 F40 F41 F42 F43 F44 F45 F46 F26_1 F26_2 F26_3 F27_1 F27_2 F27_3 F28_1 F28_2 F28_3 F29_1 F29_2 F29_3 F30_1 F30_2 F30_3 F31_1 F31_2 F31_3 F32_1 F32_2 F32_3 F33_1 F33_2 F33_3 F34_1 F34_2 F34_3 F35_1 F35_2 F35_3 F36_1 F36_2 F36_3 F37_1 F37_2 F37_3 F38_1 F38_2 F38_3 F39_1 F39_2 F39_3 F40_1 F40_2 F40_3 F41_1 F41_2 F41_3 F42_1 F42_2 F42_3 F43_1 F43_2 F43_3 F44_1 F44_2 F44_3 F45_1 F45_2 F45_3 F46_1 F46_2 F46_3 Nσ :=
N0 0.0000 30.0000 15.2315 32.0156 23.0217 9.0000 41.0366 20.6155 24.7588 21.2603 22.4722 25.4951 30.4631 21.0950 33.5410 17.8045 4.4721 21.2132 21.0950 16.9706 15.2643 23.3238 26.9258 11.1803 25.4951 33.5410 0.0000 26.0768 39.2046 25.0599 37.2022 24.7386 36.0139 26.4197 38.2099 18.0278 30.2655 25.8070 36.1386 14.8661 30.3645 15.0333 30.5941 30.0167 33.4215 30.4138 39.3192 0.0000 0.0000 0.0000 26.0768 26.0768 26.0768 39.2046 39.2046 39.2046 25.0599 25.0599 25.0599 37.2022 37.2022 37.2022 24.7386 24.7386 24.7386 36.0139 36.0139 36.0139 26.4197 26.4197 26.4197 38.2099 38.2099 38.2099 18.0278 18.0278 18.0278 30.2655 30.2655 30.2655 25.8070 25.8070 25.8070 36.1386 36.1386 36.1386 14.8661 14.8661 14.8661 30.3645 30.3645 30.3645 15.0333 15.0333 15.0333 30.5941 30.5941 30.5941 30.0167 30.0167 30.0167 33.4215 33.4215 33.4215 30.4138 30.4138 30.4138 39.3192 39.3192 39.3192 0.0000
C1 30.0000 0.0000 27.7849 26.9258 50.6952 39.0000 30.0666 50.2494 20.8087 48.0833 26.1725 35.3553 12.1655 51.0392 54.0833 45.3542 28.2843 47.4342 35.0000 21.6333 43.7379 51.4198 32.0156 20.6155 47.0106 15.0000 30.0000 4.4721 9.8489 28.4253 31.0483 43.2666 47.5079 48.7647 63.5610 47.3814 60.1332 53.1601 65.6201 42.2019 48.6004 34.4384 38.4187 30.0167 21.3776 14.3178 10.2956 30.0000 30.0000 30.0000 4.4721 4.4721 4.4721 9.8489 9.8489 9.8489 28.4253 28.4253 28.4253 31.0483 31.0483 31.0483 43.2666 43.2666 43.2666 47.5079 47.5079 47.5079 48.7647 48.7647 48.7647 63.5610 63.5610 63.5610 47.3814 47.3814 47.3814 60.1332 60.1332 60.1332 53.1601 53.1601 53.1601 65.6201 65.6201 65.6201 42.2019 42.2019 42.2019 48.6004 48.6004 48.6004 34.4384 34.4384 34.4384 38.4187 38.4187 38.4187 30.0167 30.0167 30.0167 21.3776 21.3776 21.3776 14.3178 14.3178 14.3178 10.2956 10.2956 10.2956 30.0000
C2 15.2315 27.7849 0.0000 17.8045 36.7967 20.5183 27.2029 32.2025 12.3693 35.6090 33.5410 11.0454 34.0588 29.5466 26.4008 32.0156 18.4391 21.0238 8.0623 6.3246 29.0689 26.0768 39.2046 19.4165 40.7185 37.6431 15.2315 23.3238 34.4819 10.0000 22.6274 15.6205 23.0868 21.0238 36.0555 24.3516 37.3631 39.6232 47.0106 29.4109 45.5412 29.8329 44.0000 41.0000 40.3113 35.0000 38.0789 15.2315 15.2315 15.2315 23.3238 23.3238 23.3238 34.4819 34.4819 34.4819 10.0000 10.0000 10.0000 22.6274 22.6274 22.6274 15.6205 15.6205 15.6205 23.0868 23.0868 23.0868 21.0238 21.0238 21.0238 36.0555 36.0555 36.0555 24.3516 24.3516 24.3516 37.3631 37.3631 37.3631 39.6232 39.6232 39.6232 47.0106 47.0106 47.0106 29.4109 29.4109 29.4109 45.5412 45.5412 45.5412 29.8329 29.8329 29.8329 44.0000 44.0000 44.0000 41.0000 41.0000 41.0000 40.3113 40.3113 40.3113 35.0000 35.0000 35.0000 38.0789 38.0789 38.0789 15.2315
C3 32.0156 26.9258 17.8045 0.0000 54.4518 38.2884 9.4340 50.0000 8.2462 53.0754 44.7214 15.0000 37.8550 47.0106 35.3553 49.5177 34.1321 36.4005 18.4391 15.2643 46.6690 42.0595 50.9902 31.6228 57.1402 41.2311 32.0156 23.7697 28.3196 8.5440 5.3852 26.0192 23.7065 33.0606 48.0104 41.5933 54.2310 57.2800 64.6607 46.7547 61.2944 45.1774 56.7539 51.2445 46.3897 39.6232 35.5106 32.0156 32.0156 32.0156 23.7697 23.7697 23.7697 28.3196 28.3196 28.3196 8.5440 8.5440 8.5440 5.3852 5.3852 5.3852 26.0192 26.0192 26.0192 23.7065 23.7065 23.7065 33.0606 33.0606 33.0606 48.0104 48.0104 48.0104 41.5933 41.5933 41.5933 54.2310 54.2310 54.2310 57.2800 57.2800 57.2800 64.6607 64.6607 64.6607 46.7547 46.7547 46.7547 61.2944 61.2944 61.2944 45.1774 45.1774 45.1774 56.7539 56.7539 56.7539 51.2445 51.2445 51.2445 46.3897 46.3897 46.3897 39.6232 39.6232 39.6232 35.5106 35.5106 35.5106 32.0156
C4 23.0217 50.6952 36.7967 54.4518 0.0000 16.4012 63.7024 8.0623 47.6340 3.1623 31.5753 44.9444 47.0106 15.1327 43.1856 5.3852 22.8473 28.2843 39.9625 39.8246 7.8102 25.0200 31.3847 30.0832 12.8062 49.0408 23.0217 47.4342 60.4401 46.7547 59.4138 39.2173 52.2015 36.4966 40.0250 19.1050 20.2485 2.8284 16.4924 8.5440 18.8680 18.1108 30.2324 36.4005 45.7056 46.0109 58.5491 23.0217 23.0217 23.0217 47.4342 47.4342 47.4342 60.4401 60.4401 60.4401 46.7547 46.7547 46.7547 59.4138 59.4138 59.4138 39.2173 39.2173 39.2173 52.2015 52.2015 52.2015 36.4966 36.4966 36.4966 40.0250 40.0250 40.0250 19.1050 19.1050 19.1050 20.2485 20.2485 20.2485 2.8284 2.8284 2.8284 16.4924 16.4924 16.4924 8.5440 8.5440 8.5440 18.8680 18.8680 18.8680 18.1108 18.1108 18.1108 30.2324 30.2324 30.2324 36.4005 36.4005 36.4005 45.7056 45.7056 45.7056 46.0109 46.0109 46.0109 58.5491 58.5491 58.5491 23.0217
C5 9.0000 39.0000 20.5183 38.2884 16.4012 0.0000 47.6340 12.0830 31.9061 15.6525 28.3196 28.6531 38.8973 12.1655 30.5941 12.0830 11.7047 16.1555 23.7065 24.1868 8.9443 16.2788 31.4006 19.6469 23.0868 41.7852 9.0000 35.0571 48.1664 30.4138 43.1393 24.1868 36.8782 23.3452 32.2025 10.0000 21.3776 19.2094 27.5136 10.1980 29.0000 17.0000 33.5410 35.3836 40.8167 38.6264 48.2597 9.0000 9.0000 9.0000 35.0571 35.0571 35.0571 48.1664 48.1664 48.1664 30.4138 30.4138 30.4138 43.1393 43.1393 43.1393 24.1868 24.1868 24.1868 36.8782 36.8782 36.8782 23.3452 23.3452 23.3452 32.2025 32.2025 32.2025 10.0000 10.0000 10.0000 21.3776 21.3776 21.3776 19.2094 19.2094 19.2094 27.5136 27.5136 27.5136 10.1980 10.1980 10.1980 29.0000 29.0000 29.0000 17.0000 17.0000 17.0000 33.5410 33.5410 33.5410 35.3836 35.3836 35.3836 40.8167 40.8167 40.8167 38.6264 38.6264 38.6264 48.2597 48.2597 48.2597 9.0000
C6 41.0366 30.0666 27.2029 9.4340 63.7024 47.6340 0.0000 59.4054 16.4012 62.2254 51.5461 23.5372 42.0000 56.4358 43.0000 58.6941 42.8019 45.5412 27.5136 24.0832 55.9017 51.2640 57.8705 39.3573 65.8027 45.0444 41.0366 28.0713 28.2312 17.8885 6.0000 34.5254 29.6142 41.5933 56.1427 51.0000 63.5610 66.5282 74.0945 55.8659 69.6419 53.5350 63.9062 57.4891 51.0392 44.0114 36.6879 41.0366 41.0366 41.0366 28.0713 28.0713 28.0713 28.2312 28.2312 28.2312 17.8885 17.8885 17.8885 6.0000 6.0000 6.0000 34.5254 34.5254 34.5254 29.6142 29.6142 29.6142 41.5933 41.5933 41.5933 56.1427 56.1427 56.1427 51.0000 51.0000 51.0000 63.5610 63.5610 63.5610 66.5282 66.5282 66.5282 74.0945 74.0945 74.0945 55.8659 55.8659 55.8659 69.6419 69.6419 69.6419 53.5350 53.5350 53.5350 63.9062 63.9062 63.9062 57.4891 57.4891 57.4891 51.0392 51.0392 51.0392 44.0114 44.0114 44.0114 36.6879 36.6879 36.6879 41.0366
C7 20.6155 50.2494 32.2025 50.0000 8.0623 12.0830 59.4054 0.0000 43.9090 9.8489 34.9285 39.0512 48.5077 7.0711 35.3553 8.4853 22.0227 20.6155 34.0588 36.2353 7.6158 17.0000 36.0555 30.0000 20.1246 50.9902 20.6155 46.5296 59.6825 41.8688 54.6717 32.2025 45.1885 28.8617 32.0156 11.4018 13.4536 10.0499 15.5242 10.2956 26.4008 21.4709 36.0694 40.8167 48.7032 47.8539 59.0000 20.6155 20.6155 20.6155 46.5296 46.5296 46.5296 59.6825 59.6825 59.6825 41.8688 41.8688 41.8688 54.6717 54.6717 54.6717 32.2025 32.2025 32.2025 45.1885 45.1885 45.1885 28.8617 28.8617 28.8617 32.0156 32.0156 32.0156 11.4018 11.4018 11.4018 13.4536 13.4536 13.4536 10.0499 10.0499 10.0499 15.5242 15.5242 15.5242 10.2956 10.2956 10.2956 26.4008 26.4008 26.4008 21.4709 21.4709 21.4709 36.0694 36.0694 36.0694 40.8167 40.8167 40.8167 48.7032 48.7032 48.7032 47.8539 47.8539 47.8539 59.0000 59.0000 59.0000 20.6155
C8 24.7588 20.8087 12.3693 8.2462 47.6340 31.9061 16.4012 43.9090 0.0000 46.0109 36.4966 15.2643 30.6757 41.7852 35.4683 42.5206 26.4008 33.0606 16.4924 7.8102 39.8246 38.3275 42.7551 23.4094 49.4065 34.1760 24.7588 17.0000 24.6982 7.8102 13.6015 25.0000 26.8701 31.5753 46.8722 36.6879 49.7293 50.4480 59.0339 39.6232 53.3385 37.2156 48.5077 43.1045 38.8330 32.2800 30.4138 24.7588 24.7588 24.7588 17.0000 17.0000 17.0000 24.6982 24.6982 24.6982 7.8102 7.8102 7.8102 13.6015 13.6015 13.6015 25.0000 25.0000 25.0000 26.8701 26.8701 26.8701 31.5753 31.5753 31.5753 46.8722 46.8722 46.8722 36.6879 36.6879 36.6879 49.7293 49.7293 49.7293 50.4480 50.4480 50.4480 59.0339 59.0339 59.0339 39.6232 39.6232 39.6232 53.3385 53.3385 53.3385 37.2156 37.2156 37.2156 48.5077 48.5077 48.5077 43.1045 43.1045 43.1045 38.8330 38.8330 38.8330 32.2800 32.2800 32.2800 30.4138 30.4138 30.4138 24.7588
C9 21.2603 48.0833 35.6090 53.0754 3.1623 15.6525 62.2254 9.8489 46.0109 0.0000 28.4429 44.2945 44.0454 16.7631 44.0114 3.6056 20.5913 29.0172 39.3573 38.2099 6.7082 26.3059 28.2312 27.5136 10.2956 46.0109 21.2603 44.9444 57.8705 45.6070 58.1378 39.2938 52.2015 37.1214 41.7612 20.0250 22.8035 5.0990 19.6469 6.4031 16.5529 15.0333 27.2029 33.2415 42.5793 43.0000 55.7315 21.2603 21.2603 21.2603 44.9444 44.9444 44.9444 57.8705 57.8705 57.8705 45.6070 45.6070 45.6070 58.1378 58.1378 58.1378 39.2938 39.2938 39.2938 52.2015 52.2015 52.2015 37.1214 37.1214 37.1214 41.7612 41.7612 41.7612 20.0250 20.0250 20.0250 22.8035 22.8035 22.8035 5.0990 5.0990 5.0990 19.6469 19.6469 19.6469 6.4031 6.4031 6.4031 16.5529 16.5529 16.5529 15.0333 15.0333 15.0333 27.2029 27.2029 27.2029 33.2415 33.2415 33.2415 42.5793 42.5793 42.5793 43.0000 43.0000 43.0000 55.7315 55.7315 55.7315 21.2603
C10 22.4722 26.1725 33.5410 44.7214 31.5753 28.3196 51.5461 34.9285 36.4966 28.4429 0.0000 44.5533 17.4642 39.1152 55.9464 27.2029 18.0278 43.4166 41.2311 31.0000 27.3130 44.5533 6.3246 14.1421 23.3452 18.4391 22.4722 25.2389 35.4683 41.0000 50.0100 46.6154 56.5155 48.8774 60.2080 38.2884 47.8853 33.2415 48.0521 24.6982 23.2594 13.6015 12.5300 7.6158 14.1421 15.8114 30.4138 22.4722 22.4722 22.4722 25.2389 25.2389 25.2389 35.4683 35.4683 35.4683 41.0000 41.0000 41.0000 50.0100 50.0100 50.0100 46.6154 46.6154 46.6154 56.5155 56.5155 56.5155 48.8774 48.8774 48.8774 60.2080 60.2080 60.2080 38.2884 38.2884 38.2884 47.8853 47.8853 47.8853 33.2415 33.2415 33.2415 48.0521 48.0521 48.0521 24.6982 24.6982 24.6982 23.2594 23.2594 23.2594 13.6015 13.6015 13.6015 12.5300 12.5300 12.5300 7.6158 7.6158 7.6158 14.1421 14.1421 14.1421 15.8114 15.8114 15.8114 30.4138 30.4138 30.4138 22.4722
C11 25.4951 35.3553 11.0454 15.0000 44.9444 28.6531 23.5372 39.0512 15.2643 44.2945 44.5533 0.0000 43.5660 34.7131 20.6155 40.7063 29.1548 22.3607 5.0000 14.7648 37.5899 28.1780 50.2494 30.4138 50.5964 47.1699 25.4951 31.1448 39.9625 7.6158 17.7200 11.0454 12.5300 18.1108 33.0151 29.0689 40.8167 47.7074 52.4976 38.4838 55.7853 40.4475 55.0091 51.9711 50.5668 44.7772 45.3431 25.4951 25.4951 25.4951 31.1448 31.1448 31.1448 39.9625 39.9625 39.9625 7.6158 7.6158 7.6158 17.7200 17.7200 17.7200 11.0454 11.0454 11.0454 12.5300 12.5300 12.5300 18.1108 18.1108 18.1108 33.0151 33.0151 33.0151 29.0689 29.0689 29.0689 40.8167 40.8167 40.8167 47.7074 47.7074 47.7074 52.4976 52.4976 52.4976 38.4838 38.4838 38.4838 55.7853 55.7853 55.7853 40.4475 40.4475 40.4475 55.0091 55.0091 55.0091 51.9711 51.9711 51.9711 50.5668 50.5668 50.5668 44.7772 44.7772 44.7772 45.3431 45.3431 45.3431 25.4951
C12 30.4631 12.1655 34.0588 37.8550 47.0106 38.8973 42.0000 48.5077 30.6757 44.0454 17.4642 43.5660 0.0000 50.9608 60.1082 42.0119 27.2029 50.7740 42.0119 28.8444 41.1947 53.6656 22.2036 19.3132 40.5216 3.6056 30.4631 14.1421 19.4165 37.5766 42.4264 49.5177 56.0803 53.9073 67.6757 48.4665 60.1664 49.0918 63.0714 39.0512 40.7185 29.1548 28.4253 19.1050 9.2195 2.2361 13.0384 30.4631 30.4631 30.4631 14.1421 14.1421 14.1421 19.4165 19.4165 19.4165 37.5766 37.5766 37.5766 42.4264 42.4264 42.4264 49.5177 49.5177 49.5177 56.0803 56.0803 56.0803 53.9073 53.9073 53.9073 67.6757 67.6757 67.6757 48.4665 48.4665 48.4665 60.1664 60.1664 60.1664 49.0918 49.0918 49.0918 63.0714 63.0714 63.0714 39.0512 39.0512 39.0512 40.7185 40.7185 40.7185 29.1548 29.1548 29.1548 28.4253 28.4253 28.4253 19.1050 19.1050 19.1050 9.2195 9.2195 9.2195 2.2361 2.2361 2.2361 13.0384 13.0384 13.0384 30.4631
C13 21.0950 51.0392 29.5466 47.0106 15.1327 12.1655 56.4358 7.0711 41.7852 16.7631 39.1152 34.7131 50.9608 0.0000 28.6356 14.7648 23.7697 14.3178 29.8329 34.4819 12.8062 10.0499 41.1096 31.7805 26.9258 53.7587 21.0950 47.0000 60.0333 38.5876 51.3128 26.6271 39.4462 22.4722 25.0000 5.6569 9.2195 17.0000 17.8045 15.6205 33.2415 26.2488 41.8688 45.6070 52.3259 50.5964 60.4070 21.0950 21.0950 21.0950 47.0000 47.0000 47.0000 60.0333 60.0333 60.0333 38.5876 38.5876 38.5876 51.3128 51.3128 51.3128 26.6271 26.6271 26.6271 39.4462 39.4462 39.4462 22.4722 22.4722 22.4722 25.0000 25.0000 25.0000 5.6569 5.6569 5.6569 9.2195 9.2195 9.2195 17.0000 17.0000 17.0000 17.8045 17.8045 17.8045 15.6205 15.6205 15.6205 33.2415 33.2415 33.2415 26.2488 26.2488 26.2488 41.8688 41.8688 41.8688 45.6070 45.6070 45.6070 52.3259 52.3259 52.3259 50.5964 50.5964 50.5964 60.4070 60.4070 60.4070 21.0950
C14 33.5410 54.0833 26.4008 35.3553 43.1856 30.5941 43.0000 35.3553 35.4683 44.0114 55.9464 20.6155 60.1082 28.6356 0.0000 41.0122 38.0132 15.0000 19.2354 32.4500 38.0526 18.6815 60.4152 43.0116 53.1507 63.6396 33.5410 49.6488 59.9333 28.1603 37.0000 10.8167 15.2315 7.2801 13.6015 24.0832 30.0167 45.3982 43.8292 40.1995 59.3043 47.1275 63.5689 63.5295 65.4370 60.8276 64.3506 33.5410 33.5410 33.5410 49.6488 49.6488 49.6488 59.9333 59.9333 59.9333 28.1603 28.1603 28.1603 37.0000 37.0000 37.0000 10.8167 10.8167 10.8167 15.2315 15.2315 15.2315 7.2801 7.2801 7.2801 13.6015 13.6015 13.6015 24.0832 24.0832 24.0832 30.0167 30.0167 30.0167 45.3982 45.3982 45.3982 43.8292 43.8292 43.8292 40.1995 40.1995 40.1995 59.3043 59.3043 59.3043 47.1275 47.1275 47.1275 63.5689 63.5689 63.5689 63.5295 63.5295 63.5295 65.4370 65.4370 65.4370 60.8276 60.8276 60.8276 64.3506 64.3506 64.3506 33.5410
C15 17.8045 45.3542 32.0156 49.5177 5.3852 12.0830 58.6941 8.4853 42.5206 3.6056 27.2029 40.7063 42.0119 14.7648 41.0122 0.0000 17.4642 26.0192 35.7771 34.7131 3.1623 23.7697 27.7849 24.7386 12.3693 44.1814 17.8045 42.0595 55.0818 42.0119 54.5619 35.9026 48.7647 34.0147 39.5601 17.2627 21.9317 8.0623 21.0950 3.1623 18.6815 13.6015 27.5862 32.6497 41.2311 41.1096 53.3385 17.8045 17.8045 17.8045 42.0595 42.0595 42.0595 55.0818 55.0818 55.0818 42.0119 42.0119 42.0119 54.5619 54.5619 54.5619 35.9026 35.9026 35.9026 48.7647 48.7647 48.7647 34.0147 34.0147 34.0147 39.5601 39.5601 39.5601 17.2627 17.2627 17.2627 21.9317 21.9317 21.9317 8.0623 8.0623 8.0623 21.0950 21.0950 21.0950 3.1623 3.1623 3.1623 18.6815 18.6815 18.6815 13.6015 13.6015 13.6015 27.5862 27.5862 27.5862 32.6497 32.6497 32.6497 41.2311 41.2311 41.2311 41.1096 41.1096 41.1096 53.3385 53.3385 53.3385 17.8045
C16 4.4721 28.2843 18.4391 34.1321 22.8473 11.7047 42.8019 22.0227 26.4008 20.5913 18.0278 29.1548 27.2029 23.7697 38.0132 17.4642 0.0000 25.4951 25.0000 18.8680 15.5242 27.2029 22.4722 8.0623 23.0217 30.0832 4.4721 24.7386 37.8550 27.8568 39.4462 29.1204 40.1123 30.8869 42.4264 21.4709 32.9848 25.4951 37.3363 14.3178 27.3130 11.4018 26.3059 25.5539 29.4109 26.9258 37.0135 4.4721 4.4721 4.4721 24.7386 24.7386 24.7386 37.8550 37.8550 37.8550 27.8568 27.8568 27.8568 39.4462 39.4462 39.4462 29.1204 29.1204 29.1204 40.1123 40.1123 40.1123 30.8869 30.8869 30.8869 42.4264 42.4264 42.4264 21.4709 21.4709 21.4709 32.9848 32.9848 32.9848 25.4951 25.4951 25.4951 37.3363 37.3363 37.3363 14.3178 14.3178 14.3178 27.3130 27.3130 27.3130 11.4018 11.4018 11.4018 26.3059 26.3059 26.3059 25.5539 25.5539 25.5539 29.4109 29.4109 29.4109 26.9258 26.9258 26.9258 37.0135 37.0135 37.0135 4.4721
C17 21.2132 47.4342 21.0238 36.4005 28.2843 16.1555 45.5412 20.6155 33.0606 29.0172 43.4166 22.3607 50.7740 14.3178 15.0000 26.0192 25.4951 0.0000 18.0278 27.1662 23.0868 5.8310 47.1699 32.0156 38.2099 54.0833 21.2132 43.0116 55.1090 27.8927 39.9249 12.7279 25.2389 8.2462 17.0294 9.2195 18.6011 30.5941 31.2410 25.3180 44.4072 33.1059 49.6588 50.8035 54.5619 51.0392 57.5847 21.2132 21.2132 21.2132 43.0116 43.0116 43.0116 55.1090 55.1090 55.1090 27.8927 27.8927 27.8927 39.9249 39.9249 39.9249 12.7279 12.7279 12.7279 25.2389 25.2389 25.2389 8.2462 8.2462 8.2462 17.0294 17.0294 17.0294 9.2195 9.2195 9.2195 18.6011 18.6011 18.6011 30.5941 30.5941 30.5941 31.2410 31.2410 31.2410 25.3180 25.3180 25.3180 44.4072 44.4072 44.4072 33.1059 33.1059 33.1059 49.6588 49.6588 49.6588 50.8035 50.8035 50.8035 54.5619 54.5619 54.5619 51.0392 51.0392 51.0392 57.5847 57.5847 57.5847 21.2132
C18 21.0950 35.0000 8.0623 18.4391 39.9625 23.7065 27.5136 34.0588 16.4924 39.3573 41.2311 5.0000 42.0119 29.8329 19.2354 35.7771 25.0000 18.0278 0.0000 13.4536 32.6497 23.7697 46.6905 27.2029 45.8803 45.6070 21.0950 30.6105 40.7185 10.0499 21.9317 8.5440 15.2971 15.1327 30.4138 24.2074 36.2353 42.7200 47.6340 33.6155 51.1957 36.1248 51.1566 48.7647 48.3735 43.0116 45.2217 21.0950 21.0950 21.0950 30.6105 30.6105 30.6105 40.7185 40.7185 40.7185 10.0499 10.0499 10.0499 21.9317 21.9317 21.9317 8.5440 8.5440 8.5440 15.2971 15.2971 15.2971 15.1327 15.1327 15.1327 30.4138 30.4138 30.4138 24.2074 24.2074 24.2074 36.2353 36.2353 36.2353 42.7200 42.7200 42.7200 47.6340 47.6340 47.6340 33.6155 33.6155 33.6155 51.1957 51.1957 51.1957 36.1248 36.1248 36.1248 51.1566 51.1566 51.1566 48.7647 48.7647 48.7647 48.3735 48.3735 48.3735 43.0116 43.0116 43.0116 45.2217 45.2217 45.2217 21.0950
C19 16.9706 21.6333 6.3246 15.2643 39.8246 24.1868 24.0832 36.2353 7.8102 38.2099 31.0000 14.7648 28.8444 34.4819 32.4500 34.7131 18.8680 27.1662 13.4536 0.0000 32.0156 32.0000 37.0540 17.1172 41.8808 32.4500 16.9706 17.2047 28.1603 10.0000 20.5913 21.6333 27.2947 27.3130 42.3792 29.6142 42.7551 42.6380 51.4782 31.8277 46.0652 29.9666 42.4264 38.1182 35.8469 30.0167 31.9061 16.9706 16.9706 16.9706 17.2047 17.2047 17.2047 28.1603 28.1603 28.1603 10.0000 10.0000 10.0000 20.5913 20.5913 20.5913 21.6333 21.6333 21.6333 27.2947 27.2947 27.2947 27.3130 27.3130 27.3130 42.3792 42.3792 42.3792 29.6142 29.6142 29.6142 42.7551 42.7551 42.7551 42.6380 42.6380 42.6380 51.4782 51.4782 51.4782 31.8277 31.8277 31.8277 46.0652 46.0652 46.0652 29.9666 29.9666 29.9666 42.4264 42.4264 42.4264 38.1182 38.1182 38.1182 35.8469 35.8469 35.8469 30.0167 30.0167 30.0167 31.9061 31.9061 31.9061 16.9706
C20 15.2643 43.7379 29.0689 46.6690 7.8102 8.9443 55.9017 7.6158 39.8246 6.7082 27.3130 37.5899 41.1947 12.8062 38.0526 3.1623 15.5242 23.0868 32.6497 32.0156 0.0000 21.1896 28.6007 23.1948 15.1327 43.5660 15.2643 40.2616 53.3667 39.0512 51.6624 32.7567 45.6070 31.0000 37.1618 14.5602 20.8087 10.6301 22.0227 2.8284 21.3776 13.8924 29.0689 33.2866 41.1096 40.4475 52.0865 15.2643 15.2643 15.2643 40.2616 40.2616 40.2616 53.3667 53.3667 53.3667 39.0512 39.0512 39.0512 51.6624 51.6624 51.6624 32.7567 32.7567 32.7567 45.6070 45.6070 45.6070 31.0000 31.0000 31.0000 37.1618 37.1618 37.1618 14.5602 14.5602 14.5602 20.8087 20.8087 20.8087 10.6301 10.6301 10.6301 22.0227 22.0227 22.0227 2.8284 2.8284 2.8284 21.3776 21.3776 21.3776 13.8924 13.8924 13.8924 29.0689 29.0689 29.0689 33.2866 33.2866 33.2866 41.1096 41.1096 41.1096 40.4475 40.4475 40.4475 52.0865 52.0865 52.0865 15.2643
C21 23.3238 51.4198 26.0768 42.0595 25.0200 16.2788 51.2640 17.0000 38.3275 26.3059 44.5533 28.1780 53.6656 10.0499 18.6815 23.7697 27.2029 5.8310 23.7697 32.0000 21.1896 0.0000 47.6340 34.4819 36.1386 56.8243 23.3238 47.0744 59.5399 33.5261 45.6946 18.4391 30.6105 13.0384 16.1245 6.7082 12.8062 27.0185 25.8070 23.7697 42.4500 33.0151 49.3964 51.6624 56.6127 53.7122 61.4003 23.3238 23.3238 23.3238 47.0744 47.0744 47.0744 59.5399 59.5399 59.5399 33.5261 33.5261 33.5261 45.6946 45.6946 45.6946 18.4391 18.4391 18.4391 30.6105 30.6105 30.6105 13.0384 13.0384 13.0384 16.1245 16.1245 16.1245 6.7082 6.7082 6.7082 12.8062 12.8062 12.8062 27.0185 27.0185 27.0185 25.8070 25.8070 25.8070 23.7697 23.7697 23.7697 42.4500 42.4500 42.4500 33.0151 33.0151 33.0151 49.3964 49.3964 49.3964 51.6624 51.6624 51.6624 56.6127 56.6127 56.6127 53.7122 53.7122 53.7122 61.4003 61.4003 61.4003 23.3238
C22 26.9258 32.0156 39.2046 50.9902 31.3847 31.4006 57.8705 36.0555 42.7551 28.2312 6.3246 50.2494 22.2036 41.1096 60.4152 27.7849 22.4722 47.1699 46.6905 37.0540 28.6007 47.6340 0.0000 20.0000 21.0950 22.3607 26.9258 31.3847 41.0122 47.0425 56.2939 51.5461 61.9839 53.2259 63.6003 41.1096 49.4065 32.5730 47.7598 25.8070 19.4165 14.8661 6.4031 5.0990 16.4924 20.2485 35.2278 26.9258 26.9258 26.9258 31.3847 31.3847 31.3847 41.0122 41.0122 41.0122 47.0425 47.0425 47.0425 56.2939 56.2939 56.2939 51.5461 51.5461 51.5461 61.9839 61.9839 61.9839 53.2259 53.2259 53.2259 63.6003 63.6003 63.6003 41.1096 41.1096 41.1096 49.4065 49.4065 49.4065 32.5730 32.5730 32.5730 47.7598 47.7598 47.7598 25.8070 25.8070 25.8070 19.4165 19.4165 19.4165 14.8661 14.8661 14.8661 6.4031 6.4031 6.4031 5.0990 5.0990 5.0990 16.4924 16.4924 16.4924 20.2485 20.2485 20.2485 35.2278 35.2278 35.2278 26.9258
C23 11.1803 20.6155 19.4165 31.6228 30.0832 19.6469 39.3573 30.0000 23.4094 27.5136 14.1421 30.4138 19.3132 31.7805 43.0116 24.7386 8.0623 32.0156 27.2029 17.1172 23.1948 34.4819 20.0000 0.0000 27.6586 22.3607 11.1803 17.4642 30.3645 27.0740 37.0000 33.1210 42.4500 36.2353 49.0408 29.1548 41.0000 32.5730 45.1774 21.5870 30.6105 14.8661 25.3180 21.5870 22.6274 19.2354 29.0000 11.1803 11.1803 11.1803 17.4642 17.4642 17.4642 30.3645 30.3645 30.3645 27.0740 27.0740 27.0740 37.0000 37.0000 37.0000 33.1210 33.1210 33.1210 42.4500 42.4500 42.4500 36.2353 36.2353 36.2353 49.0408 49.0408 49.0408 29.1548 29.1548 29.1548 41.0000 41.0000 41.0000 32.5730 32.5730 32.5730 45.1774 45.1774 45.1774 21.5870 21.5870 21.5870 30.6105 30.6105 30.6105 14.8661 14.8661 14.8661 25.3180 25.3180 25.3180 21.5870 21.5870 21.5870 22.6274 22.6274 22.6274 19.2354 19.2354 19.2354 29.0000 29.0000 29.0000 11.1803
C24 25.4951 47.0106 40.7185 57.1402 12.8062 23.0868 65.8027 20.1246 49.4065 10.2956 23.3452 50.5964 40.5216 26.9258 53.1507 12.3693 23.0217 38.2099 45.8803 41.8808 15.1327 36.1386 21.0950 27.6586 0.0000 41.7732 25.4951 44.6542 56.8243 50.5371 62.4340 47.2652 59.8415 46.0435 51.8652 29.6142 33.0151 12.8062 27.7849 13.0000 6.3246 12.8062 18.3848 26.1725 37.0540 39.0512 53.1413 25.4951 25.4951 25.4951 44.6542 44.6542 44.6542 56.8243 56.8243 56.8243 50.5371 50.5371 50.5371 62.4340 62.4340 62.4340 47.2652 47.2652 47.2652 59.8415 59.8415 59.8415 46.0435 46.0435 46.0435 51.8652 51.8652 51.8652 29.6142 29.6142 29.6142 33.0151 33.0151 33.0151 12.8062 12.8062 12.8062 27.7849 27.7849 27.7849 13.0000 13.0000 13.0000 6.3246 6.3246 6.3246 12.8062 12.8062 12.8062 18.3848 18.3848 18.3848 26.1725 26.1725 26.1725 37.0540 37.0540 37.0540 39.0512 39.0512 39.0512 53.1413 53.1413 53.1413 25.4951
C25 33.5410 15.0000 37.6431 41.2311 49.0408 41.7852 45.0444 50.9902 34.1760 46.0109 18.4391 47.1699 3.6056 53.7587 63.6396 44.1814 30.0832 54.0833 45.6070 32.4500 43.5660 56.8243 22.3607 22.3607 41.7732 0.0000 33.5410 17.4642 21.0238 41.1461 45.7056 53.0754 59.6825 57.3847 71.0282 51.4782 62.9365 51.0000 65.2763 41.3038 41.4367 31.0000 28.3019 18.6011 7.2111 3.1623 13.4536 33.5410 33.5410 33.5410 17.4642 17.4642 17.4642 21.0238 21.0238 21.0238 41.1461 41.1461 41.1461 45.7056 45.7056 45.7056 53.0754 53.0754 53.0754 59.6825 59.6825 59.6825 57.3847 57.3847 57.3847 71.0282 71.0282 71.0282 51.4782 51.4782 51.4782 62.9365 62.9365 62.9365 51.0000 51.0000 51.0000 65.2763 65.2763 65.2763 41.3038 41.3038 41.3038 41.4367 41.4367 41.4367 31.0000 31.0000 31.0000 28.3019 28.3019 28.3019 18.6011 18.6011 18.6011 7.2111 7.2111 7.2111 3.1623 3.1623 3.1623 13.4536 13.4536 13.4536 33.5410
F26 0.0000 30.0000 15.2315 32.0156 23.0217 9.0000 41.0366 20.6155 24.7588 21.2603 22.4722 25.4951 30.4631 21.0950 33.5410 17.8045 4.4721 21.2132 21.0950 16.9706 15.2643 23.3238 26.9258 11.1803 25.4951 33.5410 0.0000 26.0768 39.2046 25.0599 37.2022 24.7386 36.0139 26.4197 38.2099 18.0278 30.2655 25.8070 36.1386 14.8661 30.3645 15.0333 30.5941 30.0167 33.4215 30.4138 39.3192 0.0000 0.0000 0.0000 26.0768 26.0768 26.0768 39.2046 39.2046 39.2046 25.0599 25.0599 25.0599 37.2022 37.2022 37.2022 24.7386 24.7386 24.7386 36.0139 36.0139 36.0139 26.4197 26.4197 26.4197 38.2099 38.2099 38.2099 18.0278 18.0278 18.0278 30.2655 30.2655 30.2655 25.8070 25.8070 25.8070 36.1386 36.1386 36.1386 14.8661 14.8661 14.8661 30.3645 30.3645 30.3645 15.0333 15.0333 15.0333 30.5941 30.5941 30.5941 30.0167 30.0167 30.0167 33.4215 33.4215 33.4215 30.4138 30.4138 30.4138 39.3192 39.3192 39.3192 0.0000
F27 26.0768 4.4721 23.3238 23.7697 47.4342 35.0571 28.0713 46.5296 17.0000 44.9444 25.2389 31.1448 14.1421 47.0000 49.6488 42.0595 24.7386 43.0116 30.6105 17.2047 40.2616 47.0744 31.3847 17.4642 44.6542 17.4642 26.0768 0.0000 13.1529 24.4131 28.2843 38.8330 43.4166 44.2945 59.0931 43.1856 56.0357 49.9800 61.9839 38.8973 46.7547 31.9061 37.7359 30.0832 23.0000 16.0312 14.7648 26.0768 26.0768 26.0768 0.0000 0.0000 0.0000 13.1529 13.1529 13.1529 24.4131 24.4131 24.4131 28.2843 28.2843 28.2843 38.8330 38.8330 38.8330 43.4166 43.4166 43.4166 44.2945 44.2945 44.2945 59.0931 59.0931 59.0931 43.1856 43.1856 43.1856 56.0357 56.0357 56.0357 49.9800 49.9800 49.9800 61.9839 61.9839 61.9839 38.8973 38.8973 38.8973 46.7547 46.7547 46.7547 31.9061 31.9061 31.9061 37.7359 37.7359 37.7359 30.0832 30.0832 30.0832 23.0000 23.0000 23.0000 16.0312 16.0312 16.0312 14.7648 14.7648 14.7648 26.0768
F28 39.2046 9.8489 34.4819 28.3196 60.4401 48.1664 28.2312 59.6825 24.6982 57.8705 35.4683 39.9625 19.4165 60.0333 59.9333 55.0818 37.8550 55.1090 40.7185 28.1603 53.3667 59.5399 41.0122 30.3645 56.8243 21.0238 39.2046 13.1529 0.0000 32.4500 31.0644 49.2443 51.2250 55.3624 70.5195 56.0357 69.0000 62.9365 75.1332 51.9230 58.2495 44.2832 47.3814 38.4187 28.1780 21.6333 9.0000 39.2046 39.2046 39.2046 13.1529 13.1529 13.1529 0.0000 0.0000 0.0000 32.4500 32.4500 32.4500 31.0644 31.0644 31.0644 49.2443 49.2443 49.2443 51.2250 51.2250 51.2250 55.3624 55.3624 55.3624 70.5195 70.5195 70.5195 56.0357 56.0357 56.0357 69.0000 69.0000 69.0000 62.9365 62.9365 62.9365 75.1332 75.1332 75.1332 51.9230 51.9230 51.9230 58.2495 58.2495 58.2495 44.2832 44.2832 44.2832 47.3814 47.3814 47.3814 38.4187 38.4187 38.4187 28.1780 28.1780 28.1780 21.6333 21.6333 21.6333 9.0000 9.0000 9.0000 39.2046
F29 25.0599 28.4253 10.0000 8.5440 46.7547 30.4138 17.8885 41.8688 7.8102 45.6070 41.0000 7.6158 37.5766 38.5876 28.1603 42.0119 27.8568 27.8927 10.0499 10.0000 39.0512 33.5261 47.0425 27.0740 50.5371 41.1461 25.0599 24.4131 32.4500 0.0000 12.8062 18.1108 19.1050 25.0200 40.1995 33.1210 45.6946 49.5782 56.3028 39.4081 55.1543 39.2173 52.3450 48.0937 45.2217 39.0000 38.1838 25.0599 25.0599 25.0599 24.4131 24.4131 24.4131 32.4500 32.4500 32.4500 0.0000 0.0000 0.0000 12.8062 12.8062 12.8062 18.1108 18.1108 18.1108 19.1050 19.1050 19.1050 25.0200 25.0200 25.0200 40.1995 40.1995 40.1995 33.1210 33.1210 33.1210 45.6946 45.6946 45.6946 49.5782 49.5782 49.5782 56.3028 56.3028 56.3028 39.4081 39.4081 39.4081 55.1543 55.1543 55.1543 39.2173 39.2173 39.2173 52.3450 52.3450 52.3450 48.0937 48.0937 48.0937 45.2217 45.2217 45.2217 39.0000 39.0000 39.0000 38.1838 38.1838 38.1838 25.0599
F30 37.2022 31.0483 22.6274 5.3852 59.4138 43.1393 6.0000 54.6717 13.6015 58.1378 50.0100 17.7200 42.4264 51.3128 37.0000 54.5619 39.4462 39.9249 21.9317 20.5913 51.6624 45.6946 56.2939 37.0000 62.4340 45.7056 37.2022 28.2843 31.0644 12.8062 0.0000 28.6356 23.7697 35.6931 50.1597 45.7930 58.1378 62.2415 69.0652 51.8556 66.6483 50.5371 62.0967 56.4358 51.1566 44.2832 38.9102 37.2022 37.2022 37.2022 28.2843 28.2843 28.2843 31.0644 31.0644 31.0644 12.8062 12.8062 12.8062 0.0000 0.0000 0.0000 28.6356 28.6356 28.6356 23.7697 23.7697 23.7697 35.6931 35.6931 35.6931 50.1597 50.1597 50.1597 45.7930 45.7930 45.7930 58.1378 58.1378 58.1378 62.2415 62.2415 62.2415 69.0652 69.0652 69.0652 51.8556 51.8556 51.8556 66.6483 66.6483 66.6483 50.5371 50.5371 50.5371 62.0967 62.0967 62.0967 56.4358 56.4358 56.4358 51.1566 51.1566 51.1566 44.2832 44.2832 44.2832 38.9102 38.9102 38.9102 37.2022
F31 24.7386 43.2666 15.6205 26.0192 39.2173 24.1868 34.5254 32.2025 25.0000 39.2938 46.6154 11.0454 49.5177 26.6271 10.8167 35.9026 29.1204 12.7279 8.5440 21.6333 32.7567 18.4391 51.5461 33.1210 47.2652 53.0754 24.7386 38.8330 49.2443 18.1108 28.6356 0.0000 13.0000 7.0711 22.0907 21.0950 31.2410 41.7852 43.9318 34.3657 53.0848 39.3192 55.3173 54.2310 55.2178 50.3289 53.5350 24.7386 24.7386 24.7386 38.8330 38.8330 38.8330 49.2443 49.2443 49.2443 18.1108 18.1108 18.1108 28.6356 28.6356 28.6356 0.0000 0.0000 0.0000 13.0000 13.0000 13.0000 7.0711 7.0711 7.0711 22.0907 22.0907 22.0907 21.0950 21.0950 21.0950 31.2410 31.2410 31.2410 41.7852 41.7852 41.7852 43.9318 43.9318 43.9318 34.3657 34.3657 34.3657 53.0848 53.0848 53.0848 39.3192 39.3192 39.3192 55.3173 55.3173 55.3173 54.2310 54.2310 54.2310 55.2178 55.2178 55.2178 50.3289 50.3289 50.3289 53.5350 53.5350 53.5350 24.7386
F32 36.0139 47.5079 23.0868 23.7065 52.2015 36.8782 29.6142 45.1885 26.8701 52.2015 56.5155 12.5300 56.0803 39.4462 15.2315 48.7647 40.1123 25.2389 15.2971 27.2947 45.6070 30.6105 61.9839 42.4500 59.8415 59.6825 36.0139 43.4166 51.2250 19.1050 23.7697 13.0000 0.0000 17.6918 28.7924 34.0000 43.1856 54.7814 56.4004 47.0744 65.4905 51.0000 66.3702 64.0312 63.0714 57.3062 57.2800 36.0139 36.0139 36.0139 43.4166 43.4166 43.4166 51.2250 51.2250 51.2250 19.1050 19.1050 19.1050 23.7697 23.7697 23.7697 13.0000 13.0000 13.0000 0.0000 0.0000 0.0000 17.6918 17.6918 17.6918 28.7924 28.7924 28.7924 34.0000 34.0000 34.0000 43.1856 43.1856 43.1856 54.7814 54.7814 54.7814 56.4004 56.4004 56.4004 47.0744 47.0744 47.0744 65.4905 65.4905 65.4905 51.0000 51.0000 51.0000 66.3702 66.3702 66.3702 64.0312 64.0312 64.0312 63.0714 63.0714 63.0714 57.3062 57.3062 57.3062 57.2800 57.2800 57.2800 36.0139
F33 26.4197 48.7647 21.0238 33.0606 36.4966 23.3452 41.5933 28.8617 31.5753 37.1214 48.8774 18.1108 53.9073 22.4722 7.2801 34.0147 30.8869 8.2462 15.1327 27.3130 31.0000 13.0384 53.2259 36.2353 46.0435 57.3847 26.4197 44.2945 55.3624 25.0200 35.6931 7.0711 17.6918 0.0000 15.2971 17.4642 25.4951 38.8330 38.8330 33.0606 52.1536 39.8497 56.3028 56.4358 58.7963 54.4885 59.0593 26.4197 26.4197 26.4197 44.2945 44.2945 44.2945 55.3624 55.3624 55.3624 25.0200 25.0200 25.0200 35.6931 35.6931 35.6931 7.0711 7.0711 7.0711 17.6918 17.6918 17.6918 0.0000 0.0000 0.0000 15.2971 15.2971 15.2971 17.4642 17.4642 17.4642 25.4951 25.4951 25.4951 38.8330 38.8330 38.8330 38.8330 38.8330 38.8330 33.0606 33.0606 33.0606 52.1536 52.1536 52.1536 39.8497 39.8497 39.8497 56.3028 56.3028 56.3028 56.4358 56.4358 56.4358 58.7963 58.7963 58.7963 54.4885 54.4885 54.4885 59.0593 59.0593 59.0593 26.4197
F34 38.2099 63.5610 36.0555 48.0104 40.0250 32.2025 56.1427 32.0156 46.8722 41.7612 60.2080 33.0151 67.6757 25.0000 13.6015 39.5601 42.4264 17.0294 30.4138 42.3792 37.1618 16.1245 63.6003 49.0408 51.8652 71.0282 38.2099 59.0931 70.5195 40.1995 50.1597 22.0907 28.7924 15.2971 0.0000 22.8254 22.0907 41.5933 35.6931 39.8121 58.1893 49.0918 65.5134 67.4759 71.5891 68.0074 73.8241 38.2099 38.2099 38.2099 59.0931 59.0931 59.0931 70.5195 70.5195 70.5195 40.1995 40.1995 40.1995 50.1597 50.1597 50.1597 22.0907 22.0907 22.0907 28.7924 28.7924 28.7924 15.2971 15.2971 15.2971 0.0000 0.0000 0.0000 22.8254 22.8254 22.8254 22.0907 22.0907 22.0907 41.5933 41.5933 41.5933 35.6931 35.6931 35.6931 39.8121 39.8121 39.8121 58.1893 58.1893 58.1893 49.0918 49.0918 49.0918 65.5134 65.5134 65.5134 67.4759 67.4759 67.4759 71.5891 71.5891 71.5891 68.0074 68.0074 68.0074 73.8241 73.8241 73.8241 38.2099
F35 18.0278 47.3814 24.3516 41.5933 19.1050 10.0000 51.0000 11.4018 36.6879 20.0250 38.2884 29.0689 48.4665 5.6569 24.0832 17.2627 21.4709 9.2195 24.2074 29.6142 14.5602 6.7082 41.1096 29.1548 29.6142 51.4782 18.0278 43.1856 56.0357 33.1210 45.7930 21.0950 34.0000 17.4642 22.8254 0.0000 13.1529 21.3776 23.4307 17.0880 35.9026 26.4008 42.7200 45.2548 50.7740 48.3322 57.0701 18.0278 18.0278 18.0278 43.1856 43.1856 43.1856 56.0357 56.0357 56.0357 33.1210 33.1210 33.1210 45.7930 45.7930 45.7930 21.0950 21.0950 21.0950 34.0000 34.0000 34.0000 17.4642 17.4642 17.4642 22.8254 22.8254 22.8254 0.0000 0.0000 0.0000 13.1529 13.1529 13.1529 21.3776 21.3776 21.3776 23.4307 23.4307 23.4307 17.0880 17.0880 17.0880 35.9026 35.9026 35.9026 26.4008 26.4008 26.4008 42.7200 42.7200 42.7200 45.2548 45.2548 45.2548 50.7740 50.7740 50.7740 48.3322 48.3322 48.3322 57.0701 57.0701 57.0701 18.0278
F36 30.2655 60.1332 37.3631 54.2310 20.2485 21.3776 63.5610 13.4536 49.7293 22.8035 47.8853 40.8167 60.1664 9.2195 30.0167 21.9317 32.9848 18.6011 36.2353 42.7551 20.8087 12.8062 49.4065 41.0000 33.0151 62.9365 30.2655 56.0357 69.0000 45.6946 58.1378 31.2410 43.1856 25.4951 22.0907 13.1529 0.0000 21.0238 13.9284 23.6008 39.1152 34.6699 49.5177 54.0833 61.3270 59.7746 69.5845 30.2655 30.2655 30.2655 56.0357 56.0357 56.0357 69.0000 69.0000 69.0000 45.6946 45.6946 45.6946 58.1378 58.1378 58.1378 31.2410 31.2410 31.2410 43.1856 43.1856 43.1856 25.4951 25.4951 25.4951 22.0907 22.0907 22.0907 13.1529 13.1529 13.1529 0.0000 0.0000 0.0000 21.0238 21.0238 21.0238 13.9284 13.9284 13.9284 23.6008 23.6008 23.6008 39.1152 39.1152 39.1152 34.6699 34.6699 34.6699 49.5177 49.5177 49.5177 54.0833 54.0833 54.0833 61.3270 61.3270 61.3270 59.7746 59.7746 59.7746 69.5845 69.5845 69.5845 30.2655
F37 25.8070 53.1601 39.6232 57.2800 2.8284 19.2094 66.5282 10.0499 50.4480 5.0990 33.2415 47.7074 49.0918 17.0000 45.3982 8.0623 25.4951 30.5941 42.7200 42.6380 10.6301 27.0185 32.5730 32.5730 12.8062 51.0000 25.8070 49.9800 62.9365 49.5782 62.2415 41.7852 54.7814 38.8330 41.5933 21.3776 21.0238 0.0000 15.2315 11.1803 18.4391 20.0000 30.8869 37.6431 47.3814 48.0104 60.8276 25.8070 25.8070 25.8070 49.9800 49.9800 49.9800 62.9365 62.9365 62.9365 49.5782 49.5782 49.5782 62.2415 62.2415 62.2415 41.7852 41.7852 41.7852 54.7814 54.7814 54.7814 38.8330 38.8330 38.8330 41.5933 41.5933 41.5933 21.3776 21.3776 21.3776 21.0238 21.0238 21.0238 0.0000 0.0000 0.0000 15.2315 15.2315 15.2315 11.1803 11.1803 11.1803 18.4391 18.4391 18.4391 20.0000 20.0000 20.0000 30.8869 30.8869 30.8869 37.6431 37.6431 37.6431 47.3814 47.3814 47.3814 48.0104 48.0104 48.0104 60.8276 60.8276 60.8276 25.8070
F38 36.1386 65.6201 47.0106 64.6607 16.4924 27.5136 74.0945 15.5242 59.0339 19.6469 48.0521 52.4976 63.0714 17.8045 43.8292 21.0950 37.3363 31.2410 47.6340 51.4782 22.0227 25.8070 47.7598 45.1774 27.7849 65.2763 36.1386 61.9839 75.1332 56.3028 69.0652 43.9318 56.4004 38.8330 35.6931 23.4307 13.9284 15.2315 0.0000 24.0208 32.8024 34.5254 46.0652 52.8110 62.1691 62.2013 74.1080 36.1386 36.1386 36.1386 61.9839 61.9839 61.9839 75.1332 75.1332 75.1332 56.3028 56.3028 56.3028 69.0652 69.0652 69.0652 43.9318 43.9318 43.9318 56.4004 56.4004 56.4004 38.8330 38.8330 38.8330 35.6931 35.6931 35.6931 23.4307 23.4307 23.4307 13.9284 13.9284 13.9284 15.2315 15.2315 15.2315 0.0000 0.0000 0.0000 24.0208 24.0208 24.0208 32.8024 32.8024 32.8024 34.5254 34.5254 34.5254 46.0652 46.0652 46.0652 52.8110 52.8110 52.8110 62.1691 62.1691 62.1691 62.2013 62.2013 62.2013 74.1080 74.1080 74.1080 36.1386
