#definition

# set
set V := C1 C2 C3 C4 C5 C6 C7 C8 C9 C10 C11 C12 C13 C14 C15 
C16 C17 C18 C19 C20 C21 C22 C23 C24 C25 ; 	# customer set
set F := F26 F27 F28 F29 F30 
F31 F32 F33 F34 F35
F36 F37 F38 F39 F40
F41 F42 F43 F44 F45 F46
F26_1 F26_2 F26_3  
F27_1 F27_2 F27_3 
F28_1 F28_2 F28_3 
F29_1 F29_2 F29_3 
F30_1 F30_2 F30_3 
F31_1 F31_2 F31_3 
F32_1 F32_2 F32_3 
F33_1 F33_2 F33_3 
F34_1 F34_2 F34_3 
F35_1 F35_2 F35_3 
F36_1 F36_2 F36_3 
F37_1 F37_2 F37_3 
F38_1 F38_2 F38_3 
F39_1 F39_2 F39_3 
F40_1 F40_2 F40_3 
F41_1 F41_2 F41_3 
F42_1 F42_2 F42_3 
F43_1 F43_2 F43_3 
F44_1 F44_2 F44_3 
F45_1 F45_2 F45_3 
F46_1 F46_2 F46_3  ;#recharging & battery swapping station
set D0 :=N0;
set Dσ :=Nσ;


# param
param CV := 200;    		# ECV fixed cost(Topic Given)
param C := 1000;   		# ECV max load
param Q := 265.71; 		# ECV/BSV battery level
param h := 1;     		# ECV consumption

param CB := 267;    		# BSV fixed cost(Topic Given)
param Qplun := 5;       # BSV max load(battery)
param hplun := 1;     	# BSV consumption
param W := 531.42;		# BSV battery level

param Ct := 10 ;		# travel cost
param Cr := 100 ;		# recharging cost
param lamda := 0.00;	# battery swap time
param Cb ;  	    # battery swap cost(BSS/BSV)
param n :=25;	   		# number of customers
param g := 0.33 ;     	# the recharging rate of ECV 



# customer demend
param m :=
N0 0
C1 3
C2 31
C3 10
C4 19
C5 20
C6 21
C7 13
C8 19
C9 36
C10 3
C11 1
C12 8
C13 9
C14 9
C15 9
C16 16
C17 11
C18 16
C19 9
C20 7
C21 9
C22 2
C23 20
C24 26
C25 3
F26 0
F27 0
F28 0
F29 0
F30 0
F31 0
F32 0
F33 0
F34 0
F35 0
F36 0
F37 0
F38 0
F39 0
F40 0
F41 0
F42 0
F43 0
F44 0
F45 0
F46 0
F26_1 0
F26_2 0
F26_3 0
F27_1 0
F27_2 0
F27_3 0
F28_1 0
F28_2 0
F28_3 0
F29_1 0
F29_2 0
F29_3 0
F30_1 0
F30_2 0
F30_3 0
F31_1 0
F31_2 0
F31_3 0
F32_1 0
F32_2 0
F32_3 0
F33_1 0
F33_2 0
F33_3 0
F34_1 0
F34_2 0
F34_3 0
F35_1 0
F35_2 0
F35_3 0
F36_1 0
F36_2 0
F36_3 0
F37_1 0
F37_2 0
F37_3 0
F38_1 0
F38_2 0
F38_3 0
F39_1 0
F39_2 0
F39_3 0
F40_1 0
F40_2 0
F40_3 0
F41_1 0
F41_2 0
F41_3 0
F42_1 0
F42_2 0
F42_3 0
F43_1 0
F43_2 0
F43_3 0
F44_1 0
F44_2 0
F44_3 0
F45_1 0
F45_2 0
F45_3 0
F46_1 0
F46_2 0
F46_3 0
Nσ 0;

param e :=
N0 0
C1 245
C2 33
C3 34
C4 102
C5 49
C6 91
C7 126
C8 477
C9 459
C10 449
C11 338
C12 30
C13 104
C14 11
C15 164
C16 23
C17 24
C18 29
C19 46
C20 458
C21 245
C22 444
C23 14
C24 268
C25 435
F26 0
F27 0
F28 0
F29 0
F30 0
F31 0
F32 0
F33 0
F34 0
F35 0
F36 0
F37 0
F38 0
F39 0
F40 0
F41 0
F42 0
F43 0
F44 0
F45 0
F46 0
F26_1 0
F26_2 0
F26_3 0
F27_1 0
F27_2 0
F27_3 0
F28_1 0
F28_2 0
F28_3 0
F29_1 0
F29_2 0
F29_3 0
F30_1 0
F30_2 0
F30_3 0
F31_1 0
F31_2 0
F31_3 0
F32_1 0
F32_2 0
F32_3 0
F33_1 0
F33_2 0
F33_3 0
F34_1 0
F34_2 0
F34_3 0
F35_1 0
F35_2 0
F35_3 0
F36_1 0
F36_2 0
F36_3 0
F37_1 0
F37_2 0
F37_3 0
F38_1 0
F38_2 0
F38_3 0
F39_1 0
F39_2 0
F39_3 0
F40_1 0
F40_2 0
F40_3 0
F41_1 0
F41_2 0
F41_3 0
F42_1 0
F42_2 0
F42_3 0
F43_1 0
F43_2 0
F43_3 0
F44_1 0
F44_2 0
F44_3 0
F45_1 0
F45_2 0
F45_3 0
F46_1 0
F46_2 0
F46_3 0
Nσ 0;

param l :=
N0 1000
C1 684
C2 655
C3 588
C4 543
C5 568
C6 522
C7 541
C8 965
C9 930
C10 971
C11 805
C12 519
C13 563
C14 502
C15 601
C16 515
C17 575
C18 589
C19 524
C20 867
C21 640
C22 959
C23 533
C24 599
C25 960
F26 1000
F27 1000
F28 1000
F29 1000
F30 1000
F31 1000
F32 1000
F33 1000
F34 1000
F35 1000
F36 1000
F37 1000
F38 1000
F39 1000
F40 1000
F41 1000
F42 1000
F43 1000
F44 1000
F45 1000
F46 1000
F26_1 1000
F26_2 1000
F26_3 1000
F27_1 1000
F27_2 1000
F27_3 1000
F28_1 1000
F28_2 1000
F28_3 1000
F29_1 1000
F29_2 1000
F29_3 1000
F30_1 1000
F30_2 1000
F30_3 1000
F31_1 1000
F31_2 1000
F31_3 1000
F32_1 1000
F32_2 1000
F32_3 1000
F33_1 1000
F33_2 1000
F33_3 1000
F34_1 1000
F34_2 1000
F34_3 1000
F35_1 1000
F35_2 1000
F35_3 1000
F36_1 1000
F36_2 1000
F36_3 1000
F37_1 1000
F37_2 1000
F37_3 1000
F38_1 1000
F38_2 1000
F38_3 1000
F39_1 1000
F39_2 1000
F39_3 1000
F40_1 1000
F40_2 1000
F40_3 1000
F41_1 1000
F41_2 1000
F41_3 1000
F42_1 1000
F42_2 1000
F42_3 1000
F43_1 1000
F43_2 1000
F43_3 1000
F44_1 1000
F44_2 1000
F44_3 1000
F45_1 1000
F45_2 1000
F45_3 1000
F46_1 1000
F46_2 1000
F46_3 1000
Nσ 1000;

param s :=
N0 0
C1 10
C2 10
C3 10
C4 10
C5 10
C6 10
C7 10
C8 10
C9 10
C10 10
C11 10
C12 10
C13 10
C14 10
C15 10
C16 10
C17 10
C18 10
C19 10
C20 10
C21 10
C22 10
C23 10
C24 10
C25 10
F26 0
F27 0
F28 0
F29 0
F30 0
F31 0
F32 0
F33 0
F34 0
F35 0
F36 0
F37 0
F38 0
F39 0
F40 0
F41 0
F42 0
F43 0
F44 0
F45 0
F46 0
F26_1 0
F26_2 0
F26_3 0
F27_1 0
F27_2 0
F27_3 0
F28_1 0
F28_2 0
F28_3 0
F29_1 0
F29_2 0
F29_3 0
F30_1 0
F30_2 0
F30_3 0
F31_1 0
F31_2 0
F31_3 0
F32_1 0
F32_2 0
F32_3 0
F33_1 0
F33_2 0
F33_3 0
F34_1 0
F34_2 0
F34_3 0
F35_1 0
F35_2 0
F35_3 0
F36_1 0
F36_2 0
F36_3 0
F37_1 0
F37_2 0
F37_3 0
F38_1 0
F38_2 0
F38_3 0
F39_1 0
F39_2 0
F39_3 0
F40_1 0
F40_2 0
F40_3 0
F41_1 0
F41_2 0
F41_3 0
F42_1 0
F42_2 0
F42_3 0
F43_1 0
F43_2 0
F43_3 0
F44_1 0
F44_2 0
F44_3 0
F45_1 0
F45_2 0
F45_3 0
F46_1 0
F46_2 0
F46_3 0
Nσ 0;

param d : N0 C1 C2 C3 C4 C5 C6 C7 C8 C9 C10 C11 C12 C13 C14 C15 C16 C17 C18 C19 C20 C21 C22 C23 C24 C25 F26 F27 F28 F29 F30 F31 F32 F33 F34 F35 F36 F37 F38 F39 F40 F41 F42 F43 F44 F45 F46 F26_1 F26_2 F26_3 F27_1 F27_2 F27_3 F28_1 F28_2 F28_3 F29_1 F29_2 F29_3 F30_1 F30_2 F30_3 F31_1 F31_2 F31_3 F32_1 F32_2 F32_3 F33_1 F33_2 F33_3 F34_1 F34_2 F34_3 F35_1 F35_2 F35_3 F36_1 F36_2 F36_3 F37_1 F37_2 F37_3 F38_1 F38_2 F38_3 F39_1 F39_2 F39_3 F40_1 F40_2 F40_3 F41_1 F41_2 F41_3 F42_1 F42_2 F42_3 F43_1 F43_2 F43_3 F44_1 F44_2 F44_3 F45_1 F45_2 F45_3 F46_1 F46_2 F46_3 Nσ :=
N0 0.0000 11.1803 33.9706 34.9285 29.1548 49.9300 25.4951 25.4951 25.0000 21.3776 18.0278 35.4683 30.4138 19.2354 11.3137 17.4929 23.3238 24.7588 29.1548 46.5188 34.1760 26.2488 30.4138 14.8661 27.5862 30.0000 0.0000 26.0768 39.2046 25.0599 37.2022 24.7386 36.0139 26.4197 38.2099 18.0278 30.2655 25.8070 36.1386 14.8661 30.3645 15.0333 30.5941 30.0167 33.4215 30.4138 39.3192 0.0000 0.0000 0.0000 26.0768 26.0768 26.0768 39.2046 39.2046 39.2046 25.0599 25.0599 25.0599 37.2022 37.2022 37.2022 24.7386 24.7386 24.7386 36.0139 36.0139 36.0139 26.4197 26.4197 26.4197 38.2099 38.2099 38.2099 18.0278 18.0278 18.0278 30.2655 30.2655 30.2655 25.8070 25.8070 25.8070 36.1386 36.1386 36.1386 14.8661 14.8661 14.8661 30.3645 30.3645 30.3645 15.0333 15.0333 15.0333 30.5941 30.5941 30.5941 30.0167 30.0167 30.0167 33.4215 33.4215 33.4215 30.4138 30.4138 30.4138 39.3192 39.3192 39.3192 0.0000
C1 11.1803 0.0000 39.3573 39.0512 18.0278 59.8164 33.5410 14.3178 31.6228 32.2800 8.9443 29.2062 25.4951 22.0227 13.1529 6.4031 19.7231 35.6090 20.6155 48.0521 27.0740 19.8494 20.0000 6.0000 38.4187 40.3113 11.1803 36.6742 49.8197 34.8281 47.4236 29.2746 41.9762 28.1603 35.8469 13.0384 21.9317 14.8661 25.3180 5.0990 24.0208 13.4536 29.6816 32.6497 39.3954 38.0789 49.0000 11.1803 11.1803 11.1803 36.6742 36.6742 36.6742 49.8197 49.8197 49.8197 34.8281 34.8281 34.8281 47.4236 47.4236 47.4236 29.2746 29.2746 29.2746 41.9762 41.9762 41.9762 28.1603 28.1603 28.1603 35.8469 35.8469 35.8469 13.0384 13.0384 13.0384 21.9317 21.9317 21.9317 14.8661 14.8661 14.8661 25.3180 25.3180 25.3180 5.0990 5.0990 5.0990 24.0208 24.0208 24.0208 13.4536 13.4536 13.4536 29.6816 29.6816 29.6816 32.6497 32.6497 32.6497 39.3954 39.3954 39.3954 38.0789 38.0789 38.0789 49.0000 49.0000 49.0000 11.1803
C2 33.9706 39.3573 0.0000 65.8635 50.6360 65.0308 52.0000 49.4773 9.4340 27.2947 48.3011 68.2642 30.8058 52.4976 45.2769 42.3792 57.0088 40.6079 59.9333 79.0569 38.0789 58.8303 57.8705 37.0000 42.2966 23.5372 33.9706 25.0200 30.4138 46.8402 53.0848 56.3028 64.4748 59.6657 72.1803 51.0392 61.2699 46.6905 61.6117 38.2753 34.5254 27.2029 20.2485 10.4403 2.2361 9.2195 22.8035 33.9706 33.9706 33.9706 25.0200 25.0200 25.0200 30.4138 30.4138 30.4138 46.8402 46.8402 46.8402 53.0848 53.0848 53.0848 56.3028 56.3028 56.3028 64.4748 64.4748 64.4748 59.6657 59.6657 59.6657 72.1803 72.1803 72.1803 51.0392 51.0392 51.0392 61.2699 61.2699 61.2699 46.6905 46.6905 46.6905 61.6117 61.6117 61.6117 38.2753 38.2753 38.2753 34.5254 34.5254 34.5254 27.2029 27.2029 27.2029 20.2485 20.2485 20.2485 10.4403 10.4403 10.4403 2.2361 2.2361 2.2361 9.2195 9.2195 9.2195 22.8035 22.8035 22.8035 33.9706
C3 34.9285 39.0512 65.8635 0.0000 51.8652 35.9026 15.8114 47.4342 56.4358 41.7253 36.4005 32.6497 64.0703 17.0294 26.0000 43.5660 25.0599 31.0644 37.4433 14.4222 66.1211 31.0644 44.7772 45.0444 31.7648 50.9902 34.9285 46.6905 55.7584 23.3238 30.2655 10.1980 7.2801 12.0830 21.5407 29.4109 37.2022 50.6952 50.7740 44.1022 63.0079 49.4975 65.5134 64.2573 64.6607 59.4054 61.0737 34.9285 34.9285 34.9285 46.6905 46.6905 46.6905 55.7584 55.7584 55.7584 23.3238 23.3238 23.3238 30.2655 30.2655 30.2655 10.1980 10.1980 10.1980 7.2801 7.2801 7.2801 12.0830 12.0830 12.0830 21.5407 21.5407 21.5407 29.4109 29.4109 29.4109 37.2022 37.2022 37.2022 50.6952 50.6952 50.6952 50.7740 50.7740 50.7740 44.1022 44.1022 44.1022 63.0079 63.0079 63.0079 49.4975 49.4975 49.4975 65.5134 65.5134 65.5134 64.2573 64.2573 64.2573 64.6607 64.6607 64.6607 59.4054 59.4054 59.4054 61.0737 61.0737 61.0737 34.9285
C4 29.1548 18.0278 50.6360 51.8652 0.0000 77.1557 50.0000 4.4721 45.0000 49.7695 15.6525 29.1204 25.0000 35.7771 28.6007 11.6619 27.4591 53.6004 18.4391 57.2189 21.4009 23.0000 11.1803 15.5242 56.4004 57.0088 29.1548 53.7587 66.7608 52.3259 65.0692 43.3820 56.3649 39.8497 41.1096 22.4722 19.6469 4.0000 11.6619 14.8661 21.2603 24.0000 34.4384 41.4849 51.3517 52.0096 64.7765 29.1548 29.1548 29.1548 53.7587 53.7587 53.7587 66.7608 66.7608 66.7608 52.3259 52.3259 52.3259 65.0692 65.0692 65.0692 43.3820 43.3820 43.3820 56.3649 56.3649 56.3649 39.8497 39.8497 39.8497 41.1096 41.1096 41.1096 22.4722 22.4722 22.4722 19.6469 19.6469 19.6469 4.0000 4.0000 4.0000 11.6619 11.6619 11.6619 14.8661 14.8661 14.8661 21.2603 21.2603 21.2603 24.0000 24.0000 24.0000 34.4384 34.4384 34.4384 41.4849 41.4849 41.4849 51.3517 51.3517 51.3517 52.0096 52.0096 52.0096 64.7765 64.7765 64.7765 29.1548
C5 49.9300 59.8164 65.0308 35.9026 77.1557 0.0000 27.8029 72.8629 57.4282 38.4708 62.2415 66.6408 78.7909 43.8292 48.7955 66.0681 55.7584 26.5707 68.2422 47.0000 83.6481 62.1289 73.8783 64.6375 24.0416 42.1070 49.9300 40.0125 39.8497 25.0000 13.0000 37.5899 28.6356 44.2832 57.2800 56.8507 68.5055 74.5185 80.2808 64.4050 79.6053 63.5059 75.0000 69.0507 63.0079 56.0000 48.5077 49.9300 49.9300 49.9300 40.0125 40.0125 40.0125 39.8497 39.8497 39.8497 25.0000 25.0000 25.0000 13.0000 13.0000 13.0000 37.5899 37.5899 37.5899 28.6356 28.6356 28.6356 44.2832 44.2832 44.2832 57.2800 57.2800 57.2800 56.8507 56.8507 56.8507 68.5055 68.5055 68.5055 74.5185 74.5185 74.5185 80.2808 80.2808 80.2808 64.4050 64.4050 64.4050 79.6053 79.6053 79.6053 63.5059 63.5059 63.5059 75.0000 75.0000 75.0000 69.0507 69.0507 69.0507 63.0079 63.0079 63.0079 56.0000 56.0000 56.0000 48.5077 48.5077 48.5077 49.9300
C6 25.4951 33.5410 52.0000 15.8114 50.0000 27.8029 0.0000 45.6070 42.7200 26.4008 34.7131 39.8497 55.9017 16.1245 21.4009 39.4462 28.1780 15.2643 40.4969 30.2324 59.4811 34.4819 46.0977 39.0000 16.1555 35.3553 25.4951 31.1448 39.9625 7.6158 17.7200 11.0454 12.5300 18.1108 33.0151 29.0689 40.8167 47.7074 52.4976 38.4838 55.7853 40.4475 55.0091 51.9711 50.5668 44.7772 45.3431 25.4951 25.4951 25.4951 31.1448 31.1448 31.1448 39.9625 39.9625 39.9625 7.6158 7.6158 7.6158 17.7200 17.7200 17.7200 11.0454 11.0454 11.0454 12.5300 12.5300 12.5300 18.1108 18.1108 18.1108 33.0151 33.0151 33.0151 29.0689 29.0689 29.0689 40.8167 40.8167 40.8167 47.7074 47.7074 47.7074 52.4976 52.4976 52.4976 38.4838 38.4838 38.4838 55.7853 55.7853 55.7853 40.4475 40.4475 40.4475 55.0091 55.0091 55.0091 51.9711 51.9711 51.9711 50.5668 50.5668 50.5668 44.7772 44.7772 44.7772 45.3431 45.3431 45.3431 25.4951
C7 25.4951 14.3178 49.4773 47.4342 4.4721 72.8629 45.6070 0.0000 43.1856 46.4866 11.1803 26.0000 26.1725 31.3050 24.2074 8.2462 23.1948 49.6488 15.2315 53.0848 23.7065 19.1050 9.2195 13.0000 52.4309 54.1295 25.4951 50.6952 63.7887 48.1041 60.8769 38.9102 51.8941 35.4401 37.3363 18.0278 16.5529 4.4721 12.1655 12.0416 22.8035 22.3607 34.6699 40.8534 50.0100 50.0899 62.2896 25.4951 25.4951 25.4951 50.6952 50.6952 50.6952 63.7887 63.7887 63.7887 48.1041 48.1041 48.1041 60.8769 60.8769 60.8769 38.9102 38.9102 38.9102 51.8941 51.8941 51.8941 35.4401 35.4401 35.4401 37.3363 37.3363 37.3363 18.0278 18.0278 18.0278 16.5529 16.5529 16.5529 4.4721 4.4721 4.4721 12.1655 12.1655 12.1655 12.0416 12.0416 12.0416 22.8035 22.8035 22.8035 22.3607 22.3607 22.3607 34.6699 34.6699 34.6699 40.8534 40.8534 40.8534 50.0100 50.0100 50.0100 50.0899 50.0899 50.0899 62.2896 62.2896 62.2896 25.4951
C8 25.0000 31.6228 9.4340 56.4358 45.0000 57.4282 42.7200 43.1856 0.0000 19.0263 40.4969 59.9416 29.1548 43.1856 36.2353 35.5106 48.2597 32.0624 52.2015 69.6348 36.2353 50.5371 50.9902 30.2655 34.0000 18.0278 25.0000 18.0278 26.8701 37.8550 45.0444 46.8722 55.1543 50.3289 63.1269 42.5441 53.4883 41.0000 55.3263 31.4006 32.2025 21.0000 20.5183 12.0830 8.4853 7.0711 21.4709 25.0000 25.0000 25.0000 18.0278 18.0278 18.0278 26.8701 26.8701 26.8701 37.8550 37.8550 37.8550 45.0444 45.0444 45.0444 46.8722 46.8722 46.8722 55.1543 55.1543 55.1543 50.3289 50.3289 50.3289 63.1269 63.1269 63.1269 42.5441 42.5441 42.5441 53.4883 53.4883 53.4883 41.0000 41.0000 41.0000 55.3263 55.3263 55.3263 31.4006 31.4006 31.4006 32.2025 32.2025 32.2025 21.0000 21.0000 21.0000 20.5183 20.5183 20.5183 12.0830 12.0830 12.0830 8.4853 8.4853 8.4853 7.0711 7.0711 7.0711 21.4709 21.4709 21.4709 25.0000
C9 21.3776 32.2800 27.2947 41.7253 49.7695 38.4708 26.4008 46.4866 19.0263 0.0000 39.3192 54.7449 42.8019 32.6956 29.2746 38.2753 41.7732 13.3417 50.0100 55.9017 48.8365 46.1736 51.7880 34.4384 15.0333 9.8489 21.3776 5.3852 18.0000 20.1246 26.0192 33.6006 38.8330 38.9487 53.7122 38.0526 51.0000 46.0977 57.4891 34.9285 44.5982 29.0689 37.1618 30.5941 25.4951 18.9737 20.1246 21.3776 21.3776 21.3776 5.3852 5.3852 5.3852 18.0000 18.0000 18.0000 20.1246 20.1246 20.1246 26.0192 26.0192 26.0192 33.6006 33.6006 33.6006 38.8330 38.8330 38.8330 38.9487 38.9487 38.9487 53.7122 53.7122 53.7122 38.0526 38.0526 38.0526 51.0000 51.0000 51.0000 46.0977 46.0977 46.0977 57.4891 57.4891 57.4891 34.9285 34.9285 34.9285 44.5982 44.5982 44.5982 29.0689 29.0689 29.0689 37.1618 37.1618 37.1618 30.5941 30.5941 30.5941 25.4951 25.4951 25.4951 18.9737 18.9737 18.9737 20.1246 20.1246 20.1246 21.3776
C10 18.0278 8.9443 48.3011 36.4005 15.6525 62.2415 34.7131 11.1803 40.4969 39.3192 0.0000 20.5183 31.7805 20.1246 13.4536 8.5440 13.1529 40.2492 11.7047 43.0465 31.5753 11.4018 12.6491 12.8062 42.9418 48.0104 18.0278 44.1022 57.2189 37.8021 50.6063 27.7308 40.7185 24.5153 28.7924 7.0711 13.0000 14.3178 18.7883 11.4018 29.4109 22.0227 37.6431 41.4005 48.3322 46.8402 57.1402 18.0278 18.0278 18.0278 44.1022 44.1022 44.1022 57.2189 57.2189 57.2189 37.8021 37.8021 37.8021 50.6063 50.6063 50.6063 27.7308 27.7308 27.7308 40.7185 40.7185 40.7185 24.5153 24.5153 24.5153 28.7924 28.7924 28.7924 7.0711 7.0711 7.0711 13.0000 13.0000 13.0000 14.3178 14.3178 14.3178 18.7883 18.7883 18.7883 11.4018 11.4018 11.4018 29.4109 29.4109 29.4109 22.0227 22.0227 22.0227 37.6431 37.6431 37.6431 41.4005 41.4005 41.4005 48.3322 48.3322 48.3322 46.8402 46.8402 46.8402 57.1402 57.1402 57.1402 18.0278
C11 35.4683 29.2062 68.2642 32.6497 29.1204 66.6408 39.8497 26.0000 59.9416 54.7449 20.5183 0.0000 51.3128 24.3311 25.4951 28.4253 13.0384 51.1566 10.7703 31.7805 49.6588 9.4340 18.2483 33.2415 53.3385 64.3273 35.4683 60.0167 72.5603 45.8912 57.5674 29.1548 39.4081 22.3607 13.9284 17.4642 9.4868 30.4631 22.0907 31.8277 48.3735 42.5206 58.0517 61.8466 68.0955 65.7951 74.2159 35.4683 35.4683 35.4683 60.0167 60.0167 60.0167 72.5603 72.5603 72.5603 45.8912 45.8912 45.8912 57.5674 57.5674 57.5674 29.1548 29.1548 29.1548 39.4081 39.4081 39.4081 22.3607 22.3607 22.3607 13.9284 13.9284 13.9284 17.4642 17.4642 17.4642 9.4868 9.4868 9.4868 30.4631 30.4631 30.4631 22.0907 22.0907 22.0907 31.8277 31.8277 31.8277 48.3735 48.3735 48.3735 42.5206 42.5206 42.5206 58.0517 58.0517 58.0517 61.8466 61.8466 61.8466 68.0955 68.0955 68.0955 65.7951 65.7951 65.7951 74.2159 74.2159 74.2159 35.4683
C12 30.4138 25.4951 30.8058 64.0703 25.0000 78.7909 55.9017 26.1725 29.1548 42.8019 31.7805 51.3128 0.0000 47.1699 38.1182 23.2594 44.5982 52.3259 40.8044 73.5459 7.2801 42.9418 35.3553 19.6469 55.0091 46.0977 30.4138 44.5533 55.6058 54.7083 65.7951 54.0093 66.1211 53.6004 60.5392 37.9473 42.2019 21.9317 36.6197 20.8806 4.1231 15.5242 11.0000 20.3961 32.2800 35.7771 50.6063 30.4138 30.4138 30.4138 44.5533 44.5533 44.5533 55.6058 55.6058 55.6058 54.7083 54.7083 54.7083 65.7951 65.7951 65.7951 54.0093 54.0093 54.0093 66.1211 66.1211 66.1211 53.6004 53.6004 53.6004 60.5392 60.5392 60.5392 37.9473 37.9473 37.9473 42.2019 42.2019 42.2019 21.9317 21.9317 21.9317 36.6197 36.6197 36.6197 20.8806 20.8806 20.8806 4.1231 4.1231 4.1231 15.5242 15.5242 15.5242 11.0000 11.0000 11.0000 20.3961 20.3961 20.3961 32.2800 32.2800 32.2800 35.7771 35.7771 35.7771 50.6063 50.6063 50.6063 30.4138
C13 19.2354 22.0227 52.4976 17.0294 35.7771 43.8292 16.1245 31.3050 43.1856 32.6956 20.1246 24.3311 47.1699 0.0000 9.0554 26.6833 12.0830 27.0000 24.4131 27.3130 49.0918 18.3576 30.4138 28.0179 29.0689 42.5441 19.2354 38.0789 49.7293 21.5870 33.6155 7.6158 20.6155 7.2111 21.0238 13.6015 24.6982 34.1760 36.7696 27.0740 46.0000 32.9848 49.3356 49.2443 51.6624 47.5079 52.8015 19.2354 19.2354 19.2354 38.0789 38.0789 38.0789 49.7293 49.7293 49.7293 21.5870 21.5870 21.5870 33.6155 33.6155 33.6155 7.6158 7.6158 7.6158 20.6155 20.6155 20.6155 7.2111 7.2111 7.2111 21.0238 21.0238 21.0238 13.6015 13.6015 13.6015 24.6982 24.6982 24.6982 34.1760 34.1760 34.1760 36.7696 36.7696 36.7696 27.0740 27.0740 27.0740 46.0000 46.0000 46.0000 32.9848 32.9848 32.9848 49.3356 49.3356 49.3356 49.2443 49.2443 49.2443 51.6624 51.6624 51.6624 47.5079 47.5079 47.5079 52.8015 52.8015 52.8015 19.2354
C14 11.3137 13.1529 45.2769 26.0000 28.6007 48.7955 21.4009 24.2074 36.2353 29.2746 13.4536 25.4951 38.1182 9.0554 0.0000 18.3848 12.6491 27.5136 21.5870 36.0555 40.1995 17.0000 25.5539 19.1050 30.0832 38.8330 11.3137 34.5254 47.1699 24.4131 37.2022 16.1245 28.8617 15.8114 26.9072 9.2195 22.3607 26.4197 31.9061 18.2483 37.0135 24.0416 40.4969 41.0488 44.6878 41.3401 48.7647 11.3137 11.3137 11.3137 34.5254 34.5254 34.5254 47.1699 47.1699 47.1699 24.4131 24.4131 24.4131 37.2022 37.2022 37.2022 16.1245 16.1245 16.1245 28.8617 28.8617 28.8617 15.8114 15.8114 15.8114 26.9072 26.9072 26.9072 9.2195 9.2195 9.2195 22.3607 22.3607 22.3607 26.4197 26.4197 26.4197 31.9061 31.9061 31.9061 18.2483 18.2483 18.2483 37.0135 37.0135 37.0135 24.0416 24.0416 24.0416 40.4969 40.4969 40.4969 41.0488 41.0488 41.0488 44.6878 44.6878 44.6878 41.3401 41.3401 41.3401 48.7647 48.7647 48.7647 11.3137
C15 17.4929 6.4031 42.3792 43.5660 11.6619 66.0681 39.4462 8.2462 35.5106 38.2753 8.5440 28.4253 23.2594 26.6833 18.3848 0.0000 21.5870 42.0119 18.4391 51.2445 23.1948 19.7231 15.5242 5.3852 44.8219 45.8912 17.4929 42.4500 55.5428 41.1096 53.7587 34.2053 47.1275 32.0624 37.3363 15.1327 19.8494 8.4853 20.0000 4.1231 20.8806 15.2315 29.6985 34.4819 42.7200 42.2966 54.1479 17.4929 17.4929 17.4929 42.4500 42.4500 42.4500 55.5428 55.5428 55.5428 41.1096 41.1096 41.1096 53.7587 53.7587 53.7587 34.2053 34.2053 34.2053 47.1275 47.1275 47.1275 32.0624 32.0624 32.0624 37.3363 37.3363 37.3363 15.1327 15.1327 15.1327 19.8494 19.8494 19.8494 8.4853 8.4853 8.4853 20.0000 20.0000 20.0000 4.1231 4.1231 4.1231 20.8806 20.8806 20.8806 15.2315 15.2315 15.2315 29.6985 29.6985 29.6985 34.4819 34.4819 34.4819 42.7200 42.7200 42.7200 42.2966 42.2966 42.2966 54.1479 54.1479 54.1479 17.4929
C16 23.3238 19.7231 57.0088 25.0599 27.4591 55.7584 28.1780 23.1948 48.2597 41.7732 13.1529 13.0384 44.5982 12.0830 12.6491 21.5870 0.0000 38.3275 12.7279 30.0000 44.7214 6.4031 19.7231 25.0799 40.6079 51.4198 23.3238 47.0744 59.5399 33.5261 45.6946 18.4391 30.6105 13.0384 16.1245 6.7082 12.8062 27.0185 25.8070 23.7697 42.4500 33.0151 49.3964 51.6624 56.6127 53.7122 61.4003 23.3238 23.3238 23.3238 47.0744 47.0744 47.0744 59.5399 59.5399 59.5399 33.5261 33.5261 33.5261 45.6946 45.6946 45.6946 18.4391 18.4391 18.4391 30.6105 30.6105 30.6105 13.0384 13.0384 13.0384 16.1245 16.1245 16.1245 6.7082 6.7082 6.7082 12.8062 12.8062 12.8062 27.0185 27.0185 27.0185 25.8070 25.8070 25.8070 23.7697 23.7697 23.7697 42.4500 42.4500 42.4500 33.0151 33.0151 33.0151 49.3964 49.3964 49.3964 51.6624 51.6624 51.6624 56.6127 56.6127 56.6127 53.7122 53.7122 53.7122 61.4003 61.4003 61.4003 23.3238
C17 24.7588 35.6090 40.6079 31.0644 53.6004 26.5707 15.2643 49.6488 32.0624 13.3417 40.2492 51.1566 52.3259 27.0000 27.5136 42.0119 38.3275 0.0000 49.0408 45.4863 57.4543 43.9318 52.8015 39.5980 2.8284 20.8087 24.7588 17.0000 24.6982 7.8102 13.6015 25.0000 26.8701 31.5753 46.8722 36.6879 49.7293 50.4480 59.0339 39.6232 53.3385 37.2156 48.5077 43.1045 38.8330 32.2800 30.4138 24.7588 24.7588 24.7588 17.0000 17.0000 17.0000 24.6982 24.6982 24.6982 7.8102 7.8102 7.8102 13.6015 13.6015 13.6015 25.0000 25.0000 25.0000 26.8701 26.8701 26.8701 31.5753 31.5753 31.5753 46.8722 46.8722 46.8722 36.6879 36.6879 36.6879 49.7293 49.7293 49.7293 50.4480 50.4480 50.4480 59.0339 59.0339 59.0339 39.6232 39.6232 39.6232 53.3385 53.3385 53.3385 37.2156 37.2156 37.2156 48.5077 48.5077 48.5077 43.1045 43.1045 43.1045 38.8330 38.8330 38.8330 32.2800 32.2800 32.2800 30.4138 30.4138 30.4138 24.7588
C18 29.1548 20.6155 59.9333 37.4433 18.4391 68.2422 40.4969 15.2315 52.2015 50.0100 11.7047 10.7703 40.8044 24.4131 21.5870 18.4391 12.7279 49.0408 0.0000 40.0250 38.9102 6.4031 8.0623 23.6008 51.5461 59.0762 29.1548 55.0091 68.0074 45.1885 57.7062 31.1448 43.2782 25.6125 23.0217 12.3693 1.4142 19.6977 13.4164 22.2036 37.7359 33.2866 48.1041 52.6972 60.0083 58.5235 68.4690 29.1548 29.1548 29.1548 55.0091 55.0091 55.0091 68.0074 68.0074 68.0074 45.1885 45.1885 45.1885 57.7062 57.7062 57.7062 31.1448 31.1448 31.1448 43.2782 43.2782 43.2782 25.6125 25.6125 25.6125 23.0217 23.0217 23.0217 12.3693 12.3693 12.3693 1.4142 1.4142 1.4142 19.6977 19.6977 19.6977 13.4164 13.4164 13.4164 22.2036 22.2036 22.2036 37.7359 37.7359 37.7359 33.2866 33.2866 33.2866 48.1041 48.1041 48.1041 52.6972 52.6972 52.6972 60.0083 60.0083 60.0083 58.5235 58.5235 58.5235 68.4690 68.4690 68.4690 29.1548
C19 46.5188 48.0521 79.0569 14.4222 57.2189 47.0000 30.2324 53.0848 69.6348 55.9017 43.0465 31.7805 73.5459 27.3130 36.0555 51.2445 30.0000 45.4863 40.0250 0.0000 74.4312 34.3657 48.0521 53.9351 46.1411 65.2993 46.5188 60.9590 70.1783 37.7359 43.6807 22.8035 19.9249 20.2485 17.8885 36.1248 39.2938 57.0088 53.1601 52.7731 71.8471 60.0833 76.5506 76.4788 78.0064 73.1095 75.4321 46.5188 46.5188 46.5188 60.9590 60.9590 60.9590 70.1783 70.1783 70.1783 37.7359 37.7359 37.7359 43.6807 43.6807 43.6807 22.8035 22.8035 22.8035 19.9249 19.9249 19.9249 20.2485 20.2485 20.2485 17.8885 17.8885 17.8885 36.1248 36.1248 36.1248 39.2938 39.2938 39.2938 57.0088 57.0088 57.0088 53.1601 53.1601 53.1601 52.7731 52.7731 52.7731 71.8471 71.8471 71.8471 60.0833 60.0833 60.0833 76.5506 76.5506 76.5506 76.4788 76.4788 76.4788 78.0064 78.0064 78.0064 73.1095 73.1095 73.1095 75.4321 75.4321 75.4321 46.5188
C20 34.1760 27.0740 38.0789 66.1211 21.4009 83.6481 59.4811 23.7065 36.2353 48.8365 31.5753 49.6588 7.2801 49.0918 40.1995 23.1948 44.7214 57.4543 38.9102 74.4312 0.0000 42.0595 32.4500 21.0950 60.2080 52.8015 34.1760 50.9902 62.4260 59.0931 70.7107 56.3205 68.8840 55.0091 60.1664 38.3275 40.2492 19.2354 32.5269 22.0227 4.2426 20.2485 18.1108 27.6586 39.5601 42.9535 57.7062 34.1760 34.1760 34.1760 50.9902 50.9902 50.9902 62.4260 62.4260 62.4260 59.0931 59.0931 59.0931 70.7107 70.7107 70.7107 56.3205 56.3205 56.3205 68.8840 68.8840 68.8840 55.0091 55.0091 55.0091 60.1664 60.1664 60.1664 38.3275 38.3275 38.3275 40.2492 40.2492 40.2492 19.2354 19.2354 19.2354 32.5269 32.5269 32.5269 22.0227 22.0227 22.0227 4.2426 4.2426 4.2426 20.2485 20.2485 20.2485 18.1108 18.1108 18.1108 27.6586 27.6586 27.6586 39.5601 39.5601 39.5601 42.9535 42.9535 42.9535 57.7062 57.7062 57.7062 34.1760
C21 26.2488 19.8494 58.8303 31.0644 23.0000 62.1289 34.4819 19.1050 50.5371 46.1736 11.4018 9.4340 42.9418 18.3576 17.0000 19.7231 6.4031 43.9318 6.4031 34.3657 42.0595 0.0000 13.9284 24.2074 46.3249 55.5788 26.2488 51.3517 64.1249 39.5601 51.8941 24.8395 36.8782 19.2094 18.2483 8.2462 6.4031 23.3452 19.7231 22.8035 40.3113 33.2415 49.0408 52.4976 58.6686 56.4624 65.3070 26.2488 26.2488 26.2488 51.3517 51.3517 51.3517 64.1249 64.1249 64.1249 39.5601 39.5601 39.5601 51.8941 51.8941 51.8941 24.8395 24.8395 24.8395 36.8782 36.8782 36.8782 19.2094 19.2094 19.2094 18.2483 18.2483 18.2483 8.2462 8.2462 8.2462 6.4031 6.4031 6.4031 23.3452 23.3452 23.3452 19.7231 19.7231 19.7231 22.8035 22.8035 22.8035 40.3113 40.3113 40.3113 33.2415 33.2415 33.2415 49.0408 49.0408 49.0408 52.4976 52.4976 52.4976 58.6686 58.6686 58.6686 56.4624 56.4624 56.4624 65.3070 65.3070 65.3070 26.2488
C22 30.4138 20.0000 57.8705 44.7772 11.1803 73.8783 46.0977 9.2195 50.9902 51.7880 12.6491 18.2483 35.3553 30.4138 25.5539 15.5242 19.7231 52.8015 8.0623 48.0521 32.4500 13.9284 0.0000 20.8806 55.4617 60.2080 30.4138 56.4358 69.5845 49.9300 62.6817 37.6431 50.2195 32.7567 31.0644 17.0294 9.0000 13.4536 6.4031 19.6469 31.8904 30.6757 43.8292 49.6588 58.2409 57.7062 69.0000 30.4138 30.4138 30.4138 56.4358 56.4358 56.4358 69.5845 69.5845 69.5845 49.9300 49.9300 49.9300 62.6817 62.6817 62.6817 37.6431 37.6431 37.6431 50.2195 50.2195 50.2195 32.7567 32.7567 32.7567 31.0644 31.0644 31.0644 17.0294 17.0294 17.0294 9.0000 9.0000 9.0000 13.4536 13.4536 13.4536 6.4031 6.4031 6.4031 19.6469 19.6469 19.6469 31.8904 31.8904 31.8904 30.6757 30.6757 30.6757 43.8292 43.8292 43.8292 49.6588 49.6588 49.6588 58.2409 58.2409 58.2409 57.7062 57.7062 57.7062 69.0000 69.0000 69.0000 30.4138
C23 14.8661 6.0000 37.0000 45.0444 15.5242 64.6375 39.0000 13.0000 30.2655 34.4384 12.8062 33.2415 19.6469 28.0179 19.1050 5.3852 25.0799 39.5980 23.6008 53.9351 21.0950 24.2074 20.8806 0.0000 42.4264 41.4849 14.8661 38.2753 51.2445 39.6611 52.0096 35.2278 47.8539 34.1321 41.1461 18.3848 25.0000 11.7047 25.0799 1.4142 18.0278 9.8489 24.8395 29.1548 37.3631 37.1214 49.3660 14.8661 14.8661 14.8661 38.2753 38.2753 38.2753 51.2445 51.2445 51.2445 39.6611 39.6611 39.6611 52.0096 52.0096 52.0096 35.2278 35.2278 35.2278 47.8539 47.8539 47.8539 34.1321 34.1321 34.1321 41.1461 41.1461 41.1461 18.3848 18.3848 18.3848 25.0000 25.0000 25.0000 11.7047 11.7047 11.7047 25.0799 25.0799 25.0799 1.4142 1.4142 1.4142 18.0278 18.0278 18.0278 9.8489 9.8489 9.8489 24.8395 24.8395 24.8395 29.1548 29.1548 29.1548 37.3631 37.3631 37.3631 37.1214 37.1214 37.1214 49.3660 49.3660 49.3660 14.8661
C24 27.5862 38.4187 42.2966 31.7648 56.4004 24.0416 16.1555 52.4309 34.0000 15.0333 42.9418 53.3385 55.0091 29.0689 30.0832 44.8219 40.6079 2.8284 51.5461 46.1411 60.2080 46.3249 55.4617 42.4264 0.0000 21.4709 27.5862 18.0278 24.2074 8.5440 11.1803 26.4764 27.0185 33.2415 48.5077 39.2173 52.2015 53.2635 61.7171 42.4500 56.0803 39.9625 50.9608 45.2769 40.4475 33.7343 30.6105 27.5862 27.5862 27.5862 18.0278 18.0278 18.0278 24.2074 24.2074 24.2074 8.5440 8.5440 8.5440 11.1803 11.1803 11.1803 26.4764 26.4764 26.4764 27.0185 27.0185 27.0185 33.2415 33.2415 33.2415 48.5077 48.5077 48.5077 39.2173 39.2173 39.2173 52.2015 52.2015 52.2015 53.2635 53.2635 53.2635 61.7171 61.7171 61.7171 42.4500 42.4500 42.4500 56.0803 56.0803 56.0803 39.9625 39.9625 39.9625 50.9608 50.9608 50.9608 45.2769 45.2769 45.2769 40.4475 40.4475 40.4475 33.7343 33.7343 33.7343 30.6105 30.6105 30.6105 27.5862
C25 30.0000 40.3113 23.5372 50.9902 57.0088 42.1070 35.3553 54.1295 18.0278 9.8489 48.0104 64.3273 46.0977 42.5441 38.8330 45.8912 51.4198 20.8087 59.0762 65.2993 52.8015 55.5788 60.2080 41.4849 21.4709 0.0000 30.0000 4.4721 9.8489 28.4253 31.0483 43.2666 47.5079 48.7647 63.5610 47.3814 60.1332 53.1601 65.6201 42.2019 48.6004 34.4384 38.4187 30.0167 21.3776 14.3178 10.2956 30.0000 30.0000 30.0000 4.4721 4.4721 4.4721 9.8489 9.8489 9.8489 28.4253 28.4253 28.4253 31.0483 31.0483 31.0483 43.2666 43.2666 43.2666 47.5079 47.5079 47.5079 48.7647 48.7647 48.7647 63.5610 63.5610 63.5610 47.3814 47.3814 47.3814 60.1332 60.1332 60.1332 53.1601 53.1601 53.1601 65.6201 65.6201 65.6201 42.2019 42.2019 42.2019 48.6004 48.6004 48.6004 34.4384 34.4384 34.4384 38.4187 38.4187 38.4187 30.0167 30.0167 30.0167 21.3776 21.3776 21.3776 14.3178 14.3178 14.3178 10.2956 10.2956 10.2956 30.0000
F26 0.0000 11.1803 33.9706 34.9285 29.1548 49.9300 25.4951 25.4951 25.0000 21.3776 18.0278 35.4683 30.4138 19.2354 11.3137 17.4929 23.3238 24.7588 29.1548 46.5188 34.1760 26.2488 30.4138 14.8661 27.5862 30.0000 0.0000 26.0768 39.2046 25.0599 37.2022 24.7386 36.0139 26.4197 38.2099 18.0278 30.2655 25.8070 36.1386 14.8661 30.3645 15.0333 30.5941 30.0167 33.4215 30.4138 39.3192 0.0000 0.0000 0.0000 26.0768 26.0768 26.0768 39.2046 39.2046 39.2046 25.0599 25.0599 25.0599 37.2022 37.2022 37.2022 24.7386 24.7386 24.7386 36.0139 36.0139 36.0139 26.4197 26.4197 26.4197 38.2099 38.2099 38.2099 18.0278 18.0278 18.0278 30.2655 30.2655 30.2655 25.8070 25.8070 25.8070 36.1386 36.1386 36.1386 14.8661 14.8661 14.8661 30.3645 30.3645 30.3645 15.0333 15.0333 15.0333 30.5941 30.5941 30.5941 30.0167 30.0167 30.0167 33.4215 33.4215 33.4215 30.4138 30.4138 30.4138 39.3192 39.3192 39.3192 0.0000
F27 26.0768 36.6742 25.0200 46.6905 53.7587 40.0125 31.1448 50.6952 18.0278 5.3852 44.1022 60.0167 44.5533 38.0789 34.5254 42.4500 47.0744 17.0000 55.0091 60.9590 50.9902 51.3517 56.4358 38.2753 18.0278 4.4721 26.0768 0.0000 13.1529 24.4131 28.2843 38.8330 43.4166 44.2945 59.0931 43.1856 56.0357 49.9800 61.9839 38.8973 46.7547 31.9061 37.7359 30.0832 23.0000 16.0312 14.7648 26.0768 26.0768 26.0768 0.0000 0.0000 0.0000 13.1529 13.1529 13.1529 24.4131 24.4131 24.4131 28.2843 28.2843 28.2843 38.8330 38.8330 38.8330 43.4166 43.4166 43.4166 44.2945 44.2945 44.2945 59.0931 59.0931 59.0931 43.1856 43.1856 43.1856 56.0357 56.0357 56.0357 49.9800 49.9800 49.9800 61.9839 61.9839 61.9839 38.8973 38.8973 38.8973 46.7547 46.7547 46.7547 31.9061 31.9061 31.9061 37.7359 37.7359 37.7359 30.0832 30.0832 30.0832 23.0000 23.0000 23.0000 16.0312 16.0312 16.0312 14.7648 14.7648 14.7648 26.0768
F28 39.2046 49.8197 30.4138 55.7584 66.7608 39.8497 39.9625 63.7887 26.8701 18.0000 57.2189 72.5603 55.6058 49.7293 47.1699 55.5428 59.5399 24.6982 68.0074 70.1783 62.4260 64.1249 69.5845 51.2445 24.2074 9.8489 39.2046 13.1529 0.0000 32.4500 31.0644 49.2443 51.2250 55.3624 70.5195 56.0357 69.0000 62.9365 75.1332 51.9230 58.2495 44.2832 47.3814 38.4187 28.1780 21.6333 9.0000 39.2046 39.2046 39.2046 13.1529 13.1529 13.1529 0.0000 0.0000 0.0000 32.4500 32.4500 32.4500 31.0644 31.0644 31.0644 49.2443 49.2443 49.2443 51.2250 51.2250 51.2250 55.3624 55.3624 55.3624 70.5195 70.5195 70.5195 56.0357 56.0357 56.0357 69.0000 69.0000 69.0000 62.9365 62.9365 62.9365 75.1332 75.1332 75.1332 51.9230 51.9230 51.9230 58.2495 58.2495 58.2495 44.2832 44.2832 44.2832 47.3814 47.3814 47.3814 38.4187 38.4187 38.4187 28.1780 28.1780 28.1780 21.6333 21.6333 21.6333 9.0000 9.0000 9.0000 39.2046
F29 25.0599 34.8281 46.8402 23.3238 52.3259 25.0000 7.6158 48.1041 37.8550 20.1246 37.8021 45.8912 54.7083 21.5870 24.4131 41.1096 33.5261 7.8102 45.1885 37.7359 59.0931 39.5601 49.9300 39.6611 8.5440 28.4253 25.0599 24.4131 32.4500 0.0000 12.8062 18.1108 19.1050 25.0200 40.1995 33.1210 45.6946 49.5782 56.3028 39.4081 55.1543 39.2173 52.3450 48.0937 45.2217 39.0000 38.1838 25.0599 25.0599 25.0599 24.4131 24.4131 24.4131 32.4500 32.4500 32.4500 0.0000 0.0000 0.0000 12.8062 12.8062 12.8062 18.1108 18.1108 18.1108 19.1050 19.1050 19.1050 25.0200 25.0200 25.0200 40.1995 40.1995 40.1995 33.1210 33.1210 33.1210 45.6946 45.6946 45.6946 49.5782 49.5782 49.5782 56.3028 56.3028 56.3028 39.4081 39.4081 39.4081 55.1543 55.1543 55.1543 39.2173 39.2173 39.2173 52.3450 52.3450 52.3450 48.0937 48.0937 48.0937 45.2217 45.2217 45.2217 39.0000 39.0000 39.0000 38.1838 38.1838 38.1838 25.0599
F30 37.2022 47.4236 53.0848 30.2655 65.0692 13.0000 17.7200 60.8769 45.0444 26.0192 50.6063 57.5674 65.7951 33.6155 37.2022 53.7587 45.6946 13.6015 57.7062 43.6807 70.7107 51.8941 62.6817 52.0096 11.1803 31.0483 37.2022 28.2843 31.0644 12.8062 0.0000 28.6356 23.7697 35.6931 50.1597 45.7930 58.1378 62.2415 69.0652 51.8556 66.6483 50.5371 62.0967 56.4358 51.1566 44.2832 38.9102 37.2022 37.2022 37.2022 28.2843 28.2843 28.2843 31.0644 31.0644 31.0644 12.8062 12.8062 12.8062 0.0000 0.0000 0.0000 28.6356 28.6356 28.6356 23.7697 23.7697 23.7697 35.6931 35.6931 35.6931 50.1597 50.1597 50.1597 45.7930 45.7930 45.7930 58.1378 58.1378 58.1378 62.2415 62.2415 62.2415 69.0652 69.0652 69.0652 51.8556 51.8556 51.8556 66.6483 66.6483 66.6483 50.5371 50.5371 50.5371 62.0967 62.0967 62.0967 56.4358 56.4358 56.4358 51.1566 51.1566 51.1566 44.2832 44.2832 44.2832 38.9102 38.9102 38.9102 37.2022
F31 24.7386 29.2746 56.3028 10.1980 43.3820 37.5899 11.0454 38.9102 46.8722 33.6006 27.7308 29.1548 54.0093 7.6158 16.1245 34.2053 18.4391 25.0000 31.1448 22.8035 56.3205 24.8395 37.6431 35.2278 26.4764 43.2666 24.7386 38.8330 49.2443 18.1108 28.6356 0.0000 13.0000 7.0711 22.0907 21.0950 31.2410 41.7852 43.9318 34.3657 53.0848 39.3192 55.3173 54.2310 55.2178 50.3289 53.5350 24.7386 24.7386 24.7386 38.8330 38.8330 38.8330 49.2443 49.2443 49.2443 18.1108 18.1108 18.1108 28.6356 28.6356 28.6356 0.0000 0.0000 0.0000 13.0000 13.0000 13.0000 7.0711 7.0711 7.0711 22.0907 22.0907 22.0907 21.0950 21.0950 21.0950 31.2410 31.2410 31.2410 41.7852 41.7852 41.7852 43.9318 43.9318 43.9318 34.3657 34.3657 34.3657 53.0848 53.0848 53.0848 39.3192 39.3192 39.3192 55.3173 55.3173 55.3173 54.2310 54.2310 54.2310 55.2178 55.2178 55.2178 50.3289 50.3289 50.3289 53.5350 53.5350 53.5350 24.7386
F32 36.0139 41.9762 64.4748 7.2801 56.3649 28.6356 12.5300 51.8941 55.1543 38.8330 40.7185 39.4081 66.1211 20.6155 28.8617 47.1275 30.6105 26.8701 43.2782 19.9249 68.8840 36.8782 50.2195 47.8539 27.0185 47.5079 36.0139 43.4166 51.2250 19.1050 23.7697 13.0000 0.0000 17.6918 28.7924 34.0000 43.1856 54.7814 56.4004 47.0744 65.4905 51.0000 66.3702 64.0312 63.0714 57.3062 57.2800 36.0139 36.0139 36.0139 43.4166 43.4166 43.4166 51.2250 51.2250 51.2250 19.1050 19.1050 19.1050 23.7697 23.7697 23.7697 13.0000 13.0000 13.0000 0.0000 0.0000 0.0000 17.6918 17.6918 17.6918 28.7924 28.7924 28.7924 34.0000 34.0000 34.0000 43.1856 43.1856 43.1856 54.7814 54.7814 54.7814 56.4004 56.4004 56.4004 47.0744 47.0744 47.0744 65.4905 65.4905 65.4905 51.0000 51.0000 51.0000 66.3702 66.3702 66.3702 64.0312 64.0312 64.0312 63.0714 63.0714 63.0714 57.3062 57.3062 57.3062 57.2800 57.2800 57.2800 36.0139
F33 26.4197 28.1603 59.6657 12.0830 39.8497 44.2832 18.1108 35.4401 50.3289 38.9487 24.5153 22.3607 53.6004 7.2111 15.8114 32.0624 13.0384 31.5753 25.6125 20.2485 55.0091 19.2094 32.7567 34.1321 33.2415 48.7647 26.4197 44.2945 55.3624 25.0200 35.6931 7.0711 17.6918 0.0000 15.2971 17.4642 25.4951 38.8330 38.8330 33.0606 52.1536 39.8497 56.3028 56.4358 58.7963 54.4885 59.0593 26.4197 26.4197 26.4197 44.2945 44.2945 44.2945 55.3624 55.3624 55.3624 25.0200 25.0200 25.0200 35.6931 35.6931 35.6931 7.0711 7.0711 7.0711 17.6918 17.6918 17.6918 0.0000 0.0000 0.0000 15.2971 15.2971 15.2971 17.4642 17.4642 17.4642 25.4951 25.4951 25.4951 38.8330 38.8330 38.8330 38.8330 38.8330 38.8330 33.0606 33.0606 33.0606 52.1536 52.1536 52.1536 39.8497 39.8497 39.8497 56.3028 56.3028 56.3028 56.4358 56.4358 56.4358 58.7963 58.7963 58.7963 54.4885 54.4885 54.4885 59.0593 59.0593 59.0593 26.4197
F34 38.2099 35.8469 72.1803 21.5407 41.1096 57.2800 33.0151 37.3363 63.1269 53.7122 28.7924 13.9284 60.5392 21.0238 26.9072 37.3363 16.1245 46.8722 23.0217 17.8885 60.1664 18.2483 31.0644 41.1461 48.5077 63.5610 38.2099 59.0931 70.5195 40.1995 50.1597 22.0907 28.7924 15.2971 0.0000 22.8254 22.0907 41.5933 35.6931 39.8121 58.1893 49.0918 65.5134 67.4759 71.5891 68.0074 73.8241 38.2099 38.2099 38.2099 59.0931 59.0931 59.0931 70.5195 70.5195 70.5195 40.1995 40.1995 40.1995 50.1597 50.1597 50.1597 22.0907 22.0907 22.0907 28.7924 28.7924 28.7924 15.2971 15.2971 15.2971 0.0000 0.0000 0.0000 22.8254 22.8254 22.8254 22.0907 22.0907 22.0907 41.5933 41.5933 41.5933 35.6931 35.6931 35.6931 39.8121 39.8121 39.8121 58.1893 58.1893 58.1893 49.0918 49.0918 49.0918 65.5134 65.5134 65.5134 67.4759 67.4759 67.4759 71.5891 71.5891 71.5891 68.0074 68.0074 68.0074 73.8241 73.8241 73.8241 38.2099
F35 18.0278 13.0384 51.0392 29.4109 22.4722 56.8507 29.0689 18.0278 42.5441 38.0526 7.0711 17.4642 37.9473 13.6015 9.2195 15.1327 6.7082 36.6879 12.3693 36.1248 38.3275 8.2462 17.0294 18.3848 39.2173 47.3814 18.0278 43.1856 56.0357 33.1210 45.7930 21.0950 34.0000 17.4642 22.8254 0.0000 13.1529 21.3776 23.4307 17.0880 35.9026 26.4008 42.7200 45.2548 50.7740 48.3322 57.0701 18.0278 18.0278 18.0278 43.1856 43.1856 43.1856 56.0357 56.0357 56.0357 33.1210 33.1210 33.1210 45.7930 45.7930 45.7930 21.0950 21.0950 21.0950 34.0000 34.0000 34.0000 17.4642 17.4642 17.4642 22.8254 22.8254 22.8254 0.0000 0.0000 0.0000 13.1529 13.1529 13.1529 21.3776 21.3776 21.3776 23.4307 23.4307 23.4307 17.0880 17.0880 17.0880 35.9026 35.9026 35.9026 26.4008 26.4008 26.4008 42.7200 42.7200 42.7200 45.2548 45.2548 45.2548 50.7740 50.7740 50.7740 48.3322 48.3322 48.3322 57.0701 57.0701 57.0701 18.0278
F36 30.2655 21.9317 61.2699 37.2022 19.6469 68.5055 40.8167 16.5529 53.4883 51.0000 13.0000 9.4868 42.2019 24.6982 22.3607 19.8494 12.8062 49.7293 1.4142 39.2938 40.2492 6.4031 9.0000 25.0000 52.2015 60.1332 30.2655 56.0357 69.0000 45.6946 58.1378 31.2410 43.1856 25.4951 22.0907 13.1529 0.0000 21.0238 13.9284 23.6008 39.1152 34.6699 49.5177 54.0833 61.3270 59.7746 69.5845 30.2655 30.2655 30.2655 56.0357 56.0357 56.0357 69.0000 69.0000 69.0000 45.6946 45.6946 45.6946 58.1378 58.1378 58.1378 31.2410 31.2410 31.2410 43.1856 43.1856 43.1856 25.4951 25.4951 25.4951 22.0907 22.0907 22.0907 13.1529 13.1529 13.1529 0.0000 0.0000 0.0000 21.0238 21.0238 21.0238 13.9284 13.9284 13.9284 23.6008 23.6008 23.6008 39.1152 39.1152 39.1152 34.6699 34.6699 34.6699 49.5177 49.5177 49.5177 54.0833 54.0833 54.0833 61.3270 61.3270 61.3270 59.7746 59.7746 59.7746 69.5845 69.5845 69.5845 30.2655
F37 25.8070 14.8661 46.6905 50.6952 4.0000 74.5185 47.7074 4.4721 41.0000 46.0977 14.3178 30.4631 21.9317 34.1760 26.4197 8.4853 27.0185 50.4480 19.6977 57.0088 19.2354 23.3452 13.4536 11.7047 53.2635 53.1601 25.8070 49.9800 62.9365 49.5782 62.2415 41.7852 54.7814 38.8330 41.5933 21.3776 21.0238 0.0000 15.2315 11.1803 18.4391 20.0000 30.8869 37.6431 47.3814 48.0104 60.8276 25.8070 25.8070 25.8070 49.9800 49.9800 49.9800 62.9365 62.9365 62.9365 49.5782 49.5782 49.5782 62.2415 62.2415 62.2415 41.7852 41.7852 41.7852 54.7814 54.7814 54.7814 38.8330 38.8330 38.8330 41.5933 41.5933 41.5933 21.3776 21.3776 21.3776 21.0238 21.0238 21.0238 0.0000 0.0000 0.0000 15.2315 15.2315 15.2315 11.1803 11.1803 11.1803 18.4391 18.4391 18.4391 20.0000 20.0000 20.0000 30.8869 30.8869 30.8869 37.6431 37.6431 37.6431 47.3814 47.3814 47.3814 48.0104 48.0104 48.0104 60.8276 60.8276 60.8276 25.8070
F38 36.1386 25.3180 61.6117 50.7740 11.6619 80.2808 52.4976 12.1655 55.3263 57.4891 18.7883 22.0907 36.6197 36.7696 31.9061 20.0000 25.8070 59.0339 13.4164 53.1601 32.5269 19.7231 6.4031 25.0799 61.7171 65.6201 36.1386 61.9839 75.1332 56.3028 69.0652 43.9318 56.4004 38.8330 35.6931 23.4307 13.9284 15.2315 0.0000 24.0208 32.8024 34.5254 46.0652 52.8110 62.1691 62.2013 74.1080 36.1386 36.1386 36.1386 61.9839 61.9839 61.9839 75.1332 75.1332 75.1332 56.3028 56.3028 56.3028 69.0652 69.0652 69.0652 43.9318 43.9318 43.9318 56.4004 56.4004 56.4004 38.8330 38.8330 38.8330 35.6931 35.6931 35.6931 23.4307 23.4307 23.4307 13.9284 13.9284 13.9284 15.2315 15.2315 15.2315 0.0000 0.0000 0.0000 24.0208 24.0208 24.0208 32.8024 32.8024 32.8024 34.5254 34.5254 34.5254 46.0652 46.0652 46.0652 52.8110 52.8110 52.8110 62.1691 62.1691 62.1691 62.2013 62.2013 62.2013 74.1080 74.1080 74.1080 36.1386
