#definition

# set
set V := C1 C2 C3 C4 C5 C6 C7 C8 C9 C10 C11 C12 C13 C14 C15 
C16 C17 C18 C19 C20 C21 C22 C23 C24 C25 ; 	# customer set
set F := F26 F27 F28 F29 F30 
F31 F32 F33 F34 F35
F36 F37 F38 F39 F40
F41 F42 F43 F44 F45 F46
F26_1 F26_2 F26_3  
F27_1 F27_2 F27_3 
F28_1 F28_2 F28_3 
F29_1 F29_2 F29_3 
F30_1 F30_2 F30_3 
F31_1 F31_2 F31_3 
F32_1 F32_2 F32_3 
F33_1 F33_2 F33_3 
F34_1 F34_2 F34_3 
F35_1 F35_2 F35_3 
F36_1 F36_2 F36_3 
F37_1 F37_2 F37_3 
F38_1 F38_2 F38_3 
F39_1 F39_2 F39_3 
F40_1 F40_2 F40_3 
F41_1 F41_2 F41_3 
F42_1 F42_2 F42_3 
F43_1 F43_2 F43_3 
F44_1 F44_2 F44_3 
F45_1 F45_2 F45_3 
F46_1 F46_2 F46_3  ;#recharging & battery swapping station
set D0 :=N0;
set Dσ :=Nσ;


# param
param CV := 50;    		# ECV fixed cost(Topic Given)
param C := 1000;   		# ECV max load
param Q := 198.88; 		# ECV/BSV battery level
param h := 1;     		# ECV consumption

param CB := 60;    		# BSV fixed cost(Topic Given)
param Qplun := 5;       # BSV max load(battery)
param hplun := 1;     	# BSV consumption
param W := 397.76;		# BSV battery level

param Cde := 1;    		# ECV cost per unit distance
param Cdb := 1;    		# BSV cost per unit distance
param lamda := 3.00;	# battery swap time
param Cb :=8 ;  	    # battery swap cost(BSS/BSV)
param n :=25;	   		# number of customers
param g := 0.45 ;     	# the recharging rate of ECV 



# customer demend
param m :=
N0 0
C1 30
C2 18
C3 36
C4 11
C5 13
C6 23
C7 19
C8 13
C9 13
C10 2
C11 26
C12 22
C13 16
C14 8
C15 3
C16 20
C17 3
C18 5
C19 23
C20 6
C21 10
C22 2
C23 28
C24 9
C25 9
F26 0
F27 0
F28 0
F29 0
F30 0
F31 0
F32 0
F33 0
F34 0
F35 0
F36 0
F37 0
F38 0
F39 0
F40 0
F41 0
F42 0
F43 0
F44 0
F45 0
F46 0
F26_1 0
F26_2 0
F26_3 0
F27_1 0
F27_2 0
F27_3 0
F28_1 0
F28_2 0
F28_3 0
F29_1 0
F29_2 0
F29_3 0
F30_1 0
F30_2 0
F30_3 0
F31_1 0
F31_2 0
F31_3 0
F32_1 0
F32_2 0
F32_3 0
F33_1 0
F33_2 0
F33_3 0
F34_1 0
F34_2 0
F34_3 0
F35_1 0
F35_2 0
F35_3 0
F36_1 0
F36_2 0
F36_3 0
F37_1 0
F37_2 0
F37_3 0
F38_1 0
F38_2 0
F38_3 0
F39_1 0
F39_2 0
F39_3 0
F40_1 0
F40_2 0
F40_3 0
F41_1 0
F41_2 0
F41_3 0
F42_1 0
F42_2 0
F42_3 0
F43_1 0
F43_2 0
F43_3 0
F44_1 0
F44_2 0
F44_3 0
F45_1 0
F45_2 0
F45_3 0
F46_1 0
F46_2 0
F46_3 0
Nσ 0;

param e :=
N0 0
C1 401
C2 740
C3 720
C4 24
C5 212
C6 307
C7 203
C8 436
C9 475
C10 18
C11 20
C12 729
C13 106
C14 630
C15 672
C16 49
C17 345
C18 25
C19 639
C20 728
C21 125
C22 682
C23 17
C24 132
C25 214
F26 0
F27 0
F28 0
F29 0
F30 0
F31 0
F32 0
F33 0
F34 0
F35 0
F36 0
F37 0
F38 0
F39 0
F40 0
F41 0
F42 0
F43 0
F44 0
F45 0
F46 0
F26_1 0
F26_2 0
F26_3 0
F27_1 0
F27_2 0
F27_3 0
F28_1 0
F28_2 0
F28_3 0
F29_1 0
F29_2 0
F29_3 0
F30_1 0
F30_2 0
F30_3 0
F31_1 0
F31_2 0
F31_3 0
F32_1 0
F32_2 0
F32_3 0
F33_1 0
F33_2 0
F33_3 0
F34_1 0
F34_2 0
F34_3 0
F35_1 0
F35_2 0
F35_3 0
F36_1 0
F36_2 0
F36_3 0
F37_1 0
F37_2 0
F37_3 0
F38_1 0
F38_2 0
F38_3 0
F39_1 0
F39_2 0
F39_3 0
F40_1 0
F40_2 0
F40_3 0
F41_1 0
F41_2 0
F41_3 0
F42_1 0
F42_2 0
F42_3 0
F43_1 0
F43_2 0
F43_3 0
F44_1 0
F44_2 0
F44_3 0
F45_1 0
F45_2 0
F45_3 0
F46_1 0
F46_2 0
F46_3 0
Nσ 0;

param l :=
N0 1000
C1 641
C2 980
C3 960
C4 264
C5 452
C6 547
C7 443
C8 676
C9 715
C10 258
C11 260
C12 969
C13 346
C14 870
C15 912
C16 289
C17 585
C18 265
C19 879
C20 968
C21 365
C22 922
C23 257
C24 372
C25 454
F26 1000
F27 1000
F28 1000
F29 1000
F30 1000
F31 1000
F32 1000
F33 1000
F34 1000
F35 1000
F36 1000
F37 1000
F38 1000
F39 1000
F40 1000
F41 1000
F42 1000
F43 1000
F44 1000
F45 1000
F46 1000
F26_1 1000
F26_2 1000
F26_3 1000
F27_1 1000
F27_2 1000
F27_3 1000
F28_1 1000
F28_2 1000
F28_3 1000
F29_1 1000
F29_2 1000
F29_3 1000
F30_1 1000
F30_2 1000
F30_3 1000
F31_1 1000
F31_2 1000
F31_3 1000
F32_1 1000
F32_2 1000
F32_3 1000
F33_1 1000
F33_2 1000
F33_3 1000
F34_1 1000
F34_2 1000
F34_3 1000
F35_1 1000
F35_2 1000
F35_3 1000
F36_1 1000
F36_2 1000
F36_3 1000
F37_1 1000
F37_2 1000
F37_3 1000
F38_1 1000
F38_2 1000
F38_3 1000
F39_1 1000
F39_2 1000
F39_3 1000
F40_1 1000
F40_2 1000
F40_3 1000
F41_1 1000
F41_2 1000
F41_3 1000
F42_1 1000
F42_2 1000
F42_3 1000
F43_1 1000
F43_2 1000
F43_3 1000
F44_1 1000
F44_2 1000
F44_3 1000
F45_1 1000
F45_2 1000
F45_3 1000
F46_1 1000
F46_2 1000
F46_3 1000
Nσ 1000;

param s :=
N0 0
C1 10
C2 10
C3 10
C4 10
C5 10
C6 10
C7 10
C8 10
C9 10
C10 10
C11 10
C12 10
C13 10
C14 10
C15 10
C16 10
C17 10
C18 10
C19 10
C20 10
C21 10
C22 10
C23 10
C24 10
C25 10
F26 0
F27 0
F28 0
F29 0
F30 0
F31 0
F32 0
F33 0
F34 0
F35 0
F36 0
F37 0
F38 0
F39 0
F40 0
F41 0
F42 0
F43 0
F44 0
F45 0
F46 0
F26_1 0
F26_2 0
F26_3 0
F27_1 0
F27_2 0
F27_3 0
F28_1 0
F28_2 0
F28_3 0
F29_1 0
F29_2 0
F29_3 0
F30_1 0
F30_2 0
F30_3 0
F31_1 0
F31_2 0
F31_3 0
F32_1 0
F32_2 0
F32_3 0
F33_1 0
F33_2 0
F33_3 0
F34_1 0
F34_2 0
F34_3 0
F35_1 0
F35_2 0
F35_3 0
F36_1 0
F36_2 0
F36_3 0
F37_1 0
F37_2 0
F37_3 0
F38_1 0
F38_2 0
F38_3 0
F39_1 0
F39_2 0
F39_3 0
F40_1 0
F40_2 0
F40_3 0
F41_1 0
F41_2 0
F41_3 0
F42_1 0
F42_2 0
F42_3 0
F43_1 0
F43_2 0
F43_3 0
F44_1 0
F44_2 0
F44_3 0
F45_1 0
F45_2 0
F45_3 0
F46_1 0
F46_2 0
F46_3 0
Nσ 0;

param d : N0 C1 C2 C3 C4 C5 C6 C7 C8 C9 C10 C11 C12 C13 C14 C15 C16 C17 C18 C19 C20 C21 C22 C23 C24 C25 F26 F27 F28 F29 F30 F31 F32 F33 F34 F35 F36 F37 F38 F39 F40 F41 F42 F43 F44 F45 F46 F26_1 F26_2 F26_3 F27_1 F27_2 F27_3 F28_1 F28_2 F28_3 F29_1 F29_2 F29_3 F30_1 F30_2 F30_3 F31_1 F31_2 F31_3 F32_1 F32_2 F32_3 F33_1 F33_2 F33_3 F34_1 F34_2 F34_3 F35_1 F35_2 F35_3 F36_1 F36_2 F36_3 F37_1 F37_2 F37_3 F38_1 F38_2 F38_3 F39_1 F39_2 F39_3 F40_1 F40_2 F40_3 F41_1 F41_2 F41_3 F42_1 F42_2 F42_3 F43_1 F43_2 F43_3 F44_1 F44_2 F44_3 F45_1 F45_2 F45_3 F46_1 F46_2 F46_3 Nσ :=
N0 0.0000 43.9318 9.0554 27.8029 24.7588 15.6525 25.5539 29.1548 22.3607 16.9706 18.3848 20.6155 20.2485 23.3238 41.0366 18.0278 49.9300 11.1803 25.4951 11.1803 21.0950 21.2603 30.4138 17.8045 29.8329 19.2354 0.0000 26.0768 39.2046 25.0599 37.2022 24.7386 36.0139 26.4197 38.2099 18.0278 30.2655 25.8070 36.1386 14.8661 30.3645 15.0333 30.5941 30.0167 33.4215 30.4138 39.3192 0.0000 0.0000 0.0000 26.0768 26.0768 26.0768 39.2046 39.2046 39.2046 25.0599 25.0599 25.0599 37.2022 37.2022 37.2022 24.7386 24.7386 24.7386 36.0139 36.0139 36.0139 26.4197 26.4197 26.4197 38.2099 38.2099 38.2099 18.0278 18.0278 18.0278 30.2655 30.2655 30.2655 25.8070 25.8070 25.8070 36.1386 36.1386 36.1386 14.8661 14.8661 14.8661 30.3645 30.3645 30.3645 15.0333 15.0333 15.0333 30.5941 30.5941 30.5941 30.0167 30.0167 30.0167 33.4215 33.4215 33.4215 30.4138 30.4138 30.4138 39.3192 39.3192 39.3192 0.0000
C1 43.9318 0.0000 51.6140 17.4642 49.6488 50.2494 54.7814 48.1664 54.1295 46.0652 48.7032 39.0512 45.6070 22.8473 57.0789 35.7351 56.7186 42.4853 58.8218 49.2443 58.8303 48.7647 38.0132 46.4866 63.5610 25.6125 43.9318 63.1348 73.9256 42.4500 51.0882 24.6982 28.1603 18.8680 7.0711 29.5466 29.0172 48.6621 42.4264 46.6154 65.1460 55.5698 72.0694 73.6003 77.0779 73.1095 77.8974 43.9318 43.9318 43.9318 63.1348 63.1348 63.1348 73.9256 73.9256 73.9256 42.4500 42.4500 42.4500 51.0882 51.0882 51.0882 24.6982 24.6982 24.6982 28.1603 28.1603 28.1603 18.8680 18.8680 18.8680 7.0711 7.0711 7.0711 29.5466 29.5466 29.5466 29.0172 29.0172 29.0172 48.6621 48.6621 48.6621 42.4264 42.4264 42.4264 46.6154 46.6154 46.6154 65.1460 65.1460 65.1460 55.5698 55.5698 55.5698 72.0694 72.0694 72.0694 73.6003 73.6003 73.6003 77.0779 77.0779 77.0779 73.1095 73.1095 73.1095 77.8974 77.8974 77.8974 43.9318
C2 9.0554 51.6140 0.0000 34.7131 31.0644 20.6155 30.4138 26.6833 26.8701 23.7065 14.5602 21.3776 18.1108 29.6985 47.4342 20.6155 57.2451 11.7047 18.4391 6.0828 22.8254 17.7200 31.2570 15.1327 32.2490 27.8568 9.0554 27.3130 40.1622 32.8938 44.2945 33.7343 45.0444 34.9285 45.4533 23.4307 33.6155 22.8035 36.0000 12.0416 22.3607 6.3246 21.5870 22.0227 27.7308 26.4764 38.2099 9.0554 9.0554 9.0554 27.3130 27.3130 27.3130 40.1622 40.1622 40.1622 32.8938 32.8938 32.8938 44.2945 44.2945 44.2945 33.7343 33.7343 33.7343 45.0444 45.0444 45.0444 34.9285 34.9285 34.9285 45.4533 45.4533 45.4533 23.4307 23.4307 23.4307 33.6155 33.6155 33.6155 22.8035 22.8035 22.8035 36.0000 36.0000 36.0000 12.0416 12.0416 12.0416 22.3607 22.3607 22.3607 6.3246 6.3246 6.3246 21.5870 21.5870 21.5870 22.0227 22.0227 22.0227 27.7308 27.7308 27.7308 26.4764 26.4764 26.4764 38.2099 38.2099 38.2099 9.0554
C3 27.8029 17.4642 34.7131 0.0000 40.0000 37.3631 44.1814 32.1403 42.5793 34.3657 31.3209 22.0907 28.4429 5.3852 51.6624 18.4391 55.0091 25.0599 41.4849 31.9061 45.5412 31.5753 23.4094 29.1204 51.9711 13.0000 27.8029 50.2892 62.3699 34.3657 45.8803 17.4642 28.3196 10.8167 10.8167 12.0830 15.2643 32.0156 29.0689 29.1548 47.8017 38.2753 54.7083 56.7274 61.2209 57.9828 64.8460 27.8029 27.8029 27.8029 50.2892 50.2892 50.2892 62.3699 62.3699 62.3699 34.3657 34.3657 34.3657 45.8803 45.8803 45.8803 17.4642 17.4642 17.4642 28.3196 28.3196 28.3196 10.8167 10.8167 10.8167 10.8167 10.8167 10.8167 12.0830 12.0830 12.0830 15.2643 15.2643 15.2643 32.0156 32.0156 32.0156 29.0689 29.0689 29.0689 29.1548 29.1548 29.1548 47.8017 47.8017 47.8017 38.2753 38.2753 38.2753 54.7083 54.7083 54.7083 56.7274 56.7274 56.7274 61.2209 61.2209 61.2209 57.9828 57.9828 57.9828 64.8460 64.8460 64.8460 27.8029
C4 24.7588 49.6488 31.0644 40.0000 0.0000 10.7703 5.6569 53.6004 7.2801 7.8102 43.1393 43.9090 44.8219 38.3275 16.4012 40.2492 26.5707 35.6090 49.4065 35.4683 15.2971 46.0109 52.8015 42.5206 14.8661 27.0000 24.7588 17.0000 24.6982 7.8102 13.6015 25.0000 26.8701 31.5753 46.8722 36.6879 49.7293 50.4480 59.0339 39.6232 53.3385 37.2156 48.5077 43.1045 38.8330 32.2800 30.4138 24.7588 24.7588 24.7588 17.0000 17.0000 17.0000 24.6982 24.6982 24.6982 7.8102 7.8102 7.8102 13.6015 13.6015 13.6015 25.0000 25.0000 25.0000 26.8701 26.8701 26.8701 31.5753 31.5753 31.5753 46.8722 46.8722 46.8722 36.6879 36.6879 36.6879 49.7293 49.7293 49.7293 50.4480 50.4480 50.4480 59.0339 59.0339 59.0339 39.6232 39.6232 39.6232 53.3385 53.3385 53.3385 37.2156 37.2156 37.2156 48.5077 48.5077 48.5077 43.1045 43.1045 43.1045 38.8330 38.8330 38.8330 32.2800 32.2800 32.2800 30.4138 30.4138 30.4138 24.7588
C5 15.6525 50.2494 20.6155 37.3631 10.7703 0.0000 10.0000 44.7772 6.7082 5.3852 33.6006 36.0555 35.8469 34.3657 26.9258 32.9848 37.3363 26.8328 39.0512 25.4951 8.6023 36.6197 45.6070 33.2866 15.0000 25.0799 15.6525 13.0000 25.1794 15.1327 24.3516 26.2488 32.6497 31.3847 46.0977 31.0161 44.1022 41.3401 51.5461 30.2324 42.7200 26.6271 37.8550 33.0151 30.4631 24.6982 27.7308 15.6525 15.6525 15.6525 13.0000 13.0000 13.0000 25.1794 25.1794 25.1794 15.1327 15.1327 15.1327 24.3516 24.3516 24.3516 26.2488 26.2488 26.2488 32.6497 32.6497 32.6497 31.3847 31.3847 31.3847 46.0977 46.0977 46.0977 31.0161 31.0161 31.0161 44.1022 44.1022 44.1022 41.3401 41.3401 41.3401 51.5461 51.5461 51.5461 30.2324 30.2324 30.2324 42.7200 42.7200 42.7200 26.6271 26.6271 26.6271 37.8550 37.8550 37.8550 33.0151 33.0151 33.0151 30.4631 30.4631 30.4631 24.6982 24.6982 24.6982 27.7308 27.7308 27.7308 15.6525
C6 25.5539 54.7814 30.4138 44.1814 5.6569 10.0000 0.0000 54.7083 3.6056 10.0499 43.6005 45.6946 45.7930 42.0119 18.0278 42.3792 29.4279 36.7151 48.8365 35.4683 11.0454 46.6154 55.0273 43.2666 9.2195 31.2570 25.5539 11.7047 19.2354 13.4536 17.0000 30.0832 32.5269 36.4005 51.6624 39.6232 52.7731 51.3128 61.0983 40.2244 52.2015 36.2353 45.8803 39.6232 34.2345 27.4591 24.7588 25.5539 25.5539 25.5539 11.7047 11.7047 11.7047 19.2354 19.2354 19.2354 13.4536 13.4536 13.4536 17.0000 17.0000 17.0000 30.0832 30.0832 30.0832 32.5269 32.5269 32.5269 36.4005 36.4005 36.4005 51.6624 51.6624 51.6624 39.6232 39.6232 39.6232 52.7731 52.7731 52.7731 51.3128 51.3128 51.3128 61.0983 61.0983 61.0983 40.2244 40.2244 40.2244 52.2015 52.2015 52.2015 36.2353 36.2353 36.2353 45.8803 45.8803 45.8803 39.6232 39.6232 39.6232 34.2345 34.2345 34.2345 27.4591 27.4591 27.4591 24.7588 24.7588 24.7588 25.5539
C7 29.1548 48.1664 26.6833 32.1403 53.6004 44.7772 54.7083 0.0000 51.4782 45.8039 12.1655 11.1803 8.9443 27.4591 69.5270 15.6525 77.1557 18.0278 16.1245 20.6155 49.0408 9.0554 11.1803 11.7047 58.3095 35.7771 29.1548 53.7587 66.7608 52.3259 65.0692 43.3820 56.3649 39.8497 41.1096 22.4722 19.6469 4.0000 11.6619 14.8661 21.2603 24.0000 34.4384 41.4849 51.3517 52.0096 64.7765 29.1548 29.1548 29.1548 53.7587 53.7587 53.7587 66.7608 66.7608 66.7608 52.3259 52.3259 52.3259 65.0692 65.0692 65.0692 43.3820 43.3820 43.3820 56.3649 56.3649 56.3649 39.8497 39.8497 39.8497 41.1096 41.1096 41.1096 22.4722 22.4722 22.4722 19.6469 19.6469 19.6469 4.0000 4.0000 4.0000 11.6619 11.6619 11.6619 14.8661 14.8661 14.8661 21.2603 21.2603 21.2603 24.0000 24.0000 24.0000 34.4384 34.4384 34.4384 41.4849 41.4849 41.4849 51.3517 51.3517 51.3517 52.0096 52.0096 52.0096 64.7765 64.7765 64.7765 29.1548
C8 22.3607 54.1295 26.8701 42.5793 7.2801 6.7082 3.6056 51.4782 0.0000 8.2462 40.2244 42.7200 42.5441 40.0500 21.5407 39.5601 32.7567 33.5410 45.2769 32.0156 8.0623 43.2666 52.2015 39.9625 9.4868 29.8329 22.3607 10.0000 19.9249 14.4222 20.0998 29.5296 33.4215 35.4683 50.5964 37.2156 50.3587 48.0208 58.1893 36.8917 48.6004 32.6497 42.3792 36.3456 31.5753 25.0000 24.2074 22.3607 22.3607 22.3607 10.0000 10.0000 10.0000 19.9249 19.9249 19.9249 14.4222 14.4222 14.4222 20.0998 20.0998 20.0998 29.5296 29.5296 29.5296 33.4215 33.4215 33.4215 35.4683 35.4683 35.4683 50.5964 50.5964 50.5964 37.2156 37.2156 37.2156 50.3587 50.3587 50.3587 48.0208 48.0208 48.0208 58.1893 58.1893 58.1893 36.8917 36.8917 36.8917 48.6004 48.6004 48.6004 32.6497 32.6497 32.6497 42.3792 42.3792 42.3792 36.3456 36.3456 36.3456 31.5753 31.5753 31.5753 25.0000 25.0000 25.0000 24.2074 24.2074 24.2074 22.3607
C9 16.9706 46.0652 23.7065 34.3657 7.8102 5.3852 10.0499 45.8039 8.2462 0.0000 35.3553 36.2353 37.0135 32.0000 24.0832 32.6956 33.5410 27.8029 41.8808 27.8029 13.4536 38.2099 45.3100 34.7131 17.7200 21.5870 16.9706 17.2047 28.1603 10.0000 20.5913 21.6333 27.2947 27.3130 42.3792 29.6142 42.7551 42.6380 51.4782 31.8277 46.0652 29.9666 42.4264 38.1182 35.8469 30.0167 31.9061 16.9706 16.9706 16.9706 17.2047 17.2047 17.2047 28.1603 28.1603 28.1603 10.0000 10.0000 10.0000 20.5913 20.5913 20.5913 21.6333 21.6333 21.6333 27.2947 27.2947 27.2947 27.3130 27.3130 27.3130 42.3792 42.3792 42.3792 29.6142 29.6142 29.6142 42.7551 42.7551 42.7551 42.6380 42.6380 42.6380 51.4782 51.4782 51.4782 31.8277 31.8277 31.8277 46.0652 46.0652 46.0652 29.9666 29.9666 29.9666 42.4264 42.4264 42.4264 38.1182 38.1182 38.1182 35.8469 35.8469 35.8469 30.0167 30.0167 30.0167 31.9061 31.9061 31.9061 16.9706
C10 18.3848 48.7032 14.5602 31.3209 43.1393 33.6006 43.6005 12.1655 40.2244 35.3553 0.0000 10.6301 4.4721 25.9615 59.4138 13.0000 68.0074 8.5440 10.1980 8.5440 37.1618 3.1623 18.7883 2.2361 46.5188 30.2655 18.3848 41.7852 54.7083 43.0116 55.4437 37.6563 50.4480 36.0000 41.7852 19.4165 24.0416 8.2462 22.3607 3.6056 16.4924 12.1655 25.4951 30.8707 39.8121 40.0125 52.6118 18.3848 18.3848 18.3848 41.7852 41.7852 41.7852 54.7083 54.7083 54.7083 43.0116 43.0116 43.0116 55.4437 55.4437 55.4437 37.6563 37.6563 37.6563 50.4480 50.4480 50.4480 36.0000 36.0000 36.0000 41.7852 41.7852 41.7852 19.4165 19.4165 19.4165 24.0416 24.0416 24.0416 8.2462 8.2462 8.2462 22.3607 22.3607 22.3607 3.6056 3.6056 3.6056 16.4924 16.4924 16.4924 12.1655 12.1655 12.1655 25.4951 25.4951 25.4951 30.8707 30.8707 30.8707 39.8121 39.8121 39.8121 40.0125 40.0125 40.0125 52.6118 52.6118 52.6118 18.3848
C11 20.6155 39.0512 21.3776 22.0907 43.9090 36.0555 45.6946 11.1803 42.7200 36.2353 10.6301 0.0000 6.7082 17.0000 59.4054 4.4721 66.4680 10.0000 20.1246 15.8114 41.5933 9.8489 10.0000 8.4853 50.4480 24.5967 20.6155 46.5296 59.6825 41.8688 54.6717 32.2025 45.1885 28.8617 32.0156 11.4018 13.4536 10.0499 15.5242 10.2956 26.4008 21.4709 36.0694 40.8167 48.7032 47.8539 59.0000 20.6155 20.6155 20.6155 46.5296 46.5296 46.5296 59.6825 59.6825 59.6825 41.8688 41.8688 41.8688 54.6717 54.6717 54.6717 32.2025 32.2025 32.2025 45.1885 45.1885 45.1885 28.8617 28.8617 28.8617 32.0156 32.0156 32.0156 11.4018 11.4018 11.4018 13.4536 13.4536 13.4536 10.0499 10.0499 10.0499 15.5242 15.5242 15.5242 10.2956 10.2956 10.2956 26.4008 26.4008 26.4008 21.4709 21.4709 21.4709 36.0694 36.0694 36.0694 40.8167 40.8167 40.8167 48.7032 48.7032 48.7032 47.8539 47.8539 47.8539 59.0000 59.0000 59.0000 20.6155
C12 20.2485 45.6070 18.1108 28.4429 44.8219 35.8469 45.7930 8.9443 42.5441 37.0135 4.4721 6.7082 0.0000 23.1948 60.8769 10.0499 68.8840 9.2195 13.4164 12.0416 40.1622 3.1623 14.3178 3.0000 49.3964 29.1204 20.2485 44.9222 57.9741 43.9318 56.5862 36.6879 49.6488 34.2345 38.6005 17.0000 19.8494 5.6569 18.1108 6.0828 19.6977 16.4924 29.8329 35.3412 44.1475 44.1022 56.3205 20.2485 20.2485 20.2485 44.9222 44.9222 44.9222 57.9741 57.9741 57.9741 43.9318 43.9318 43.9318 56.5862 56.5862 56.5862 36.6879 36.6879 36.6879 49.6488 49.6488 49.6488 34.2345 34.2345 34.2345 38.6005 38.6005 38.6005 17.0000 17.0000 17.0000 19.8494 19.8494 19.8494 5.6569 5.6569 5.6569 18.1108 18.1108 18.1108 6.0828 6.0828 6.0828 19.6977 19.6977 19.6977 16.4924 16.4924 16.4924 29.8329 29.8329 29.8329 35.3412 35.3412 35.3412 44.1475 44.1475 44.1475 44.1022 44.1022 44.1022 56.3205 56.3205 56.3205 20.2485
C13 23.3238 22.8473 29.6985 5.3852 38.3275 34.3657 42.0119 27.4591 40.0500 32.0000 25.9615 17.0000 23.1948 0.0000 51.2640 13.1529 55.7584 19.7231 36.1386 26.6271 42.2019 26.3059 19.7231 23.7697 49.2544 12.0830 23.3238 47.0744 59.5399 33.5261 45.6946 18.4391 30.6105 13.0384 16.1245 6.7082 12.8062 27.0185 25.8070 23.7697 42.4500 33.0151 49.3964 51.6624 56.6127 53.7122 61.4003 23.3238 23.3238 23.3238 47.0744 47.0744 47.0744 59.5399 59.5399 59.5399 33.5261 33.5261 33.5261 45.6946 45.6946 45.6946 18.4391 18.4391 18.4391 30.6105 30.6105 30.6105 13.0384 13.0384 13.0384 16.1245 16.1245 16.1245 6.7082 6.7082 6.7082 12.8062 12.8062 12.8062 27.0185 27.0185 27.0185 25.8070 25.8070 25.8070 23.7697 23.7697 23.7697 42.4500 42.4500 42.4500 33.0151 33.0151 33.0151 49.3964 49.3964 49.3964 51.6624 51.6624 51.6624 56.6127 56.6127 56.6127 53.7122 53.7122 53.7122 61.4003 61.4003 61.4003 23.3238
C14 41.0366 57.0789 47.4342 51.6624 16.4012 26.9258 18.0278 69.5270 21.5407 24.0832 59.4138 59.4054 60.8769 51.2640 0.0000 55.4707 12.0416 51.6624 65.8027 51.8556 28.8617 62.2254 67.7422 58.6941 23.0217 39.2173 41.0366 28.0713 28.2312 17.8885 6.0000 34.5254 29.6142 41.5933 56.1427 51.0000 63.5610 66.5282 74.0945 55.8659 69.6419 53.5350 63.9062 57.4891 51.0392 44.0114 36.6879 41.0366 41.0366 41.0366 28.0713 28.0713 28.0713 28.2312 28.2312 28.2312 17.8885 17.8885 17.8885 6.0000 6.0000 6.0000 34.5254 34.5254 34.5254 29.6142 29.6142 29.6142 41.5933 41.5933 41.5933 56.1427 56.1427 56.1427 51.0000 51.0000 51.0000 63.5610 63.5610 63.5610 66.5282 66.5282 66.5282 74.0945 74.0945 74.0945 55.8659 55.8659 55.8659 69.6419 69.6419 69.6419 53.5350 53.5350 53.5350 63.9062 63.9062 63.9062 57.4891 57.4891 57.4891 51.0392 51.0392 51.0392 44.0114 44.0114 44.0114 36.6879 36.6879 36.6879 41.0366
C15 18.0278 35.7351 20.6155 18.4391 40.2492 32.9848 42.3792 15.6525 39.5601 32.6956 13.0000 4.4721 10.0499 13.1529 55.4707 0.0000 62.2415 8.9443 23.0868 15.8114 39.1152 13.1529 12.6491 10.7703 47.6760 20.1246 18.0278 44.1022 57.2189 37.8021 50.6063 27.7308 40.7185 24.5153 28.7924 7.0711 13.0000 14.3178 18.7883 11.4018 29.4109 22.0227 37.6431 41.4005 48.3322 46.8402 57.1402 18.0278 18.0278 18.0278 44.1022 44.1022 44.1022 57.2189 57.2189 57.2189 37.8021 37.8021 37.8021 50.6063 50.6063 50.6063 27.7308 27.7308 27.7308 40.7185 40.7185 40.7185 24.5153 24.5153 24.5153 28.7924 28.7924 28.7924 7.0711 7.0711 7.0711 13.0000 13.0000 13.0000 14.3178 14.3178 14.3178 18.7883 18.7883 18.7883 11.4018 11.4018 11.4018 29.4109 29.4109 29.4109 22.0227 22.0227 22.0227 37.6431 37.6431 37.6431 41.4005 41.4005 41.4005 48.3322 48.3322 48.3322 46.8402 46.8402 46.8402 57.1402 57.1402 57.1402 18.0278
C16 49.9300 56.7186 57.2451 55.0091 26.5707 37.3363 29.4279 77.1557 32.7567 33.5410 68.0074 66.4680 68.8840 55.7584 12.0416 62.2415 0.0000 59.8164 75.2928 61.0574 40.4475 70.6045 73.8783 67.0075 35.0571 43.8292 49.9300 40.0125 39.8497 25.0000 13.0000 37.5899 28.6356 44.2832 57.2800 56.8507 68.5055 74.5185 80.2808 64.4050 79.6053 63.5059 75.0000 69.0507 63.0079 56.0000 48.5077 49.9300 49.9300 49.9300 40.0125 40.0125 40.0125 39.8497 39.8497 39.8497 25.0000 25.0000 25.0000 13.0000 13.0000 13.0000 37.5899 37.5899 37.5899 28.6356 28.6356 28.6356 44.2832 44.2832 44.2832 57.2800 57.2800 57.2800 56.8507 56.8507 56.8507 68.5055 68.5055 68.5055 74.5185 74.5185 74.5185 80.2808 80.2808 80.2808 64.4050 64.4050 64.4050 79.6053 79.6053 79.6053 63.5059 63.5059 63.5059 75.0000 75.0000 75.0000 69.0507 69.0507 69.0507 63.0079 63.0079 63.0079 56.0000 56.0000 56.0000 48.5077 48.5077 48.5077 49.9300
C17 11.1803 42.4853 11.7047 25.0599 35.6090 26.8328 36.7151 18.0278 33.5410 27.8029 8.5440 10.0000 9.2195 19.7231 51.6624 8.9443 59.8164 0.0000 18.0278 7.0711 31.7805 10.8167 20.0000 7.2111 40.8044 22.0227 11.1803 36.6742 49.8197 34.8281 47.4236 29.2746 41.9762 28.1603 35.8469 13.0384 21.9317 14.8661 25.3180 5.0990 24.0208 13.4536 29.6816 32.6497 39.3954 38.0789 49.0000 11.1803 11.1803 11.1803 36.6742 36.6742 36.6742 49.8197 49.8197 49.8197 34.8281 34.8281 34.8281 47.4236 47.4236 47.4236 29.2746 29.2746 29.2746 41.9762 41.9762 41.9762 28.1603 28.1603 28.1603 35.8469 35.8469 35.8469 13.0384 13.0384 13.0384 21.9317 21.9317 21.9317 14.8661 14.8661 14.8661 25.3180 25.3180 25.3180 5.0990 5.0990 5.0990 24.0208 24.0208 24.0208 13.4536 13.4536 13.4536 29.6816 29.6816 29.6816 32.6497 32.6497 32.6497 39.3954 39.3954 39.3954 38.0789 38.0789 38.0789 49.0000 49.0000 49.0000 11.1803
C18 25.4951 58.8218 18.4391 41.4849 49.4065 39.0512 48.8365 16.1245 45.2769 41.8808 10.1980 20.1246 13.4164 36.1386 65.8027 23.0868 75.2928 18.0278 0.0000 14.3178 40.6079 10.2956 26.1725 12.3693 50.0000 40.0500 25.4951 44.6542 56.8243 50.5371 62.4340 47.2652 59.8415 46.0435 51.8652 29.6142 33.0151 12.8062 27.7849 13.0000 6.3246 12.8062 18.3848 26.1725 37.0540 39.0512 53.1413 25.4951 25.4951 25.4951 44.6542 44.6542 44.6542 56.8243 56.8243 56.8243 50.5371 50.5371 50.5371 62.4340 62.4340 62.4340 47.2652 47.2652 47.2652 59.8415 59.8415 59.8415 46.0435 46.0435 46.0435 51.8652 51.8652 51.8652 29.6142 29.6142 29.6142 33.0151 33.0151 33.0151 12.8062 12.8062 12.8062 27.7849 27.7849 27.7849 13.0000 13.0000 13.0000 6.3246 6.3246 6.3246 12.8062 12.8062 12.8062 18.3848 18.3848 18.3848 26.1725 26.1725 26.1725 37.0540 37.0540 37.0540 39.0512 39.0512 39.0512 53.1413 53.1413 53.1413 25.4951
C19 11.1803 49.2443 6.0828 31.9061 35.4683 25.4951 35.4683 20.6155 32.0156 27.8029 8.5440 15.8114 12.0416 26.6271 51.8556 15.8114 61.0574 7.0711 14.3178 0.0000 28.6356 11.7047 25.4951 9.0554 38.0132 27.2947 11.1803 33.2415 46.1736 36.2353 48.2597 34.0147 46.1736 33.9559 42.7200 20.0000 28.6531 16.7631 30.0167 6.0000 19.4165 6.4031 22.8254 25.6125 32.8938 32.2490 44.2832 11.1803 11.1803 11.1803 33.2415 33.2415 33.2415 46.1736 46.1736 46.1736 36.2353 36.2353 36.2353 48.2597 48.2597 48.2597 34.0147 34.0147 34.0147 46.1736 46.1736 46.1736 33.9559 33.9559 33.9559 42.7200 42.7200 42.7200 20.0000 20.0000 20.0000 28.6531 28.6531 28.6531 16.7631 16.7631 16.7631 30.0167 30.0167 30.0167 6.0000 6.0000 6.0000 19.4165 19.4165 19.4165 6.4031 6.4031 6.4031 22.8254 22.8254 22.8254 25.6125 25.6125 25.6125 32.8938 32.8938 32.8938 32.2490 32.2490 32.2490 44.2832 44.2832 44.2832 11.1803
C20 21.0950 58.8303 22.8254 45.5412 15.2971 8.6023 11.0454 49.0408 8.0623 13.4536 37.1618 41.5933 40.1622 42.2019 28.8617 39.1152 40.4475 31.7805 40.6079 28.6356 0.0000 40.3113 51.4782 37.3363 9.4340 33.5410 21.0950 5.0000 18.1108 21.9317 28.0179 34.8281 40.4969 39.9625 54.5619 38.2099 51.0392 45.3100 57.0701 34.1760 43.1393 27.8029 35.3412 28.6356 23.5372 17.0880 19.3132 21.0950 21.0950 21.0950 5.0000 5.0000 5.0000 18.1108 18.1108 18.1108 21.9317 21.9317 21.9317 28.0179 28.0179 28.0179 34.8281 34.8281 34.8281 40.4969 40.4969 40.4969 39.9625 39.9625 39.9625 54.5619 54.5619 54.5619 38.2099 38.2099 38.2099 51.0392 51.0392 51.0392 45.3100 45.3100 45.3100 57.0701 57.0701 57.0701 34.1760 34.1760 34.1760 43.1393 43.1393 43.1393 27.8029 27.8029 27.8029 35.3412 35.3412 35.3412 28.6356 28.6356 28.6356 23.5372 23.5372 23.5372 17.0880 17.0880 17.0880 19.3132 19.3132 19.3132 21.0950
C21 21.2603 48.7647 17.7200 31.5753 46.0109 36.6197 46.6154 9.0554 43.2666 38.2099 3.1623 9.8489 3.1623 26.3059 62.2254 13.1529 70.6045 10.8167 10.2956 11.7047 40.3113 0.0000 16.6433 3.6056 49.6588 31.7805 21.2603 44.9444 57.8705 45.6070 58.1378 39.2938 52.2015 37.1214 41.7612 20.0250 22.8035 5.0990 19.6469 6.4031 16.5529 15.0333 27.2029 33.2415 42.5793 43.0000 55.7315 21.2603 21.2603 21.2603 44.9444 44.9444 44.9444 57.8705 57.8705 57.8705 45.6070 45.6070 45.6070 58.1378 58.1378 58.1378 39.2938 39.2938 39.2938 52.2015 52.2015 52.2015 37.1214 37.1214 37.1214 41.7612 41.7612 41.7612 20.0250 20.0250 20.0250 22.8035 22.8035 22.8035 5.0990 5.0990 5.0990 19.6469 19.6469 19.6469 6.4031 6.4031 6.4031 16.5529 16.5529 16.5529 15.0333 15.0333 15.0333 27.2029 27.2029 27.2029 33.2415 33.2415 33.2415 42.5793 42.5793 42.5793 43.0000 43.0000 43.0000 55.7315 55.7315 55.7315 21.2603
C22 30.4138 38.0132 31.2570 23.4094 52.8015 45.6070 55.0273 11.1803 52.2015 45.3100 18.7883 10.0000 14.3178 19.7231 67.7422 12.6491 73.8783 20.0000 26.1725 25.4951 51.4782 16.6433 0.0000 17.0880 60.2080 30.4138 30.4138 56.4358 69.5845 49.9300 62.6817 37.6431 50.2195 32.7567 31.0644 17.0294 9.0000 13.4536 6.4031 19.6469 31.8904 30.6757 43.8292 49.6588 58.2409 57.7062 69.0000 30.4138 30.4138 30.4138 56.4358 56.4358 56.4358 69.5845 69.5845 69.5845 49.9300 49.9300 49.9300 62.6817 62.6817 62.6817 37.6431 37.6431 37.6431 50.2195 50.2195 50.2195 32.7567 32.7567 32.7567 31.0644 31.0644 31.0644 17.0294 17.0294 17.0294 9.0000 9.0000 9.0000 13.4536 13.4536 13.4536 6.4031 6.4031 6.4031 19.6469 19.6469 19.6469 31.8904 31.8904 31.8904 30.6757 30.6757 30.6757 43.8292 43.8292 43.8292 49.6588 49.6588 49.6588 58.2409 58.2409 58.2409 57.7062 57.7062 57.7062 69.0000 69.0000 69.0000 30.4138
C23 17.8045 46.4866 15.1327 29.1204 42.5206 33.2866 43.2666 11.7047 39.9625 34.7131 2.2361 8.4853 3.0000 23.7697 58.6941 10.7703 67.0075 7.2111 12.3693 9.0554 37.3363 3.6056 17.0880 0.0000 46.6154 28.4429 17.8045 42.0595 55.0818 42.0119 54.5619 35.9026 48.7647 34.0147 39.5601 17.2627 21.9317 8.0623 21.0950 3.1623 18.6815 13.6015 27.5862 32.6497 41.2311 41.1096 53.3385 17.8045 17.8045 17.8045 42.0595 42.0595 42.0595 55.0818 55.0818 55.0818 42.0119 42.0119 42.0119 54.5619 54.5619 54.5619 35.9026 35.9026 35.9026 48.7647 48.7647 48.7647 34.0147 34.0147 34.0147 39.5601 39.5601 39.5601 17.2627 17.2627 17.2627 21.9317 21.9317 21.9317 8.0623 8.0623 8.0623 21.0950 21.0950 21.0950 3.1623 3.1623 3.1623 18.6815 18.6815 18.6815 13.6015 13.6015 13.6015 27.5862 27.5862 27.5862 32.6497 32.6497 32.6497 41.2311 41.2311 41.2311 41.1096 41.1096 41.1096 53.3385 53.3385 53.3385 17.8045
C24 29.8329 63.5610 32.2490 51.9711 14.8661 15.0000 9.2195 58.3095 9.4868 17.7200 46.5188 50.4480 49.3964 49.2544 23.0217 47.6760 35.0571 40.8044 50.0000 38.0132 9.4340 49.6588 60.2080 46.6154 0.0000 39.2938 29.8329 5.8310 10.4403 22.6716 24.0416 38.9102 41.7253 44.9444 60.0833 46.0109 59.0762 54.6260 65.9697 43.4626 52.3450 37.2022 43.5660 35.8469 28.1603 21.0950 15.6205 29.8329 29.8329 29.8329 5.8310 5.8310 5.8310 10.4403 10.4403 10.4403 22.6716 22.6716 22.6716 24.0416 24.0416 24.0416 38.9102 38.9102 38.9102 41.7253 41.7253 41.7253 44.9444 44.9444 44.9444 60.0833 60.0833 60.0833 46.0109 46.0109 46.0109 59.0762 59.0762 59.0762 54.6260 54.6260 54.6260 65.9697 65.9697 65.9697 43.4626 43.4626 43.4626 52.3450 52.3450 52.3450 37.2022 37.2022 37.2022 43.5660 43.5660 43.5660 35.8469 35.8469 35.8469 28.1603 28.1603 28.1603 21.0950 21.0950 21.0950 15.6205 15.6205 15.6205 29.8329
C25 19.2354 25.6125 27.8568 13.0000 27.0000 25.0799 31.2570 35.7771 29.8329 21.5870 30.2655 24.5967 29.1204 12.0830 39.2173 20.1246 43.8292 22.0227 40.0500 27.2947 33.5410 31.7805 30.4138 28.4429 39.2938 0.0000 19.2354 38.0789 49.7293 21.5870 33.6155 7.6158 20.6155 7.2111 21.0238 13.6015 24.6982 34.1760 36.7696 27.0740 46.0000 32.9848 49.3356 49.2443 51.6624 47.5079 52.8015 19.2354 19.2354 19.2354 38.0789 38.0789 38.0789 49.7293 49.7293 49.7293 21.5870 21.5870 21.5870 33.6155 33.6155 33.6155 7.6158 7.6158 7.6158 20.6155 20.6155 20.6155 7.2111 7.2111 7.2111 21.0238 21.0238 21.0238 13.6015 13.6015 13.6015 24.6982 24.6982 24.6982 34.1760 34.1760 34.1760 36.7696 36.7696 36.7696 27.0740 27.0740 27.0740 46.0000 46.0000 46.0000 32.9848 32.9848 32.9848 49.3356 49.3356 49.3356 49.2443 49.2443 49.2443 51.6624 51.6624 51.6624 47.5079 47.5079 47.5079 52.8015 52.8015 52.8015 19.2354
F26 0.0000 43.9318 9.0554 27.8029 24.7588 15.6525 25.5539 29.1548 22.3607 16.9706 18.3848 20.6155 20.2485 23.3238 41.0366 18.0278 49.9300 11.1803 25.4951 11.1803 21.0950 21.2603 30.4138 17.8045 29.8329 19.2354 0.0000 26.0768 39.2046 25.0599 37.2022 24.7386 36.0139 26.4197 38.2099 18.0278 30.2655 25.8070 36.1386 14.8661 30.3645 15.0333 30.5941 30.0167 33.4215 30.4138 39.3192 0.0000 0.0000 0.0000 26.0768 26.0768 26.0768 39.2046 39.2046 39.2046 25.0599 25.0599 25.0599 37.2022 37.2022 37.2022 24.7386 24.7386 24.7386 36.0139 36.0139 36.0139 26.4197 26.4197 26.4197 38.2099 38.2099 38.2099 18.0278 18.0278 18.0278 30.2655 30.2655 30.2655 25.8070 25.8070 25.8070 36.1386 36.1386 36.1386 14.8661 14.8661 14.8661 30.3645 30.3645 30.3645 15.0333 15.0333 15.0333 30.5941 30.5941 30.5941 30.0167 30.0167 30.0167 33.4215 33.4215 33.4215 30.4138 30.4138 30.4138 39.3192 39.3192 39.3192 0.0000
F27 26.0768 63.1348 27.3130 50.2892 17.0000 13.0000 11.7047 53.7587 10.0000 17.2047 41.7852 46.5296 44.9222 47.0744 28.0713 44.1022 40.0125 36.6742 44.6542 33.2415 5.0000 44.9444 56.4358 42.0595 5.8310 38.0789 26.0768 0.0000 13.1529 24.4131 28.2843 38.8330 43.4166 44.2945 59.0931 43.1856 56.0357 49.9800 61.9839 38.8973 46.7547 31.9061 37.7359 30.0832 23.0000 16.0312 14.7648 26.0768 26.0768 26.0768 0.0000 0.0000 0.0000 13.1529 13.1529 13.1529 24.4131 24.4131 24.4131 28.2843 28.2843 28.2843 38.8330 38.8330 38.8330 43.4166 43.4166 43.4166 44.2945 44.2945 44.2945 59.0931 59.0931 59.0931 43.1856 43.1856 43.1856 56.0357 56.0357 56.0357 49.9800 49.9800 49.9800 61.9839 61.9839 61.9839 38.8973 38.8973 38.8973 46.7547 46.7547 46.7547 31.9061 31.9061 31.9061 37.7359 37.7359 37.7359 30.0832 30.0832 30.0832 23.0000 23.0000 23.0000 16.0312 16.0312 16.0312 14.7648 14.7648 14.7648 26.0768
F28 39.2046 73.9256 40.1622 62.3699 24.6982 25.1794 19.2354 66.7608 19.9249 28.1603 54.7083 59.6825 57.9741 59.5399 28.2312 57.2189 39.8497 49.8197 56.8243 46.1736 18.1108 57.8705 69.5845 55.0818 10.4403 49.7293 39.2046 13.1529 0.0000 32.4500 31.0644 49.2443 51.2250 55.3624 70.5195 56.0357 69.0000 62.9365 75.1332 51.9230 58.2495 44.2832 47.3814 38.4187 28.1780 21.6333 9.0000 39.2046 39.2046 39.2046 13.1529 13.1529 13.1529 0.0000 0.0000 0.0000 32.4500 32.4500 32.4500 31.0644 31.0644 31.0644 49.2443 49.2443 49.2443 51.2250 51.2250 51.2250 55.3624 55.3624 55.3624 70.5195 70.5195 70.5195 56.0357 56.0357 56.0357 69.0000 69.0000 69.0000 62.9365 62.9365 62.9365 75.1332 75.1332 75.1332 51.9230 51.9230 51.9230 58.2495 58.2495 58.2495 44.2832 44.2832 44.2832 47.3814 47.3814 47.3814 38.4187 38.4187 38.4187 28.1780 28.1780 28.1780 21.6333 21.6333 21.6333 9.0000 9.0000 9.0000 39.2046
F29 25.0599 42.4500 32.8938 34.3657 7.8102 15.1327 13.4536 52.3259 14.4222 10.0000 43.0116 41.8688 43.9318 33.5261 17.8885 37.8021 25.0000 34.8281 50.5371 36.2353 21.9317 45.6070 49.9300 42.0119 22.6716 21.5870 25.0599 24.4131 32.4500 0.0000 12.8062 18.1108 19.1050 25.0200 40.1995 33.1210 45.6946 49.5782 56.3028 39.4081 55.1543 39.2173 52.3450 48.0937 45.2217 39.0000 38.1838 25.0599 25.0599 25.0599 24.4131 24.4131 24.4131 32.4500 32.4500 32.4500 0.0000 0.0000 0.0000 12.8062 12.8062 12.8062 18.1108 18.1108 18.1108 19.1050 19.1050 19.1050 25.0200 25.0200 25.0200 40.1995 40.1995 40.1995 33.1210 33.1210 33.1210 45.6946 45.6946 45.6946 49.5782 49.5782 49.5782 56.3028 56.3028 56.3028 39.4081 39.4081 39.4081 55.1543 55.1543 55.1543 39.2173 39.2173 39.2173 52.3450 52.3450 52.3450 48.0937 48.0937 48.0937 45.2217 45.2217 45.2217 39.0000 39.0000 39.0000 38.1838 38.1838 38.1838 25.0599
F30 37.2022 51.0882 44.2945 45.8803 13.6015 24.3516 17.0000 65.0692 20.0998 20.5913 55.4437 54.6717 56.5862 45.6946 6.0000 50.6063 13.0000 47.4236 62.4340 48.2597 28.0179 58.1378 62.6817 54.5619 24.0416 33.6155 37.2022 28.2843 31.0644 12.8062 0.0000 28.6356 23.7697 35.6931 50.1597 45.7930 58.1378 62.2415 69.0652 51.8556 66.6483 50.5371 62.0967 56.4358 51.1566 44.2832 38.9102 37.2022 37.2022 37.2022 28.2843 28.2843 28.2843 31.0644 31.0644 31.0644 12.8062 12.8062 12.8062 0.0000 0.0000 0.0000 28.6356 28.6356 28.6356 23.7697 23.7697 23.7697 35.6931 35.6931 35.6931 50.1597 50.1597 50.1597 45.7930 45.7930 45.7930 58.1378 58.1378 58.1378 62.2415 62.2415 62.2415 69.0652 69.0652 69.0652 51.8556 51.8556 51.8556 66.6483 66.6483 66.6483 50.5371 50.5371 50.5371 62.0967 62.0967 62.0967 56.4358 56.4358 56.4358 51.1566 51.1566 51.1566 44.2832 44.2832 44.2832 38.9102 38.9102 38.9102 37.2022
F31 24.7386 24.6982 33.7343 17.4642 25.0000 26.2488 30.0832 43.3820 29.5296 21.6333 37.6563 32.2025 36.6879 18.4391 34.5254 27.7308 37.5899 29.2746 47.2652 34.0147 34.8281 39.2938 37.6431 35.9026 38.9102 7.6158 24.7386 38.8330 49.2443 18.1108 28.6356 0.0000 13.0000 7.0711 22.0907 21.0950 31.2410 41.7852 43.9318 34.3657 53.0848 39.3192 55.3173 54.2310 55.2178 50.3289 53.5350 24.7386 24.7386 24.7386 38.8330 38.8330 38.8330 49.2443 49.2443 49.2443 18.1108 18.1108 18.1108 28.6356 28.6356 28.6356 0.0000 0.0000 0.0000 13.0000 13.0000 13.0000 7.0711 7.0711 7.0711 22.0907 22.0907 22.0907 21.0950 21.0950 21.0950 31.2410 31.2410 31.2410 41.7852 41.7852 41.7852 43.9318 43.9318 43.9318 34.3657 34.3657 34.3657 53.0848 53.0848 53.0848 39.3192 39.3192 39.3192 55.3173 55.3173 55.3173 54.2310 54.2310 54.2310 55.2178 55.2178 55.2178 50.3289 50.3289 50.3289 53.5350 53.5350 53.5350 24.7386
F32 36.0139 28.1603 45.0444 28.3196 26.8701 32.6497 32.5269 56.3649 33.4215 27.2947 50.4480 45.1885 49.6488 30.6105 29.6142 40.7185 28.6356 41.9762 59.8415 46.1736 40.4969 52.2015 50.2195 48.7647 41.7253 20.6155 36.0139 43.4166 51.2250 19.1050 23.7697 13.0000 0.0000 17.6918 28.7924 34.0000 43.1856 54.7814 56.4004 47.0744 65.4905 51.0000 66.3702 64.0312 63.0714 57.3062 57.2800 36.0139 36.0139 36.0139 43.4166 43.4166 43.4166 51.2250 51.2250 51.2250 19.1050 19.1050 19.1050 23.7697 23.7697 23.7697 13.0000 13.0000 13.0000 0.0000 0.0000 0.0000 17.6918 17.6918 17.6918 28.7924 28.7924 28.7924 34.0000 34.0000 34.0000 43.1856 43.1856 43.1856 54.7814 54.7814 54.7814 56.4004 56.4004 56.4004 47.0744 47.0744 47.0744 65.4905 65.4905 65.4905 51.0000 51.0000 51.0000 66.3702 66.3702 66.3702 64.0312 64.0312 64.0312 63.0714 63.0714 63.0714 57.3062 57.3062 57.3062 57.2800 57.2800 57.2800 36.0139
F33 26.4197 18.8680 34.9285 10.8167 31.5753 31.3847 36.4005 39.8497 35.4683 27.3130 36.0000 28.8617 34.2345 13.0384 41.5933 24.5153 44.2832 28.1603 46.0435 33.9559 39.9625 37.1214 32.7567 34.0147 44.9444 7.2111 26.4197 44.2945 55.3624 25.0200 35.6931 7.0711 17.6918 0.0000 15.2971 17.4642 25.4951 38.8330 38.8330 33.0606 52.1536 39.8497 56.3028 56.4358 58.7963 54.4885 59.0593 26.4197 26.4197 26.4197 44.2945 44.2945 44.2945 55.3624 55.3624 55.3624 25.0200 25.0200 25.0200 35.6931 35.6931 35.6931 7.0711 7.0711 7.0711 17.6918 17.6918 17.6918 0.0000 0.0000 0.0000 15.2971 15.2971 15.2971 17.4642 17.4642 17.4642 25.4951 25.4951 25.4951 38.8330 38.8330 38.8330 38.8330 38.8330 38.8330 33.0606 33.0606 33.0606 52.1536 52.1536 52.1536 39.8497 39.8497 39.8497 56.3028 56.3028 56.3028 56.4358 56.4358 56.4358 58.7963 58.7963 58.7963 54.4885 54.4885 54.4885 59.0593 59.0593 59.0593 26.4197
F34 38.2099 7.0711 45.4533 10.8167 46.8722 46.0977 51.6624 41.1096 50.5964 42.3792 41.7852 32.0156 38.6005 16.1245 56.1427 28.7924 57.2800 35.8469 51.8652 42.7200 54.5619 41.7612 31.0644 39.5601 60.0833 21.0238 38.2099 59.0931 70.5195 40.1995 50.1597 22.0907 28.7924 15.2971 0.0000 22.8254 22.0907 41.5933 35.6931 39.8121 58.1893 49.0918 65.5134 67.4759 71.5891 68.0074 73.8241 38.2099 38.2099 38.2099 59.0931 59.0931 59.0931 70.5195 70.5195 70.5195 40.1995 40.1995 40.1995 50.1597 50.1597 50.1597 22.0907 22.0907 22.0907 28.7924 28.7924 28.7924 15.2971 15.2971 15.2971 0.0000 0.0000 0.0000 22.8254 22.8254 22.8254 22.0907 22.0907 22.0907 41.5933 41.5933 41.5933 35.6931 35.6931 35.6931 39.8121 39.8121 39.8121 58.1893 58.1893 58.1893 49.0918 49.0918 49.0918 65.5134 65.5134 65.5134 67.4759 67.4759 67.4759 71.5891 71.5891 71.5891 68.0074 68.0074 68.0074 73.8241 73.8241 73.8241 38.2099
F35 18.0278 29.5466 23.4307 12.0830 36.6879 31.0161 39.6232 22.4722 37.2156 29.6142 19.4165 11.4018 17.0000 6.7082 51.0000 7.0711 56.8507 13.0384 29.6142 20.0000 38.2099 20.0250 17.0294 17.2627 46.0109 13.6015 18.0278 43.1856 56.0357 33.1210 45.7930 21.0950 34.0000 17.4642 22.8254 0.0000 13.1529 21.3776 23.4307 17.0880 35.9026 26.4008 42.7200 45.2548 50.7740 48.3322 57.0701 18.0278 18.0278 18.0278 43.1856 43.1856 43.1856 56.0357 56.0357 56.0357 33.1210 33.1210 33.1210 45.7930 45.7930 45.7930 21.0950 21.0950 21.0950 34.0000 34.0000 34.0000 17.4642 17.4642 17.4642 22.8254 22.8254 22.8254 0.0000 0.0000 0.0000 13.1529 13.1529 13.1529 21.3776 21.3776 21.3776 23.4307 23.4307 23.4307 17.0880 17.0880 17.0880 35.9026 35.9026 35.9026 26.4008 26.4008 26.4008 42.7200 42.7200 42.7200 45.2548 45.2548 45.2548 50.7740 50.7740 50.7740 48.3322 48.3322 48.3322 57.0701 57.0701 57.0701 18.0278
F36 30.2655 29.0172 33.6155 15.2643 49.7293 44.1022 52.7731 19.6469 50.3587 42.7551 24.0416 13.4536 19.8494 12.8062 63.5610 13.0000 68.5055 21.9317 33.0151 28.6531 51.0392 22.8035 9.0000 21.9317 59.0762 24.6982 30.2655 56.0357 69.0000 45.6946 58.1378 31.2410 43.1856 25.4951 22.0907 13.1529 0.0000 21.0238 13.9284 23.6008 39.1152 34.6699 49.5177 54.0833 61.3270 59.7746 69.5845 30.2655 30.2655 30.2655 56.0357 56.0357 56.0357 69.0000 69.0000 69.0000 45.6946 45.6946 45.6946 58.1378 58.1378 58.1378 31.2410 31.2410 31.2410 43.1856 43.1856 43.1856 25.4951 25.4951 25.4951 22.0907 22.0907 22.0907 13.1529 13.1529 13.1529 0.0000 0.0000 0.0000 21.0238 21.0238 21.0238 13.9284 13.9284 13.9284 23.6008 23.6008 23.6008 39.1152 39.1152 39.1152 34.6699 34.6699 34.6699 49.5177 49.5177 49.5177 54.0833 54.0833 54.0833 61.3270 61.3270 61.3270 59.7746 59.7746 59.7746 69.5845 69.5845 69.5845 30.2655
F37 25.8070 48.6621 22.8035 32.0156 50.4480 41.3401 51.3128 4.0000 48.0208 42.6380 8.2462 10.0499 5.6569 27.0185 66.5282 14.3178 74.5185 14.8661 12.8062 16.7631 45.3100 5.0990 13.4536 8.0623 54.6260 34.1760 25.8070 49.9800 62.9365 49.5782 62.2415 41.7852 54.7814 38.8330 41.5933 21.3776 21.0238 0.0000 15.2315 11.1803 18.4391 20.0000 30.8869 37.6431 47.3814 48.0104 60.8276 25.8070 25.8070 25.8070 49.9800 49.9800 49.9800 62.9365 62.9365 62.9365 49.5782 49.5782 49.5782 62.2415 62.2415 62.2415 41.7852 41.7852 41.7852 54.7814 54.7814 54.7814 38.8330 38.8330 38.8330 41.5933 41.5933 41.5933 21.3776 21.3776 21.3776 21.0238 21.0238 21.0238 0.0000 0.0000 0.0000 15.2315 15.2315 15.2315 11.1803 11.1803 11.1803 18.4391 18.4391 18.4391 20.0000 20.0000 20.0000 30.8869 30.8869 30.8869 37.6431 37.6431 37.6431 47.3814 47.3814 47.3814 48.0104 48.0104 48.0104 60.8276 60.8276 60.8276 25.8070
F38 36.1386 42.4264 36.0000 29.0689 59.0339 51.5461 61.0983 11.6619 58.1893 51.4782 22.3607 15.5242 18.1108 25.8070 74.0945 18.7883 80.2808 25.3180 27.7849 30.0167 57.0701 19.6469 6.4031 21.0950 65.9697 36.7696 36.1386 61.9839 75.1332 56.3028 69.0652 43.9318 56.4004 38.8330 35.6931 23.4307 13.9284 15.2315 0.0000 24.0208 32.8024 34.5254 46.0652 52.8110 62.1691 62.2013 74.1080 36.1386 36.1386 36.1386 61.9839 61.9839 61.9839 75.1332 75.1332 75.1332 56.3028 56.3028 56.3028 69.0652 69.0652 69.0652 43.9318 43.9318 43.9318 56.4004 56.4004 56.4004 38.8330 38.8330 38.8330 35.6931 35.6931 35.6931 23.4307 23.4307 23.4307 13.9284 13.9284 13.9284 15.2315 15.2315 15.2315 0.0000 0.0000 0.0000 24.0208 24.0208 24.0208 32.8024 32.8024 32.8024 34.5254 34.5254 34.5254 46.0652 46.0652 46.0652 52.8110 52.8110 52.8110 62.1691 62.1691 62.1691 62.2013 62.2013 62.2013 74.1080 74.1080 74.1080 36.1386
