# set
set V := C1 C2 C3 C4 C5 C6 C7 C8 C9 C10 C11 C12 C13 C14 C15 ;
set F := F16 F17 F18 F19 F20 F16_1 F16_2 F17_1 F17_2 F18_1 F18_2 F19_1 F19_2 F20_1 F20_2 ;
set D0 := N0;
set Dσ := Nσ;

# param
param Cf := 200;		# ECV fixed cost
param C := 200;		# ECV max load
param Q := 77.75;		# ECV/BSV battery level
param h := 1;		# ECV consumption

param CB := 60;		# BSV fixed cost
param Qplun := 5;		# BSV max load
param hplun := 1;		# BSV consumption
param W := 155.5;		# BSV battery level

param Cde := 1;		# ECV cost per unit distance
param Cdb := 1;		# BSV cost per unit distance
param lamda := 0;	# battery swap time
param n := 15;		# number of customers
param g := 1.17;	# recharging rate
param Cr := 100;		# recharging cost
param Ct := 10;		# travel cost
param Cs ;		# battery swap cost

param m :=
N0 0
C1 20
C2 30
C3 20
C4 16
C5 10
C6 10
C7 40
C8 20
C9 30
C10 14
C11 5
C12 30
C13 10
C14 6
C15 16
F16 0
F16_1 0
F16_2 0
F17 0
F17_1 0
F17_2 0
F18 0
F18_1 0
F18_2 0
F19 0
F19_1 0
F19_2 0
F20 0
F20_1 0
F20_2 0
Nσ 0
;

param e :=
N0 0
C1 60
C2 106
C3 49
C4 107
C5 37
C6 71
C7 40
C8 45
C9 45
C10 19
C11 68
C12 61
C13 51
C14 39
C15 97
F16 0
F16_1 0
F16_2 0
F17 0
F17_1 0
F17_2 0
F18 0
F18_1 0
F18_2 0
F19 0
F19_1 0
F19_2 0
F20 0
F20_1 0
F20_2 0
Nσ 0
;

param l :=
N0 240
C1 159
C2 161
C3 164
C4 200
C5 192
C6 184
C7 148
C8 183
C9 164
C10 172
C11 143
C12 138
C13 178
C14 190
C15 198
F16 240
F16_1 240
F16_2 240
F17 240
F17_1 240
F17_2 240
F18 240
F18_1 240
F18_2 240
F19 240
F19_1 240
F19_2 240
F20 240
F20_1 240
F20_2 240
Nσ 240
;

param s :=
N0 0
C1 10
C2 10
C3 10
C4 10
C5 10
C6 10
C7 10
C8 10
C9 10
C10 10
C11 10
C12 10
C13 10
C14 10
C15 10
F16 0
F16_1 0
F16_2 0
F17 0
F17_1 0
F17_2 0
F18 0
F18_1 0
F18_2 0
F19 0
F19_1 0
F19_2 0
F20 0
F20_1 0
F20_2 0
Nσ 0
;

param d : N0 C1 C2 C3 C4 C5 C6 C7 C8 C9 C10 C11 C12 C13 C14 C15 F16 F16_1 F16_2 F17 F17_1 F17_2 F18 F18_1 F18_2 F19 F19_1 F19_2 F20 F20_1 F20_2 Nσ  :=
N0 0.0000 33.3017 31.6228 30.8058 18.0278 37.7359 37.2022 40.0500 45.2769 45.0444 19.2354 20.0000 40.3113 51.4782 39.0512 13.0384 0.0000 0.0000 0.0000 35.1710 35.1710 35.1710 24.0208 24.0208 24.0208 41.6773 41.6773 41.6773 42.0595 42.0595 42.0595 0.0000
C1 33.3017 0.0000 35.9026 40.0000 39.9249 7.2801 5.0000 69.2892 72.0347 72.8011 47.9270 25.0799 43.1741 83.6002 72.3464 44.4185 33.3017 33.3017 33.3017 15.8114 15.8114 15.8114 53.3104 53.3104 53.3104 74.6324 74.6324 74.6324 74.2024 74.2024 74.2024 33.3017
C2 31.6228 35.9026 0.0000 59.4054 49.2443 43.1741 40.7922 43.8634 43.0116 44.8219 28.4605 14.1421 67.2681 76.4853 58.5235 31.1448 31.6228 31.6228 31.6228 48.7545 48.7545 48.7545 32.2025 32.2025 32.2025 57.2451 57.2451 57.2451 67.7422 67.7422 67.7422 31.6228
C3 30.8058 40.0000 59.4054 0.0000 15.2971 38.6394 40.3113 66.9403 73.6817 72.8011 48.7545 45.4863 10.1980 56.8243 55.4437 41.6293 30.8058 30.8058 30.8058 28.4605 28.4605 28.4605 52.5547 52.5547 52.5547 61.0737 61.0737 61.0737 48.8467 48.8467 48.8467 30.8058
C4 18.0278 39.9249 49.2443 15.2971 0.0000 41.3401 42.0595 51.6624 58.5235 57.5674 34.1321 36.4005 25.4951 46.0977 41.2311 26.9258 18.0278 18.0278 18.0278 33.9411 33.9411 33.9411 37.5766 37.5766 37.5766 46.3897 46.3897 46.3897 37.2022 37.2022 37.2022 18.0278
C5 37.7359 7.2801 43.1741 38.6394 41.3401 0.0000 2.8284 75.2861 78.4474 79.0759 53.7587 32.0000 40.1123 86.4523 76.6094 49.6588 37.7359 37.7359 37.7359 11.1803 11.1803 11.1803 59.1354 59.1354 59.1354 79.4040 79.4040 79.4040 77.1557 77.1557 77.1557 37.7359
C6 37.2022 5.0000 40.7922 40.3113 42.0595 2.8284 0.0000 74.0000 76.9025 77.6209 52.5547 30.0666 42.2966 86.6833 76.2168 48.7647 37.2022 37.2022 37.2022 13.6015 13.6015 13.6015 57.9396 57.9396 57.9396 78.7718 78.7718 78.7718 77.3369 77.3369 77.3369 37.2022
C7 40.0500 69.2892 43.8634 66.9403 51.6624 75.2861 74.0000 0.0000 8.6023 6.4031 21.5870 45.6508 77.1298 45.5412 25.0799 27.0185 40.0500 40.0500 40.0500 74.8131 74.8131 74.8131 16.2788 16.2788 16.2788 19.4165 19.4165 19.4165 40.3113 40.3113 40.3113 40.0500
C8 45.2769 72.0347 43.0116 73.6817 58.5235 78.4474 76.9025 8.6023 0.0000 3.0000 26.0768 47.4342 83.8153 53.8516 33.5410 32.5576 45.2769 45.2769 45.2769 79.1012 79.1012 79.1012 21.3776 21.3776 21.3776 27.5136 27.5136 27.5136 48.8774 48.8774 48.8774 45.2769
C9 45.0444 72.8011 44.8219 72.8011 57.5674 79.0759 77.6209 6.4031 3.0000 0.0000 26.0192 48.4665 82.9699 51.0784 30.8869 32.1403 45.0444 45.0444 45.0444 79.3095 79.3095 79.3095 21.0238 21.0238 21.0238 24.6982 24.6982 24.6982 46.3249 46.3249 46.3249 45.0444
C10 19.2354 47.9270 28.4605 48.7545 34.1321 53.7587 52.5547 21.5870 26.0768 26.0192 0.0000 25.4951 58.6941 48.3735 30.0832 7.2111 19.2354 19.2354 19.2354 53.3385 53.3385 53.3385 5.3852 5.3852 5.3852 29.4109 29.4109 29.4109 40.0125 40.0125 40.0125 19.2354
C11 20.0000 25.0799 14.1421 45.4863 36.4005 32.0000 30.0666 45.6508 47.4342 48.4665 25.4951 0.0000 53.1507 69.6419 54.0833 24.6982 20.0000 20.0000 20.0000 35.7351 35.7351 35.7351 30.6105 30.6105 30.6105 54.5619 54.5619 54.5619 60.4070 60.4070 60.4070 20.0000
C12 40.3113 43.1741 67.2681 10.1980 25.4951 40.1123 42.2966 77.1298 83.8153 82.9699 58.6941 53.1507 0.0000 65.0000 65.1920 51.6236 40.3113 40.3113 40.3113 29.0172 29.0172 29.0172 62.6259 62.6259 62.6259 71.0070 71.0070 71.0070 57.5674 57.5674 57.5674 40.3113
C13 51.4782 83.6002 76.4853 56.8243 46.0977 86.4523 86.6833 45.5412 53.8516 51.0784 48.3735 69.6419 65.0000 0.0000 20.6155 45.6070 51.4782 51.4782 51.4782 79.9812 79.9812 79.9812 46.0109 46.0109 46.0109 26.4008 26.4008 26.4008 9.4340 9.4340 9.4340 51.4782
C14 39.0512 72.3464 58.5235 55.4437 41.2311 76.6094 76.2168 25.0799 33.5410 30.8869 30.0832 54.0833 65.1920 20.6155 0.0000 29.4109 39.0512 39.0512 39.0512 72.4707 72.4707 72.4707 26.6833 26.6833 26.6833 7.2111 7.2111 7.2111 15.6205 15.6205 15.6205 39.0512
C15 13.0384 44.4185 31.1448 41.6293 26.9258 49.6588 48.7647 27.0185 32.5576 32.1403 7.2111 24.6982 51.6236 45.6070 29.4109 0.0000 13.0384 13.0384 13.0384 48.0521 48.0521 48.0521 11.1803 11.1803 11.1803 30.4795 30.4795 30.4795 36.6742 36.6742 36.6742 13.0384
F16 0.0000 33.3017 31.6228 30.8058 18.0278 37.7359 37.2022 40.0500 45.2769 45.0444 19.2354 20.0000 40.3113 51.4782 39.0512 13.0384 0.0000 0.0000 0.0000 35.1710 35.1710 35.1710 24.0208 24.0208 24.0208 41.6773 41.6773 41.6773 42.0595 42.0595 42.0595 0.0000
F16_1 0.0000 33.3017 31.6228 30.8058 18.0278 37.7359 37.2022 40.0500 45.2769 45.0444 19.2354 20.0000 40.3113 51.4782 39.0512 13.0384 0.0000 0.0000 0.0000 35.1710 35.1710 35.1710 24.0208 24.0208 24.0208 41.6773 41.6773 41.6773 42.0595 42.0595 42.0595 0.0000
F16_2 0.0000 33.3017 31.6228 30.8058 18.0278 37.7359 37.2022 40.0500 45.2769 45.0444 19.2354 20.0000 40.3113 51.4782 39.0512 13.0384 0.0000 0.0000 0.0000 35.1710 35.1710 35.1710 24.0208 24.0208 24.0208 41.6773 41.6773 41.6773 42.0595 42.0595 42.0595 0.0000
F17 35.1710 15.8114 48.7545 28.4605 33.9411 11.1803 13.6015 74.8131 79.1012 79.3095 53.3385 35.7351 29.0172 79.9812 72.4707 48.0521 35.1710 35.1710 35.1710 0.0000 0.0000 0.0000 58.5491 58.5491 58.5491 76.1577 76.1577 76.1577 70.9366 70.9366 70.9366 35.1710
F17_1 35.1710 15.8114 48.7545 28.4605 33.9411 11.1803 13.6015 74.8131 79.1012 79.3095 53.3385 35.7351 29.0172 79.9812 72.4707 48.0521 35.1710 35.1710 35.1710 0.0000 0.0000 0.0000 58.5491 58.5491 58.5491 76.1577 76.1577 76.1577 70.9366 70.9366 70.9366 35.1710
F17_2 35.1710 15.8114 48.7545 28.4605 33.9411 11.1803 13.6015 74.8131 79.1012 79.3095 53.3385 35.7351 29.0172 79.9812 72.4707 48.0521 35.1710 35.1710 35.1710 0.0000 0.0000 0.0000 58.5491 58.5491 58.5491 76.1577 76.1577 76.1577 70.9366 70.9366 70.9366 35.1710
F18 24.0208 53.3104 32.2025 52.5547 37.5766 59.1354 57.9396 16.2788 21.3776 21.0238 5.3852 30.6105 62.6259 46.0109 26.6833 11.1803 24.0208 24.0208 24.0208 58.5491 58.5491 58.5491 0.0000 0.0000 0.0000 25.0599 25.0599 25.0599 38.2099 38.2099 38.2099 24.0208
F18_1 24.0208 53.3104 32.2025 52.5547 37.5766 59.1354 57.9396 16.2788 21.3776 21.0238 5.3852 30.6105 62.6259 46.0109 26.6833 11.1803 24.0208 24.0208 24.0208 58.5491 58.5491 58.5491 0.0000 0.0000 0.0000 25.0599 25.0599 25.0599 38.2099 38.2099 38.2099 24.0208
F18_2 24.0208 53.3104 32.2025 52.5547 37.5766 59.1354 57.9396 16.2788 21.3776 21.0238 5.3852 30.6105 62.6259 46.0109 26.6833 11.1803 24.0208 24.0208 24.0208 58.5491 58.5491 58.5491 0.0000 0.0000 0.0000 25.0599 25.0599 25.0599 38.2099 38.2099 38.2099 24.0208
F19 41.6773 74.6324 57.2451 61.0737 46.3897 79.4040 78.7718 19.4165 27.5136 24.6982 29.4109 54.5619 71.0070 26.4008 7.2111 30.4795 41.6773 41.6773 41.6773 76.1577 76.1577 76.1577 25.0599 25.0599 25.0599 0.0000 0.0000 0.0000 22.6274 22.6274 22.6274 41.6773
F19_1 41.6773 74.6324 57.2451 61.0737 46.3897 79.4040 78.7718 19.4165 27.5136 24.6982 29.4109 54.5619 71.0070 26.4008 7.2111 30.4795 41.6773 41.6773 41.6773 76.1577 76.1577 76.1577 25.0599 25.0599 25.0599 0.0000 0.0000 0.0000 22.6274 22.6274 22.6274 41.6773
F19_2 41.6773 74.6324 57.2451 61.0737 46.3897 79.4040 78.7718 19.4165 27.5136 24.6982 29.4109 54.5619 71.0070 26.4008 7.2111 30.4795 41.6773 41.6773 41.6773 76.1577 76.1577 76.1577 25.0599 25.0599 25.0599 0.0000 0.0000 0.0000 22.6274 22.6274 22.6274 41.6773
F20 42.0595 74.2024 67.7422 48.8467 37.2022 77.1557 77.3369 40.3113 48.8774 46.3249 40.0125 60.4070 57.5674 9.4340 15.6205 36.6742 42.0595 42.0595 42.0595 70.9366 70.9366 70.9366 38.2099 38.2099 38.2099 22.6274 22.6274 22.6274 0.0000 0.0000 0.0000 42.0595
F20_1 42.0595 74.2024 67.7422 48.8467 37.2022 77.1557 77.3369 40.3113 48.8774 46.3249 40.0125 60.4070 57.5674 9.4340 15.6205 36.6742 42.0595 42.0595 42.0595 70.9366 70.9366 70.9366 38.2099 38.2099 38.2099 22.6274 22.6274 22.6274 0.0000 0.0000 0.0000 42.0595
F20_2 42.0595 74.2024 67.7422 48.8467 37.2022 77.1557 77.3369 40.3113 48.8774 46.3249 40.0125 60.4070 57.5674 9.4340 15.6205 36.6742 42.0595 42.0595 42.0595 70.9366 70.9366 70.9366 38.2099 38.2099 38.2099 22.6274 22.6274 22.6274 0.0000 0.0000 0.0000 42.0595
Nσ 0.0000 33.3017 31.6228 30.8058 18.0278 37.7359 37.2022 40.0500 45.2769 45.0444 19.2354 20.0000 40.3113 51.4782 39.0512 13.0384 0.0000 0.0000 0.0000 35.1710 35.1710 35.1710 24.0208 24.0208 24.0208 41.6773 41.6773 41.6773 42.0595 42.0595 42.0595 0.0000
;

param t : N0 C1 C2 C3 C4 C5 C6 C7 C8 C9 C10 C11 C12 C13 C14 C15 F16 F16_1 F16_2 F17 F17_1 F17_2 F18 F18_1 F18_2 F19 F19_1 F19_2 F20 F20_1 F20_2 Nσ  :=
N0 0.0000 33.3017 31.6228 30.8058 18.0278 37.7359 37.2022 40.0500 45.2769 45.0444 19.2354 20.0000 40.3113 51.4782 39.0512 13.0384 0.0000 0.0000 0.0000 35.1710 35.1710 35.1710 24.0208 24.0208 24.0208 41.6773 41.6773 41.6773 42.0595 42.0595 42.0595 0.0000
C1 33.3017 0.0000 35.9026 40.0000 39.9249 7.2801 5.0000 69.2892 72.0347 72.8011 47.9270 25.0799 43.1741 83.6002 72.3464 44.4185 33.3017 33.3017 33.3017 15.8114 15.8114 15.8114 53.3104 53.3104 53.3104 74.6324 74.6324 74.6324 74.2024 74.2024 74.2024 33.3017
C2 31.6228 35.9026 0.0000 59.4054 49.2443 43.1741 40.7922 43.8634 43.0116 44.8219 28.4605 14.1421 67.2681 76.4853 58.5235 31.1448 31.6228 31.6228 31.6228 48.7545 48.7545 48.7545 32.2025 32.2025 32.2025 57.2451 57.2451 57.2451 67.7422 67.7422 67.7422 31.6228
C3 30.8058 40.0000 59.4054 0.0000 15.2971 38.6394 40.3113 66.9403 73.6817 72.8011 48.7545 45.4863 10.1980 56.8243 55.4437 41.6293 30.8058 30.8058 30.8058 28.4605 28.4605 28.4605 52.5547 52.5547 52.5547 61.0737 61.0737 61.0737 48.8467 48.8467 48.8467 30.8058
C4 18.0278 39.9249 49.2443 15.2971 0.0000 41.3401 42.0595 51.6624 58.5235 57.5674 34.1321 36.4005 25.4951 46.0977 41.2311 26.9258 18.0278 18.0278 18.0278 33.9411 33.9411 33.9411 37.5766 37.5766 37.5766 46.3897 46.3897 46.3897 37.2022 37.2022 37.2022 18.0278
C5 37.7359 7.2801 43.1741 38.6394 41.3401 0.0000 2.8284 75.2861 78.4474 79.0759 53.7587 32.0000 40.1123 86.4523 76.6094 49.6588 37.7359 37.7359 37.7359 11.1803 11.1803 11.1803 59.1354 59.1354 59.1354 79.4040 79.4040 79.4040 77.1557 77.1557 77.1557 37.7359
C6 37.2022 5.0000 40.7922 40.3113 42.0595 2.8284 0.0000 74.0000 76.9025 77.6209 52.5547 30.0666 42.2966 86.6833 76.2168 48.7647 37.2022 37.2022 37.2022 13.6015 13.6015 13.6015 57.9396 57.9396 57.9396 78.7718 78.7718 78.7718 77.3369 77.3369 77.3369 37.2022
C7 40.0500 69.2892 43.8634 66.9403 51.6624 75.2861 74.0000 0.0000 8.6023 6.4031 21.5870 45.6508 77.1298 45.5412 25.0799 27.0185 40.0500 40.0500 40.0500 74.8131 74.8131 74.8131 16.2788 16.2788 16.2788 19.4165 19.4165 19.4165 40.3113 40.3113 40.3113 40.0500
C8 45.2769 72.0347 43.0116 73.6817 58.5235 78.4474 76.9025 8.6023 0.0000 3.0000 26.0768 47.4342 83.8153 53.8516 33.5410 32.5576 45.2769 45.2769 45.2769 79.1012 79.1012 79.1012 21.3776 21.3776 21.3776 27.5136 27.5136 27.5136 48.8774 48.8774 48.8774 45.2769
C9 45.0444 72.8011 44.8219 72.8011 57.5674 79.0759 77.6209 6.4031 3.0000 0.0000 26.0192 48.4665 82.9699 51.0784 30.8869 32.1403 45.0444 45.0444 45.0444 79.3095 79.3095 79.3095 21.0238 21.0238 21.0238 24.6982 24.6982 24.6982 46.3249 46.3249 46.3249 45.0444
C10 19.2354 47.9270 28.4605 48.7545 34.1321 53.7587 52.5547 21.5870 26.0768 26.0192 0.0000 25.4951 58.6941 48.3735 30.0832 7.2111 19.2354 19.2354 19.2354 53.3385 53.3385 53.3385 5.3852 5.3852 5.3852 29.4109 29.4109 29.4109 40.0125 40.0125 40.0125 19.2354
C11 20.0000 25.0799 14.1421 45.4863 36.4005 32.0000 30.0666 45.6508 47.4342 48.4665 25.4951 0.0000 53.1507 69.6419 54.0833 24.6982 20.0000 20.0000 20.0000 35.7351 35.7351 35.7351 30.6105 30.6105 30.6105 54.5619 54.5619 54.5619 60.4070 60.4070 60.4070 20.0000
C12 40.3113 43.1741 67.2681 10.1980 25.4951 40.1123 42.2966 77.1298 83.8153 82.9699 58.6941 53.1507 0.0000 65.0000 65.1920 51.6236 40.3113 40.3113 40.3113 29.0172 29.0172 29.0172 62.6259 62.6259 62.6259 71.0070 71.0070 71.0070 57.5674 57.5674 57.5674 40.3113
C13 51.4782 83.6002 76.4853 56.8243 46.0977 86.4523 86.6833 45.5412 53.8516 51.0784 48.3735 69.6419 65.0000 0.0000 20.6155 45.6070 51.4782 51.4782 51.4782 79.9812 79.9812 79.9812 46.0109 46.0109 46.0109 26.4008 26.4008 26.4008 9.4340 9.4340 9.4340 51.4782
C14 39.0512 72.3464 58.5235 55.4437 41.2311 76.6094 76.2168 25.0799 33.5410 30.8869 30.0832 54.0833 65.1920 20.6155 0.0000 29.4109 39.0512 39.0512 39.0512 72.4707 72.4707 72.4707 26.6833 26.6833 26.6833 7.2111 7.2111 7.2111 15.6205 15.6205 15.6205 39.0512
C15 13.0384 44.4185 31.1448 41.6293 26.9258 49.6588 48.7647 27.0185 32.5576 32.1403 7.2111 24.6982 51.6236 45.6070 29.4109 0.0000 13.0384 13.0384 13.0384 48.0521 48.0521 48.0521 11.1803 11.1803 11.1803 30.4795 30.4795 30.4795 36.6742 36.6742 36.6742 13.0384
F16 0.0000 33.3017 31.6228 30.8058 18.0278 37.7359 37.2022 40.0500 45.2769 45.0444 19.2354 20.0000 40.3113 51.4782 39.0512 13.0384 0.0000 0.0000 0.0000 35.1710 35.1710 35.1710 24.0208 24.0208 24.0208 41.6773 41.6773 41.6773 42.0595 42.0595 42.0595 0.0000
F16_1 0.0000 33.3017 31.6228 30.8058 18.0278 37.7359 37.2022 40.0500 45.2769 45.0444 19.2354 20.0000 40.3113 51.4782 39.0512 13.0384 0.0000 0.0000 0.0000 35.1710 35.1710 35.1710 24.0208 24.0208 24.0208 41.6773 41.6773 41.6773 42.0595 42.0595 42.0595 0.0000
F16_2 0.0000 33.3017 31.6228 30.8058 18.0278 37.7359 37.2022 40.0500 45.2769 45.0444 19.2354 20.0000 40.3113 51.4782 39.0512 13.0384 0.0000 0.0000 0.0000 35.1710 35.1710 35.1710 24.0208 24.0208 24.0208 41.6773 41.6773 41.6773 42.0595 42.0595 42.0595 0.0000
F17 35.1710 15.8114 48.7545 28.4605 33.9411 11.1803 13.6015 74.8131 79.1012 79.3095 53.3385 35.7351 29.0172 79.9812 72.4707 48.0521 35.1710 35.1710 35.1710 0.0000 0.0000 0.0000 58.5491 58.5491 58.5491 76.1577 76.1577 76.1577 70.9366 70.9366 70.9366 35.1710
F17_1 35.1710 15.8114 48.7545 28.4605 33.9411 11.1803 13.6015 74.8131 79.1012 79.3095 53.3385 35.7351 29.0172 79.9812 72.4707 48.0521 35.1710 35.1710 35.1710 0.0000 0.0000 0.0000 58.5491 58.5491 58.5491 76.1577 76.1577 76.1577 70.9366 70.9366 70.9366 35.1710
F17_2 35.1710 15.8114 48.7545 28.4605 33.9411 11.1803 13.6015 74.8131 79.1012 79.3095 53.3385 35.7351 29.0172 79.9812 72.4707 48.0521 35.1710 35.1710 35.1710 0.0000 0.0000 0.0000 58.5491 58.5491 58.5491 76.1577 76.1577 76.1577 70.9366 70.9366 70.9366 35.1710
F18 24.0208 53.3104 32.2025 52.5547 37.5766 59.1354 57.9396 16.2788 21.3776 21.0238 5.3852 30.6105 62.6259 46.0109 26.6833 11.1803 24.0208 24.0208 24.0208 58.5491 58.5491 58.5491 0.0000 0.0000 0.0000 25.0599 25.0599 25.0599 38.2099 38.2099 38.2099 24.0208
F18_1 24.0208 53.3104 32.2025 52.5547 37.5766 59.1354 57.9396 16.2788 21.3776 21.0238 5.3852 30.6105 62.6259 46.0109 26.6833 11.1803 24.0208 24.0208 24.0208 58.5491 58.5491 58.5491 0.0000 0.0000 0.0000 25.0599 25.0599 25.0599 38.2099 38.2099 38.2099 24.0208
F18_2 24.0208 53.3104 32.2025 52.5547 37.5766 59.1354 57.9396 16.2788 21.3776 21.0238 5.3852 30.6105 62.6259 46.0109 26.6833 11.1803 24.0208 24.0208 24.0208 58.5491 58.5491 58.5491 0.0000 0.0000 0.0000 25.0599 25.0599 25.0599 38.2099 38.2099 38.2099 24.0208
F19 41.6773 74.6324 57.2451 61.0737 46.3897 79.4040 78.7718 19.4165 27.5136 24.6982 29.4109 54.5619 71.0070 26.4008 7.2111 30.4795 41.6773 41.6773 41.6773 76.1577 76.1577 76.1577 25.0599 25.0599 25.0599 0.0000 0.0000 0.0000 22.6274 22.6274 22.6274 41.6773
F19_1 41.6773 74.6324 57.2451 61.0737 46.3897 79.4040 78.7718 19.4165 27.5136 24.6982 29.4109 54.5619 71.0070 26.4008 7.2111 30.4795 41.6773 41.6773 41.6773 76.1577 76.1577 76.1577 25.0599 25.0599 25.0599 0.0000 0.0000 0.0000 22.6274 22.6274 22.6274 41.6773
F19_2 41.6773 74.6324 57.2451 61.0737 46.3897 79.4040 78.7718 19.4165 27.5136 24.6982 29.4109 54.5619 71.0070 26.4008 7.2111 30.4795 41.6773 41.6773 41.6773 76.1577 76.1577 76.1577 25.0599 25.0599 25.0599 0.0000 0.0000 0.0000 22.6274 22.6274 22.6274 41.6773
F20 42.0595 74.2024 67.7422 48.8467 37.2022 77.1557 77.3369 40.3113 48.8774 46.3249 40.0125 60.4070 57.5674 9.4340 15.6205 36.6742 42.0595 42.0595 42.0595 70.9366 70.9366 70.9366 38.2099 38.2099 38.2099 22.6274 22.6274 22.6274 0.0000 0.0000 0.0000 42.0595
F20_1 42.0595 74.2024 67.7422 48.8467 37.2022 77.1557 77.3369 40.3113 48.8774 46.3249 40.0125 60.4070 57.5674 9.4340 15.6205 36.6742 42.0595 42.0595 42.0595 70.9366 70.9366 70.9366 38.2099 38.2099 38.2099 22.6274 22.6274 22.6274 0.0000 0.0000 0.0000 42.0595
F20_2 42.0595 74.2024 67.7422 48.8467 37.2022 77.1557 77.3369 40.3113 48.8774 46.3249 40.0125 60.4070 57.5674 9.4340 15.6205 36.6742 42.0595 42.0595 42.0595 70.9366 70.9366 70.9366 38.2099 38.2099 38.2099 22.6274 22.6274 22.6274 0.0000 0.0000 0.0000 42.0595
Nσ 0.0000 33.3017 31.6228 30.8058 18.0278 37.7359 37.2022 40.0500 45.2769 45.0444 19.2354 20.0000 40.3113 51.4782 39.0512 13.0384 0.0000 0.0000 0.0000 35.1710 35.1710 35.1710 24.0208 24.0208 24.0208 41.6773 41.6773 41.6773 42.0595 42.0595 42.0595 0.0000
;
