# set
set V := C1 C2 C3 C4 C5 C6 C7 C8 C9 C10 C11 C12 C13 C14 C15 ;
set F := F16 F17 F18 F19 F20 F21 F22 F16_1 F16_2 F17_1 F17_2 F18_1 F18_2 F19_1 F19_2 F20_1 F20_2 F21_1 F21_2 F22_1 F22_2 ;
set D0 := N0;
set Dσ := Nσ;

# param
param Cf := 200;		# ECV fixed cost
param C := 1000;		# ECV max load
param Q := 77.75;		# ECV/BSV battery level
param h := 1;		# ECV consumption

param CB := 60;		# BSV fixed cost
param Qplun := 5;		# BSV max load
param hplun := 1;		# BSV consumption
param W := 155.5;		# BSV battery level

param Cde := 1;		# ECV cost per unit distance
param Cdb := 1;		# BSV cost per unit distance
param lamda := 0;	# battery swap time
param n := 15;		# number of customers
param g := 1.17;	# recharging rate
param Cr := 100;		# recharging cost
param Ct := 10;		# travel cost
param Cs ;		# battery swap cost

param m :=
N0 0
C1 30
C2 30
C3 9
C4 30
C5 9
C6 10
C7 20
C8 6
C9 8
C10 16
C11 40
C12 10
C13 31
C14 10
C15 28
F16 0
F16_1 0
F16_2 0
F17 0
F17_1 0
F17_2 0
F18 0
F18_1 0
F18_2 0
F19 0
F19_1 0
F19_2 0
F20 0
F20_1 0
F20_2 0
F21 0
F21_1 0
F21_2 0
F22 0
F22_1 0
F22_2 0
Nσ 0
;

param e :=
N0 0
C1 352
C2 0
C3 0
C4 0
C5 0
C6 0
C7 0
C8 0
C9 645
C10 0
C11 0
C12 0
C13 268
C14 0
C15 0
F16 0
F16_1 0
F16_2 0
F17 0
F17_1 0
F17_2 0
F18 0
F18_1 0
F18_2 0
F19 0
F19_1 0
F19_2 0
F20 0
F20_1 0
F20_2 0
F21 0
F21_1 0
F21_2 0
F22 0
F22_1 0
F22_2 0
Nσ 0
;

param l :=
N0 960
C1 472
C2 918
C3 934
C4 919
C5 935
C6 911
C7 911
C8 910
C9 765
C10 892
C11 915
C12 914
C13 388
C14 904
C15 917
F16 960
F16_1 960
F16_2 960
F17 960
F17_1 960
F17_2 960
F18 960
F18_1 960
F18_2 960
F19 960
F19_1 960
F19_2 960
F20 960
F20_1 960
F20_2 960
F21 960
F21_1 960
F21_2 960
F22 960
F22_1 960
F22_2 960
Nσ 960
;

param s :=
N0 0
C1 10
C2 10
C3 10
C4 10
C5 10
C6 10
C7 10
C8 10
C9 10
C10 10
C11 10
C12 10
C13 10
C14 10
C15 10
F16 0
F16_1 0
F16_2 0
F17 0
F17_1 0
F17_2 0
F18 0
F18_1 0
F18_2 0
F19 0
F19_1 0
F19_2 0
F20 0
F20_1 0
F20_2 0
F21 0
F21_1 0
F21_2 0
F22 0
F22_1 0
F22_2 0
Nσ 0
;

param d : N0 C1 C2 C3 C4 C5 C6 C7 C8 C9 C10 C11 C12 C13 C14 C15 F16 F16_1 F16_2 F17 F17_1 F17_2 F18 F18_1 F18_2 F19 F19_1 F19_2 F20 F20_1 F20_2 F21 F21_1 F21_2 F22 F22_1 F22_2 Nσ  :=
N0 0.0000 38.4708 31.6228 15.8114 30.8058 14.1421 38.0526 38.0789 39.0512 36.0555 57.0088 35.0000 35.0571 42.9418 45.0444 32.2025 0.0000 0.0000 0.0000 38.0789 38.0789 38.0789 27.5136 27.5136 27.5136 37.2022 37.2022 37.2022 24.0832 24.0832 24.0832 42.0595 42.0595 42.0595 41.6773 41.6773 41.6773 0.0000
C1 38.4708 0.0000 28.2843 39.1152 17.4642 25.6125 66.5733 25.4951 76.0592 50.0000 63.0079 62.9682 64.0703 77.7946 72.5603 46.4866 38.4708 38.4708 38.4708 21.2132 21.2132 21.2132 12.0416 12.0416 12.0416 40.1995 40.1995 40.1995 37.5766 37.5766 37.5766 61.6847 61.6847 61.6847 77.0779 77.0779 77.0779 38.4708
C2 31.6228 28.2843 0.0000 43.0116 37.0000 20.0000 42.5206 47.4342 58.5235 22.3607 35.3553 39.0512 40.6079 57.3062 47.4236 19.4165 31.6228 31.6228 31.6228 44.3847 44.3847 44.3847 19.4165 19.4165 19.4165 12.0000 12.0000 12.0000 13.4164 13.4164 13.4164 34.4819 34.4819 34.4819 57.2451 57.2451 57.2451 31.6228
C3 15.8114 39.1152 43.0116 0.0000 25.0799 23.0217 53.0848 28.2843 49.2443 51.4782 72.1110 50.2494 50.0899 55.0818 60.0750 47.5079 15.8114 15.8114 15.8114 30.0000 30.0000 30.0000 31.5753 31.5753 31.5753 50.9313 50.9313 50.9313 38.6005 38.6005 38.6005 57.8705 57.8705 57.8705 53.4509 53.4509 53.4509 15.8114
C4 30.8058 17.4642 37.0000 25.0799 0.0000 23.3452 66.0984 10.4403 69.8140 55.0364 72.0347 62.6418 63.2456 73.5731 72.8011 51.0098 30.8058 30.8058 30.8058 8.0623 8.0623 8.0623 17.8885 17.8885 17.8885 48.5077 48.5077 48.5077 41.0000 41.0000 41.0000 65.1920 65.1920 65.1920 72.4017 72.4017 72.4017 30.8058
C5 14.1421 25.6125 20.0000 23.0217 23.3452 0.0000 43.0813 33.0151 50.4480 32.5576 51.4782 39.5601 40.3113 52.4976 49.6488 28.4429 14.1421 14.1421 14.1421 31.4006 31.4006 31.4006 13.8924 13.8924 13.8924 28.8444 28.8444 28.8444 18.4391 18.4391 18.4391 42.0119 42.0119 42.0119 51.6624 51.6624 51.6624 14.1421
C6 38.0526 66.5733 42.5206 53.0848 66.0984 43.0813 0.0000 74.9533 24.3516 23.4094 37.6563 3.6056 3.0000 18.0000 7.0000 24.1868 38.0526 38.0526 38.0526 74.0405 74.0405 74.0405 54.7083 54.7083 54.7083 35.7771 35.7771 35.7771 29.7321 29.7321 29.7321 15.1327 15.1327 15.1327 19.1050 19.1050 19.1050 38.0526
C7 38.0789 25.4951 47.4342 28.2843 10.4403 33.0151 74.9533 0.0000 76.3217 65.1920 82.4621 71.5891 72.0347 80.9568 81.7863 61.1310 38.0789 38.0789 38.0789 4.4721 4.4721 4.4721 28.2312 28.2312 28.2312 58.9406 58.9406 58.9406 51.0882 51.0882 51.0882 75.0267 75.0267 75.0267 79.6053 79.6053 79.6053 38.0789
C8 39.0512 76.0592 58.5235 49.2443 69.8140 50.4480 24.3516 76.3217 0.0000 45.0000 61.8466 25.4951 23.5372 9.4340 27.4591 44.1814 39.0512 39.0512 39.0512 76.8440 76.8440 76.8440 64.2028 64.2028 64.2028 55.5788 55.5788 55.5788 45.2217 45.2217 45.2217 39.2938 39.2938 39.2938 7.2111 7.2111 7.2111 39.0512
C9 36.0555 50.0000 22.3607 51.4782 55.0364 32.5576 23.4094 65.1920 45.0000 0.0000 21.2132 20.6155 22.5610 40.7922 26.6271 4.1231 36.0555 36.0555 36.0555 63.0079 63.0079 63.0079 39.4588 39.4588 39.4588 12.8062 12.8062 12.8062 14.1421 14.1421 14.1421 12.2066 12.2066 12.2066 41.4367 41.4367 41.4367 36.0555
C10 57.0088 63.0079 35.3553 72.1110 72.0347 51.4782 37.6563 82.4621 61.8466 21.2132 0.0000 36.4005 38.3275 55.4437 37.0000 24.8395 57.0088 57.0088 57.0088 79.6241 79.6241 79.6241 54.7449 54.7449 54.7449 23.5372 23.5372 23.5372 33.6155 33.6155 33.6155 22.5610 22.5610 22.5610 56.7186 56.7186 56.7186 57.0088
C11 35.0000 62.9682 39.0512 50.2494 62.6418 39.5601 3.6056 71.5891 25.4951 20.6155 36.4005 0.0000 2.0000 20.2237 10.1980 21.0238 35.0000 35.0000 35.0000 70.6045 70.6045 70.6045 51.1077 51.1077 51.1077 32.6956 32.6956 32.6956 26.1725 26.1725 26.1725 13.9284 13.9284 13.9284 21.0238 21.0238 21.0238 35.0000
C12 35.0571 64.0703 40.6079 50.0899 63.2456 40.3113 3.0000 72.0347 23.5372 22.5610 38.3275 2.0000 0.0000 18.2483 10.0000 22.8473 35.0571 35.0571 35.0571 71.1688 71.1688 71.1688 52.1536 52.1536 52.1536 34.5398 34.5398 34.5398 27.5862 27.5862 27.5862 15.8114 15.8114 15.8114 19.0263 19.0263 19.0263 35.0571
C13 42.9418 77.7946 57.3062 55.0818 73.5731 52.4976 18.0000 80.9568 9.4340 40.7922 55.4437 20.2237 18.2483 0.0000 19.3132 40.8044 42.9418 42.9418 42.9418 81.0062 81.0062 81.0062 65.7647 65.7647 65.7647 52.4976 52.4976 52.4976 43.9090 43.9090 43.9090 33.0606 33.0606 33.0606 2.2361 2.2361 2.2361 42.9418
C14 45.0444 72.5603 47.4236 60.0750 72.8011 49.6488 7.0000 81.7863 27.4591 26.6271 37.0000 10.1980 10.0000 19.3132 0.0000 28.3196 45.0444 45.0444 45.0444 80.7775 80.7775 80.7775 60.8276 60.8276 60.8276 39.4081 39.4081 39.4081 35.2278 35.2278 35.2278 15.8114 15.8114 15.8114 21.0238 21.0238 21.0238 45.0444
C15 32.2025 46.4866 19.4165 47.5079 51.0098 28.4429 24.1868 61.1310 44.1814 4.1231 24.8395 21.0238 22.8473 40.8044 28.3196 0.0000 32.2025 32.2025 32.2025 59.0000 59.0000 59.0000 35.6931 35.6931 35.6931 11.7047 11.7047 11.7047 10.0499 10.0499 10.0499 15.2315 15.2315 15.2315 41.2311 41.2311 41.2311 32.2025
F16 0.0000 38.4708 31.6228 15.8114 30.8058 14.1421 38.0526 38.0789 39.0512 36.0555 57.0088 35.0000 35.0571 42.9418 45.0444 32.2025 0.0000 0.0000 0.0000 38.0789 38.0789 38.0789 27.5136 27.5136 27.5136 37.2022 37.2022 37.2022 24.0832 24.0832 24.0832 42.0595 42.0595 42.0595 41.6773 41.6773 41.6773 0.0000
F16_1 0.0000 38.4708 31.6228 15.8114 30.8058 14.1421 38.0526 38.0789 39.0512 36.0555 57.0088 35.0000 35.0571 42.9418 45.0444 32.2025 0.0000 0.0000 0.0000 38.0789 38.0789 38.0789 27.5136 27.5136 27.5136 37.2022 37.2022 37.2022 24.0832 24.0832 24.0832 42.0595 42.0595 42.0595 41.6773 41.6773 41.6773 0.0000
F16_2 0.0000 38.4708 31.6228 15.8114 30.8058 14.1421 38.0526 38.0789 39.0512 36.0555 57.0088 35.0000 35.0571 42.9418 45.0444 32.2025 0.0000 0.0000 0.0000 38.0789 38.0789 38.0789 27.5136 27.5136 27.5136 37.2022 37.2022 37.2022 24.0832 24.0832 24.0832 42.0595 42.0595 42.0595 41.6773 41.6773 41.6773 0.0000
F17 38.0789 21.2132 44.3847 30.0000 8.0623 31.4006 74.0405 4.4721 76.8440 63.0079 79.6241 70.6045 71.1688 81.0062 80.7775 59.0000 38.0789 38.0789 38.0789 0.0000 0.0000 0.0000 25.0000 25.0000 25.0000 56.0892 56.0892 56.0892 49.0102 49.0102 49.0102 73.2462 73.2462 73.2462 79.7559 79.7559 79.7559 38.0789
F17_1 38.0789 21.2132 44.3847 30.0000 8.0623 31.4006 74.0405 4.4721 76.8440 63.0079 79.6241 70.6045 71.1688 81.0062 80.7775 59.0000 38.0789 38.0789 38.0789 0.0000 0.0000 0.0000 25.0000 25.0000 25.0000 56.0892 56.0892 56.0892 49.0102 49.0102 49.0102 73.2462 73.2462 73.2462 79.7559 79.7559 79.7559 38.0789
F17_2 38.0789 21.2132 44.3847 30.0000 8.0623 31.4006 74.0405 4.4721 76.8440 63.0079 79.6241 70.6045 71.1688 81.0062 80.7775 59.0000 38.0789 38.0789 38.0789 0.0000 0.0000 0.0000 25.0000 25.0000 25.0000 56.0892 56.0892 56.0892 49.0102 49.0102 49.0102 73.2462 73.2462 73.2462 79.7559 79.7559 79.7559 38.0789
F18 27.5136 12.0416 19.4165 31.5753 17.8885 13.8924 54.7083 28.2312 64.2028 39.4588 54.7449 51.1077 52.1536 65.7647 60.8276 35.6931 27.5136 27.5136 27.5136 25.0000 25.0000 25.0000 0.0000 0.0000 0.0000 31.2570 31.2570 31.2570 26.2488 26.2488 26.2488 50.6952 50.6952 50.6952 65.0692 65.0692 65.0692 27.5136
F18_1 27.5136 12.0416 19.4165 31.5753 17.8885 13.8924 54.7083 28.2312 64.2028 39.4588 54.7449 51.1077 52.1536 65.7647 60.8276 35.6931 27.5136 27.5136 27.5136 25.0000 25.0000 25.0000 0.0000 0.0000 0.0000 31.2570 31.2570 31.2570 26.2488 26.2488 26.2488 50.6952 50.6952 50.6952 65.0692 65.0692 65.0692 27.5136
F18_2 27.5136 12.0416 19.4165 31.5753 17.8885 13.8924 54.7083 28.2312 64.2028 39.4588 54.7449 51.1077 52.1536 65.7647 60.8276 35.6931 27.5136 27.5136 27.5136 25.0000 25.0000 25.0000 0.0000 0.0000 0.0000 31.2570 31.2570 31.2570 26.2488 26.2488 26.2488 50.6952 50.6952 50.6952 65.0692 65.0692 65.0692 27.5136
F19 37.2022 40.1995 12.0000 50.9313 48.5077 28.8444 35.7771 58.9406 55.5788 12.8062 23.5372 32.6956 34.5398 52.4976 39.4081 11.7047 37.2022 37.2022 37.2022 56.0892 56.0892 56.0892 31.2570 31.2570 31.2570 0.0000 0.0000 0.0000 13.4164 13.4164 13.4164 24.7588 24.7588 24.7588 52.8867 52.8867 52.8867 37.2022
F19_1 37.2022 40.1995 12.0000 50.9313 48.5077 28.8444 35.7771 58.9406 55.5788 12.8062 23.5372 32.6956 34.5398 52.4976 39.4081 11.7047 37.2022 37.2022 37.2022 56.0892 56.0892 56.0892 31.2570 31.2570 31.2570 0.0000 0.0000 0.0000 13.4164 13.4164 13.4164 24.7588 24.7588 24.7588 52.8867 52.8867 52.8867 37.2022
F19_2 37.2022 40.1995 12.0000 50.9313 48.5077 28.8444 35.7771 58.9406 55.5788 12.8062 23.5372 32.6956 34.5398 52.4976 39.4081 11.7047 37.2022 37.2022 37.2022 56.0892 56.0892 56.0892 31.2570 31.2570 31.2570 0.0000 0.0000 0.0000 13.4164 13.4164 13.4164 24.7588 24.7588 24.7588 52.8867 52.8867 52.8867 37.2022
F20 24.0832 37.5766 13.4164 38.6005 41.0000 18.4391 29.7321 51.0882 45.2217 14.1421 33.6155 26.1725 27.5862 43.9090 35.2278 10.0499 24.0832 24.0832 24.0832 49.0102 49.0102 49.0102 26.2488 26.2488 26.2488 13.4164 13.4164 13.4164 0.0000 0.0000 0.0000 24.5153 24.5153 24.5153 43.8292 43.8292 43.8292 24.0832
F20_1 24.0832 37.5766 13.4164 38.6005 41.0000 18.4391 29.7321 51.0882 45.2217 14.1421 33.6155 26.1725 27.5862 43.9090 35.2278 10.0499 24.0832 24.0832 24.0832 49.0102 49.0102 49.0102 26.2488 26.2488 26.2488 13.4164 13.4164 13.4164 0.0000 0.0000 0.0000 24.5153 24.5153 24.5153 43.8292 43.8292 43.8292 24.0832
F20_2 24.0832 37.5766 13.4164 38.6005 41.0000 18.4391 29.7321 51.0882 45.2217 14.1421 33.6155 26.1725 27.5862 43.9090 35.2278 10.0499 24.0832 24.0832 24.0832 49.0102 49.0102 49.0102 26.2488 26.2488 26.2488 13.4164 13.4164 13.4164 0.0000 0.0000 0.0000 24.5153 24.5153 24.5153 43.8292 43.8292 43.8292 24.0832
F21 42.0595 61.6847 34.4819 57.8705 65.1920 42.0119 15.1327 75.0267 39.2938 12.2066 22.5610 13.9284 15.8114 33.0606 15.8114 15.2315 42.0595 42.0595 42.0595 73.2462 73.2462 73.2462 50.6952 50.6952 50.6952 24.7588 24.7588 24.7588 24.5153 24.5153 24.5153 0.0000 0.0000 0.0000 34.2345 34.2345 34.2345 42.0595
F21_1 42.0595 61.6847 34.4819 57.8705 65.1920 42.0119 15.1327 75.0267 39.2938 12.2066 22.5610 13.9284 15.8114 33.0606 15.8114 15.2315 42.0595 42.0595 42.0595 73.2462 73.2462 73.2462 50.6952 50.6952 50.6952 24.7588 24.7588 24.7588 24.5153 24.5153 24.5153 0.0000 0.0000 0.0000 34.2345 34.2345 34.2345 42.0595
F21_2 42.0595 61.6847 34.4819 57.8705 65.1920 42.0119 15.1327 75.0267 39.2938 12.2066 22.5610 13.9284 15.8114 33.0606 15.8114 15.2315 42.0595 42.0595 42.0595 73.2462 73.2462 73.2462 50.6952 50.6952 50.6952 24.7588 24.7588 24.7588 24.5153 24.5153 24.5153 0.0000 0.0000 0.0000 34.2345 34.2345 34.2345 42.0595
F22 41.6773 77.0779 57.2451 53.4509 72.4017 51.6624 19.1050 79.6053 7.2111 41.4367 56.7186 21.0238 19.0263 2.2361 21.0238 41.2311 41.6773 41.6773 41.6773 79.7559 79.7559 79.7559 65.0692 65.0692 65.0692 52.8867 52.8867 52.8867 43.8292 43.8292 43.8292 34.2345 34.2345 34.2345 0.0000 0.0000 0.0000 41.6773
F22_1 41.6773 77.0779 57.2451 53.4509 72.4017 51.6624 19.1050 79.6053 7.2111 41.4367 56.7186 21.0238 19.0263 2.2361 21.0238 41.2311 41.6773 41.6773 41.6773 79.7559 79.7559 79.7559 65.0692 65.0692 65.0692 52.8867 52.8867 52.8867 43.8292 43.8292 43.8292 34.2345 34.2345 34.2345 0.0000 0.0000 0.0000 41.6773
F22_2 41.6773 77.0779 57.2451 53.4509 72.4017 51.6624 19.1050 79.6053 7.2111 41.4367 56.7186 21.0238 19.0263 2.2361 21.0238 41.2311 41.6773 41.6773 41.6773 79.7559 79.7559 79.7559 65.0692 65.0692 65.0692 52.8867 52.8867 52.8867 43.8292 43.8292 43.8292 34.2345 34.2345 34.2345 0.0000 0.0000 0.0000 41.6773
Nσ 0.0000 38.4708 31.6228 15.8114 30.8058 14.1421 38.0526 38.0789 39.0512 36.0555 57.0088 35.0000 35.0571 42.9418 45.0444 32.2025 0.0000 0.0000 0.0000 38.0789 38.0789 38.0789 27.5136 27.5136 27.5136 37.2022 37.2022 37.2022 24.0832 24.0832 24.0832 42.0595 42.0595 42.0595 41.6773 41.6773 41.6773 0.0000
;

param t : N0 C1 C2 C3 C4 C5 C6 C7 C8 C9 C10 C11 C12 C13 C14 C15 F16 F16_1 F16_2 F17 F17_1 F17_2 F18 F18_1 F18_2 F19 F19_1 F19_2 F20 F20_1 F20_2 F21 F21_1 F21_2 F22 F22_1 F22_2 Nσ  :=
N0 0.0000 38.4708 31.6228 15.8114 30.8058 14.1421 38.0526 38.0789 39.0512 36.0555 57.0088 35.0000 35.0571 42.9418 45.0444 32.2025 0.0000 0.0000 0.0000 38.0789 38.0789 38.0789 27.5136 27.5136 27.5136 37.2022 37.2022 37.2022 24.0832 24.0832 24.0832 42.0595 42.0595 42.0595 41.6773 41.6773 41.6773 0.0000
C1 38.4708 0.0000 28.2843 39.1152 17.4642 25.6125 66.5733 25.4951 76.0592 50.0000 63.0079 62.9682 64.0703 77.7946 72.5603 46.4866 38.4708 38.4708 38.4708 21.2132 21.2132 21.2132 12.0416 12.0416 12.0416 40.1995 40.1995 40.1995 37.5766 37.5766 37.5766 61.6847 61.6847 61.6847 77.0779 77.0779 77.0779 38.4708
C2 31.6228 28.2843 0.0000 43.0116 37.0000 20.0000 42.5206 47.4342 58.5235 22.3607 35.3553 39.0512 40.6079 57.3062 47.4236 19.4165 31.6228 31.6228 31.6228 44.3847 44.3847 44.3847 19.4165 19.4165 19.4165 12.0000 12.0000 12.0000 13.4164 13.4164 13.4164 34.4819 34.4819 34.4819 57.2451 57.2451 57.2451 31.6228
C3 15.8114 39.1152 43.0116 0.0000 25.0799 23.0217 53.0848 28.2843 49.2443 51.4782 72.1110 50.2494 50.0899 55.0818 60.0750 47.5079 15.8114 15.8114 15.8114 30.0000 30.0000 30.0000 31.5753 31.5753 31.5753 50.9313 50.9313 50.9313 38.6005 38.6005 38.6005 57.8705 57.8705 57.8705 53.4509 53.4509 53.4509 15.8114
C4 30.8058 17.4642 37.0000 25.0799 0.0000 23.3452 66.0984 10.4403 69.8140 55.0364 72.0347 62.6418 63.2456 73.5731 72.8011 51.0098 30.8058 30.8058 30.8058 8.0623 8.0623 8.0623 17.8885 17.8885 17.8885 48.5077 48.5077 48.5077 41.0000 41.0000 41.0000 65.1920 65.1920 65.1920 72.4017 72.4017 72.4017 30.8058
C5 14.1421 25.6125 20.0000 23.0217 23.3452 0.0000 43.0813 33.0151 50.4480 32.5576 51.4782 39.5601 40.3113 52.4976 49.6488 28.4429 14.1421 14.1421 14.1421 31.4006 31.4006 31.4006 13.8924 13.8924 13.8924 28.8444 28.8444 28.8444 18.4391 18.4391 18.4391 42.0119 42.0119 42.0119 51.6624 51.6624 51.6624 14.1421
C6 38.0526 66.5733 42.5206 53.0848 66.0984 43.0813 0.0000 74.9533 24.3516 23.4094 37.6563 3.6056 3.0000 18.0000 7.0000 24.1868 38.0526 38.0526 38.0526 74.0405 74.0405 74.0405 54.7083 54.7083 54.7083 35.7771 35.7771 35.7771 29.7321 29.7321 29.7321 15.1327 15.1327 15.1327 19.1050 19.1050 19.1050 38.0526
C7 38.0789 25.4951 47.4342 28.2843 10.4403 33.0151 74.9533 0.0000 76.3217 65.1920 82.4621 71.5891 72.0347 80.9568 81.7863 61.1310 38.0789 38.0789 38.0789 4.4721 4.4721 4.4721 28.2312 28.2312 28.2312 58.9406 58.9406 58.9406 51.0882 51.0882 51.0882 75.0267 75.0267 75.0267 79.6053 79.6053 79.6053 38.0789
C8 39.0512 76.0592 58.5235 49.2443 69.8140 50.4480 24.3516 76.3217 0.0000 45.0000 61.8466 25.4951 23.5372 9.4340 27.4591 44.1814 39.0512 39.0512 39.0512 76.8440 76.8440 76.8440 64.2028 64.2028 64.2028 55.5788 55.5788 55.5788 45.2217 45.2217 45.2217 39.2938 39.2938 39.2938 7.2111 7.2111 7.2111 39.0512
C9 36.0555 50.0000 22.3607 51.4782 55.0364 32.5576 23.4094 65.1920 45.0000 0.0000 21.2132 20.6155 22.5610 40.7922 26.6271 4.1231 36.0555 36.0555 36.0555 63.0079 63.0079 63.0079 39.4588 39.4588 39.4588 12.8062 12.8062 12.8062 14.1421 14.1421 14.1421 12.2066 12.2066 12.2066 41.4367 41.4367 41.4367 36.0555
C10 57.0088 63.0079 35.3553 72.1110 72.0347 51.4782 37.6563 82.4621 61.8466 21.2132 0.0000 36.4005 38.3275 55.4437 37.0000 24.8395 57.0088 57.0088 57.0088 79.6241 79.6241 79.6241 54.7449 54.7449 54.7449 23.5372 23.5372 23.5372 33.6155 33.6155 33.6155 22.5610 22.5610 22.5610 56.7186 56.7186 56.7186 57.0088
C11 35.0000 62.9682 39.0512 50.2494 62.6418 39.5601 3.6056 71.5891 25.4951 20.6155 36.4005 0.0000 2.0000 20.2237 10.1980 21.0238 35.0000 35.0000 35.0000 70.6045 70.6045 70.6045 51.1077 51.1077 51.1077 32.6956 32.6956 32.6956 26.1725 26.1725 26.1725 13.9284 13.9284 13.9284 21.0238 21.0238 21.0238 35.0000
C12 35.0571 64.0703 40.6079 50.0899 63.2456 40.3113 3.0000 72.0347 23.5372 22.5610 38.3275 2.0000 0.0000 18.2483 10.0000 22.8473 35.0571 35.0571 35.0571 71.1688 71.1688 71.1688 52.1536 52.1536 52.1536 34.5398 34.5398 34.5398 27.5862 27.5862 27.5862 15.8114 15.8114 15.8114 19.0263 19.0263 19.0263 35.0571
C13 42.9418 77.7946 57.3062 55.0818 73.5731 52.4976 18.0000 80.9568 9.4340 40.7922 55.4437 20.2237 18.2483 0.0000 19.3132 40.8044 42.9418 42.9418 42.9418 81.0062 81.0062 81.0062 65.7647 65.7647 65.7647 52.4976 52.4976 52.4976 43.9090 43.9090 43.9090 33.0606 33.0606 33.0606 2.2361 2.2361 2.2361 42.9418
C14 45.0444 72.5603 47.4236 60.0750 72.8011 49.6488 7.0000 81.7863 27.4591 26.6271 37.0000 10.1980 10.0000 19.3132 0.0000 28.3196 45.0444 45.0444 45.0444 80.7775 80.7775 80.7775 60.8276 60.8276 60.8276 39.4081 39.4081 39.4081 35.2278 35.2278 35.2278 15.8114 15.8114 15.8114 21.0238 21.0238 21.0238 45.0444
C15 32.2025 46.4866 19.4165 47.5079 51.0098 28.4429 24.1868 61.1310 44.1814 4.1231 24.8395 21.0238 22.8473 40.8044 28.3196 0.0000 32.2025 32.2025 32.2025 59.0000 59.0000 59.0000 35.6931 35.6931 35.6931 11.7047 11.7047 11.7047 10.0499 10.0499 10.0499 15.2315 15.2315 15.2315 41.2311 41.2311 41.2311 32.2025
F16 0.0000 38.4708 31.6228 15.8114 30.8058 14.1421 38.0526 38.0789 39.0512 36.0555 57.0088 35.0000 35.0571 42.9418 45.0444 32.2025 0.0000 0.0000 0.0000 38.0789 38.0789 38.0789 27.5136 27.5136 27.5136 37.2022 37.2022 37.2022 24.0832 24.0832 24.0832 42.0595 42.0595 42.0595 41.6773 41.6773 41.6773 0.0000
F16_1 0.0000 38.4708 31.6228 15.8114 30.8058 14.1421 38.0526 38.0789 39.0512 36.0555 57.0088 35.0000 35.0571 42.9418 45.0444 32.2025 0.0000 0.0000 0.0000 38.0789 38.0789 38.0789 27.5136 27.5136 27.5136 37.2022 37.2022 37.2022 24.0832 24.0832 24.0832 42.0595 42.0595 42.0595 41.6773 41.6773 41.6773 0.0000
F16_2 0.0000 38.4708 31.6228 15.8114 30.8058 14.1421 38.0526 38.0789 39.0512 36.0555 57.0088 35.0000 35.0571 42.9418 45.0444 32.2025 0.0000 0.0000 0.0000 38.0789 38.0789 38.0789 27.5136 27.5136 27.5136 37.2022 37.2022 37.2022 24.0832 24.0832 24.0832 42.0595 42.0595 42.0595 41.6773 41.6773 41.6773 0.0000
F17 38.0789 21.2132 44.3847 30.0000 8.0623 31.4006 74.0405 4.4721 76.8440 63.0079 79.6241 70.6045 71.1688 81.0062 80.7775 59.0000 38.0789 38.0789 38.0789 0.0000 0.0000 0.0000 25.0000 25.0000 25.0000 56.0892 56.0892 56.0892 49.0102 49.0102 49.0102 73.2462 73.2462 73.2462 79.7559 79.7559 79.7559 38.0789
F17_1 38.0789 21.2132 44.3847 30.0000 8.0623 31.4006 74.0405 4.4721 76.8440 63.0079 79.6241 70.6045 71.1688 81.0062 80.7775 59.0000 38.0789 38.0789 38.0789 0.0000 0.0000 0.0000 25.0000 25.0000 25.0000 56.0892 56.0892 56.0892 49.0102 49.0102 49.0102 73.2462 73.2462 73.2462 79.7559 79.7559 79.7559 38.0789
F17_2 38.0789 21.2132 44.3847 30.0000 8.0623 31.4006 74.0405 4.4721 76.8440 63.0079 79.6241 70.6045 71.1688 81.0062 80.7775 59.0000 38.0789 38.0789 38.0789 0.0000 0.0000 0.0000 25.0000 25.0000 25.0000 56.0892 56.0892 56.0892 49.0102 49.0102 49.0102 73.2462 73.2462 73.2462 79.7559 79.7559 79.7559 38.0789
F18 27.5136 12.0416 19.4165 31.5753 17.8885 13.8924 54.7083 28.2312 64.2028 39.4588 54.7449 51.1077 52.1536 65.7647 60.8276 35.6931 27.5136 27.5136 27.5136 25.0000 25.0000 25.0000 0.0000 0.0000 0.0000 31.2570 31.2570 31.2570 26.2488 26.2488 26.2488 50.6952 50.6952 50.6952 65.0692 65.0692 65.0692 27.5136
F18_1 27.5136 12.0416 19.4165 31.5753 17.8885 13.8924 54.7083 28.2312 64.2028 39.4588 54.7449 51.1077 52.1536 65.7647 60.8276 35.6931 27.5136 27.5136 27.5136 25.0000 25.0000 25.0000 0.0000 0.0000 0.0000 31.2570 31.2570 31.2570 26.2488 26.2488 26.2488 50.6952 50.6952 50.6952 65.0692 65.0692 65.0692 27.5136
F18_2 27.5136 12.0416 19.4165 31.5753 17.8885 13.8924 54.7083 28.2312 64.2028 39.4588 54.7449 51.1077 52.1536 65.7647 60.8276 35.6931 27.5136 27.5136 27.5136 25.0000 25.0000 25.0000 0.0000 0.0000 0.0000 31.2570 31.2570 31.2570 26.2488 26.2488 26.2488 50.6952 50.6952 50.6952 65.0692 65.0692 65.0692 27.5136
F19 37.2022 40.1995 12.0000 50.9313 48.5077 28.8444 35.7771 58.9406 55.5788 12.8062 23.5372 32.6956 34.5398 52.4976 39.4081 11.7047 37.2022 37.2022 37.2022 56.0892 56.0892 56.0892 31.2570 31.2570 31.2570 0.0000 0.0000 0.0000 13.4164 13.4164 13.4164 24.7588 24.7588 24.7588 52.8867 52.8867 52.8867 37.2022
F19_1 37.2022 40.1995 12.0000 50.9313 48.5077 28.8444 35.7771 58.9406 55.5788 12.8062 23.5372 32.6956 34.5398 52.4976 39.4081 11.7047 37.2022 37.2022 37.2022 56.0892 56.0892 56.0892 31.2570 31.2570 31.2570 0.0000 0.0000 0.0000 13.4164 13.4164 13.4164 24.7588 24.7588 24.7588 52.8867 52.8867 52.8867 37.2022
F19_2 37.2022 40.1995 12.0000 50.9313 48.5077 28.8444 35.7771 58.9406 55.5788 12.8062 23.5372 32.6956 34.5398 52.4976 39.4081 11.7047 37.2022 37.2022 37.2022 56.0892 56.0892 56.0892 31.2570 31.2570 31.2570 0.0000 0.0000 0.0000 13.4164 13.4164 13.4164 24.7588 24.7588 24.7588 52.8867 52.8867 52.8867 37.2022
F20 24.0832 37.5766 13.4164 38.6005 41.0000 18.4391 29.7321 51.0882 45.2217 14.1421 33.6155 26.1725 27.5862 43.9090 35.2278 10.0499 24.0832 24.0832 24.0832 49.0102 49.0102 49.0102 26.2488 26.2488 26.2488 13.4164 13.4164 13.4164 0.0000 0.0000 0.0000 24.5153 24.5153 24.5153 43.8292 43.8292 43.8292 24.0832
F20_1 24.0832 37.5766 13.4164 38.6005 41.0000 18.4391 29.7321 51.0882 45.2217 14.1421 33.6155 26.1725 27.5862 43.9090 35.2278 10.0499 24.0832 24.0832 24.0832 49.0102 49.0102 49.0102 26.2488 26.2488 26.2488 13.4164 13.4164 13.4164 0.0000 0.0000 0.0000 24.5153 24.5153 24.5153 43.8292 43.8292 43.8292 24.0832
F20_2 24.0832 37.5766 13.4164 38.6005 41.0000 18.4391 29.7321 51.0882 45.2217 14.1421 33.6155 26.1725 27.5862 43.9090 35.2278 10.0499 24.0832 24.0832 24.0832 49.0102 49.0102 49.0102 26.2488 26.2488 26.2488 13.4164 13.4164 13.4164 0.0000 0.0000 0.0000 24.5153 24.5153 24.5153 43.8292 43.8292 43.8292 24.0832
F21 42.0595 61.6847 34.4819 57.8705 65.1920 42.0119 15.1327 75.0267 39.2938 12.2066 22.5610 13.9284 15.8114 33.0606 15.8114 15.2315 42.0595 42.0595 42.0595 73.2462 73.2462 73.2462 50.6952 50.6952 50.6952 24.7588 24.7588 24.7588 24.5153 24.5153 24.5153 0.0000 0.0000 0.0000 34.2345 34.2345 34.2345 42.0595
F21_1 42.0595 61.6847 34.4819 57.8705 65.1920 42.0119 15.1327 75.0267 39.2938 12.2066 22.5610 13.9284 15.8114 33.0606 15.8114 15.2315 42.0595 42.0595 42.0595 73.2462 73.2462 73.2462 50.6952 50.6952 50.6952 24.7588 24.7588 24.7588 24.5153 24.5153 24.5153 0.0000 0.0000 0.0000 34.2345 34.2345 34.2345 42.0595
F21_2 42.0595 61.6847 34.4819 57.8705 65.1920 42.0119 15.1327 75.0267 39.2938 12.2066 22.5610 13.9284 15.8114 33.0606 15.8114 15.2315 42.0595 42.0595 42.0595 73.2462 73.2462 73.2462 50.6952 50.6952 50.6952 24.7588 24.7588 24.7588 24.5153 24.5153 24.5153 0.0000 0.0000 0.0000 34.2345 34.2345 34.2345 42.0595
F22 41.6773 77.0779 57.2451 53.4509 72.4017 51.6624 19.1050 79.6053 7.2111 41.4367 56.7186 21.0238 19.0263 2.2361 21.0238 41.2311 41.6773 41.6773 41.6773 79.7559 79.7559 79.7559 65.0692 65.0692 65.0692 52.8867 52.8867 52.8867 43.8292 43.8292 43.8292 34.2345 34.2345 34.2345 0.0000 0.0000 0.0000 41.6773
F22_1 41.6773 77.0779 57.2451 53.4509 72.4017 51.6624 19.1050 79.6053 7.2111 41.4367 56.7186 21.0238 19.0263 2.2361 21.0238 41.2311 41.6773 41.6773 41.6773 79.7559 79.7559 79.7559 65.0692 65.0692 65.0692 52.8867 52.8867 52.8867 43.8292 43.8292 43.8292 34.2345 34.2345 34.2345 0.0000 0.0000 0.0000 41.6773
F22_2 41.6773 77.0779 57.2451 53.4509 72.4017 51.6624 19.1050 79.6053 7.2111 41.4367 56.7186 21.0238 19.0263 2.2361 21.0238 41.2311 41.6773 41.6773 41.6773 79.7559 79.7559 79.7559 65.0692 65.0692 65.0692 52.8867 52.8867 52.8867 43.8292 43.8292 43.8292 34.2345 34.2345 34.2345 0.0000 0.0000 0.0000 41.6773
Nσ 0.0000 38.4708 31.6228 15.8114 30.8058 14.1421 38.0526 38.0789 39.0512 36.0555 57.0088 35.0000 35.0571 42.9418 45.0444 32.2025 0.0000 0.0000 0.0000 38.0789 38.0789 38.0789 27.5136 27.5136 27.5136 37.2022 37.2022 37.2022 24.0832 24.0832 24.0832 42.0595 42.0595 42.0595 41.6773 41.6773 41.6773 0.0000
;
