# set
set V := C1 C2 C3 C4 C5 C6 C7 C8 C9 C10 C11 C12 C13 C14 C15 ;
set F := F16 F17 F18 F19 F20 F16_1 F16_2 F17_1 F17_2 F18_1 F18_2 F19_1 F19_2 F20_1 F20_2 ;
set D0 := N0;
set Dσ := Nσ;

# param
param Cf := 200;		# ECV fixed cost
param C := 1000;		# ECV max load
param Q := 77.75;		# ECV/BSV battery level
param h := 1;		# ECV consumption

param CB := 60;		# BSV fixed cost
param Qplun := 5;		# BSV max load
param hplun := 1;		# BSV consumption
param W := 155.5;		# BSV battery level

param Cde := 1;		# ECV cost per unit distance
param Cdb := 1;		# BSV cost per unit distance
param lamda := 0;	# battery swap time
param n := 15;		# number of customers
param g := 1.17;	# recharging rate
param Cr := 100;		# recharging cost
param Ct := 10;		# travel cost
param Cs ;		# battery swap cost

param m :=
N0 0
C1 6
C2 40
C3 30
C4 6
C5 20
C6 8
C7 10
C8 20
C9 20
C10 10
C11 10
C12 23
C13 17
C14 3
C15 10
F16 0
F16_1 0
F16_2 0
F17 0
F17_1 0
F17_2 0
F18 0
F18_1 0
F18_2 0
F19 0
F19_1 0
F19_2 0
F20 0
F20_1 0
F20_2 0
Nσ 0
;

param e :=
N0 0
C1 0
C2 195
C3 0
C4 359
C5 335
C6 0
C7 37
C8 574
C9 0
C10 105
C11 0
C12 397
C13 191
C14 0
C15 489
F16 0
F16_1 0
F16_2 0
F17 0
F17_1 0
F17_2 0
F18 0
F18_1 0
F18_2 0
F19 0
F19_1 0
F19_2 0
F20 0
F20_1 0
F20_2 0
Nσ 0
;

param l :=
N0 960
C1 929
C2 315
C3 914
C4 479
C5 455
C6 922
C7 157
C8 694
C9 911
C10 225
C11 909
C12 517
C13 311
C14 925
C15 609
F16 960
F16_1 960
F16_2 960
F17 960
F17_1 960
F17_2 960
F18 960
F18_1 960
F18_2 960
F19 960
F19_1 960
F19_2 960
F20 960
F20_1 960
F20_2 960
Nσ 960
;

param s :=
N0 0
C1 10
C2 10
C3 10
C4 10
C5 10
C6 10
C7 10
C8 10
C9 10
C10 10
C11 10
C12 10
C13 10
C14 10
C15 10
F16 0
F16_1 0
F16_2 0
F17 0
F17_1 0
F17_2 0
F18 0
F18_1 0
F18_2 0
F19 0
F19_1 0
F19_2 0
F20 0
F20_1 0
F20_2 0
Nσ 0
;

param d : N0 C1 C2 C3 C4 C5 C6 C7 C8 C9 C10 C11 C12 C13 C14 C15 F16 F16_1 F16_2 F17 F17_1 F17_2 F18 F18_1 F18_2 F19 F19_1 F19_2 F20 F20_1 F20_2 Nσ  :=
N0 0.0000 20.6155 33.5261 35.3412 4.2426 45.1774 27.4591 37.7359 38.0789 38.0789 38.3275 40.6079 26.9258 20.6155 25.0000 37.2022 0.0000 0.0000 0.0000 36.2353 36.2353 36.2353 38.0789 38.0789 38.0789 24.0832 24.0832 24.0832 42.7551 42.7551 42.7551 0.0000
C1 20.6155 0.0000 48.0937 16.1245 21.4709 34.1760 28.8617 57.6281 48.0104 57.1402 54.5894 45.8912 28.6356 13.0384 31.7805 57.3847 20.6155 20.6155 20.6155 45.0111 45.0111 45.0111 57.8014 57.8014 57.8014 34.1321 34.1321 34.1321 30.0832 30.0832 30.0832 20.6155
C2 33.5261 48.0937 0.0000 64.1950 29.8329 50.2096 60.4152 43.6807 65.0692 48.1041 7.8102 70.8025 26.6271 38.3275 19.7231 41.2311 33.5261 33.5261 33.5261 64.5368 64.5368 64.5368 44.9222 44.9222 44.9222 15.2315 15.2315 15.2315 51.2250 51.2250 51.2250 33.5261
C3 35.3412 16.1245 64.1950 0.0000 37.0000 41.0366 31.3209 70.0928 52.8110 68.6222 70.7107 47.5184 43.1741 27.4591 47.2652 70.2922 35.3412 35.3412 35.3412 49.3356 49.3356 49.3356 70.0357 70.0357 70.0357 50.0100 50.0100 50.0100 36.1248 36.1248 36.1248 35.3412
C4 4.2426 21.4709 29.8329 37.0000 0.0000 42.5793 31.6228 38.9102 42.0476 39.8497 35.0571 44.8219 23.0868 18.7883 20.8087 38.0789 4.2426 4.2426 4.2426 40.3113 40.3113 40.3113 39.3954 39.3954 39.3954 19.8494 19.8494 19.8494 40.5216 40.5216 40.5216 4.2426
C5 45.1774 34.1760 50.2096 41.0366 42.5793 0.0000 62.9365 80.6536 80.7527 82.2253 58.0000 79.8123 24.4131 25.0200 31.4006 79.3788 45.1774 45.1774 45.1774 78.0897 78.0897 78.0897 81.3204 81.3204 81.3204 36.4005 36.4005 36.4005 5.0000 5.0000 5.0000 45.1774
C6 27.4591 28.8617 60.4152 31.3209 31.6228 62.9365 0.0000 46.2385 21.5407 42.9418 64.1950 17.1172 51.8556 39.3573 51.6624 47.4342 27.4591 27.4591 27.4591 18.0278 18.0278 18.0278 45.6946 45.6946 45.6946 51.4004 51.4004 51.4004 58.9406 58.9406 58.9406 27.4591
C7 37.7359 57.6281 43.6807 70.0928 38.9102 80.6536 46.2385 0.0000 35.1283 5.8310 41.1461 45.0000 57.8705 57.6975 52.2398 2.8284 37.7359 37.7359 37.7359 37.0000 37.0000 37.0000 1.4142 1.4142 1.4142 48.0416 48.0416 48.0416 79.1202 79.1202 79.1202 37.7359
C8 38.0789 48.0104 65.0692 52.8110 42.0476 80.7527 21.5407 35.1283 0.0000 30.0000 66.4003 10.4403 65.0000 55.9017 62.6498 37.3363 38.0789 38.0789 38.0789 3.6056 3.6056 3.6056 34.0588 34.0588 34.0588 60.7454 60.7454 60.7454 77.3175 77.3175 77.3175 38.0789
C9 38.0789 57.1402 48.1041 68.6222 39.8497 82.2253 42.9418 5.8310 30.0000 0.0000 46.1411 40.1123 60.2080 58.5235 55.0000 8.6023 38.0789 38.0789 38.0789 32.1403 32.1403 32.1403 4.4721 4.4721 4.4721 51.0882 51.0882 51.0882 80.3617 80.3617 80.3617 38.0789
C10 38.3275 54.5894 7.8102 70.7107 35.0571 58.0000 64.1950 41.1461 66.4003 46.1411 0.0000 73.0616 34.4093 45.5412 27.4591 38.4838 38.3275 38.3275 38.3275 66.2873 66.2873 66.2873 42.4853 42.4853 42.4853 22.8254 22.8254 22.8254 59.0339 59.0339 59.0339 38.3275
C11 40.6079 45.8912 70.8025 47.5184 44.8219 79.8123 17.1172 45.0000 10.4403 40.1123 73.0616 0.0000 66.8880 55.7136 65.6049 47.0425 40.6079 40.6079 40.6079 8.0000 8.0000 8.0000 44.0114 44.0114 44.0114 64.4438 64.4438 64.4438 75.9276 75.9276 75.9276 40.6079
C12 26.9258 28.6356 26.6271 43.1741 23.0868 24.4131 51.8556 57.8705 65.0000 60.2080 34.4093 66.8880 0.0000 15.8114 7.0711 56.2939 26.9258 26.9258 26.9258 63.0714 63.0714 63.0714 58.6941 58.6941 58.6941 12.0416 12.0416 12.0416 24.7588 24.7588 24.7588 26.9258
C13 20.6155 13.0384 38.3275 27.4591 18.7883 25.0200 39.3573 57.6975 55.9017 58.5235 45.5412 55.7136 15.8114 0.0000 20.0000 56.8243 20.6155 20.6155 20.6155 53.3667 53.3667 53.3667 58.1808 58.1808 58.1808 23.3452 23.3452 23.3452 22.2036 22.2036 22.2036 20.6155
C14 25.0000 31.7805 19.7231 47.2652 20.8087 31.4006 51.6624 52.2398 62.6498 55.0000 27.4591 65.6049 7.0711 20.0000 0.0000 50.4876 25.0000 25.0000 25.0000 61.0574 61.0574 61.0574 53.1507 53.1507 53.1507 5.0000 5.0000 5.0000 31.8277 31.8277 31.8277 25.0000
C15 37.2022 57.3847 41.2311 70.2922 38.0789 79.3788 47.4342 2.8284 37.3363 8.6023 38.4838 47.0425 56.2939 56.8243 50.4876 0.0000 37.2022 37.2022 37.2022 39.0512 39.0512 39.0512 4.2426 4.2426 4.2426 46.1736 46.1736 46.1736 78.0000 78.0000 78.0000 37.2022
F16 0.0000 20.6155 33.5261 35.3412 4.2426 45.1774 27.4591 37.7359 38.0789 38.0789 38.3275 40.6079 26.9258 20.6155 25.0000 37.2022 0.0000 0.0000 0.0000 36.2353 36.2353 36.2353 38.0789 38.0789 38.0789 24.0832 24.0832 24.0832 42.7551 42.7551 42.7551 0.0000
F16_1 0.0000 20.6155 33.5261 35.3412 4.2426 45.1774 27.4591 37.7359 38.0789 38.0789 38.3275 40.6079 26.9258 20.6155 25.0000 37.2022 0.0000 0.0000 0.0000 36.2353 36.2353 36.2353 38.0789 38.0789 38.0789 24.0832 24.0832 24.0832 42.7551 42.7551 42.7551 0.0000
F16_2 0.0000 20.6155 33.5261 35.3412 4.2426 45.1774 27.4591 37.7359 38.0789 38.0789 38.3275 40.6079 26.9258 20.6155 25.0000 37.2022 0.0000 0.0000 0.0000 36.2353 36.2353 36.2353 38.0789 38.0789 38.0789 24.0832 24.0832 24.0832 42.7551 42.7551 42.7551 0.0000
F17 36.2353 45.0111 64.5368 49.3356 40.3113 78.0897 18.0278 37.0000 3.6056 32.1403 66.2873 8.0000 63.0714 53.3667 61.0574 39.0512 36.2353 36.2353 36.2353 0.0000 0.0000 0.0000 36.0139 36.0139 36.0139 59.4054 59.4054 59.4054 74.5453 74.5453 74.5453 36.2353
F17_1 36.2353 45.0111 64.5368 49.3356 40.3113 78.0897 18.0278 37.0000 3.6056 32.1403 66.2873 8.0000 63.0714 53.3667 61.0574 39.0512 36.2353 36.2353 36.2353 0.0000 0.0000 0.0000 36.0139 36.0139 36.0139 59.4054 59.4054 59.4054 74.5453 74.5453 74.5453 36.2353
F17_2 36.2353 45.0111 64.5368 49.3356 40.3113 78.0897 18.0278 37.0000 3.6056 32.1403 66.2873 8.0000 63.0714 53.3667 61.0574 39.0512 36.2353 36.2353 36.2353 0.0000 0.0000 0.0000 36.0139 36.0139 36.0139 59.4054 59.4054 59.4054 74.5453 74.5453 74.5453 36.2353
F18 38.0789 57.8014 44.9222 70.0357 39.3954 81.3204 45.6946 1.4142 34.0588 4.4721 42.4853 44.0114 58.6941 58.1808 53.1507 4.2426 38.0789 38.0789 38.0789 36.0139 36.0139 36.0139 0.0000 0.0000 0.0000 49.0102 49.0102 49.0102 79.7120 79.7120 79.7120 38.0789
F18_1 38.0789 57.8014 44.9222 70.0357 39.3954 81.3204 45.6946 1.4142 34.0588 4.4721 42.4853 44.0114 58.6941 58.1808 53.1507 4.2426 38.0789 38.0789 38.0789 36.0139 36.0139 36.0139 0.0000 0.0000 0.0000 49.0102 49.0102 49.0102 79.7120 79.7120 79.7120 38.0789
F18_2 38.0789 57.8014 44.9222 70.0357 39.3954 81.3204 45.6946 1.4142 34.0588 4.4721 42.4853 44.0114 58.6941 58.1808 53.1507 4.2426 38.0789 38.0789 38.0789 36.0139 36.0139 36.0139 0.0000 0.0000 0.0000 49.0102 49.0102 49.0102 79.7120 79.7120 79.7120 38.0789
F19 24.0832 34.1321 15.2315 50.0100 19.8494 36.4005 51.4004 48.0416 60.7454 51.0882 22.8254 64.4438 12.0416 23.3452 5.0000 46.1736 24.0832 24.0832 24.0832 59.4054 59.4054 59.4054 49.0102 49.0102 49.0102 0.0000 0.0000 0.0000 36.7696 36.7696 36.7696 24.0832
F19_1 24.0832 34.1321 15.2315 50.0100 19.8494 36.4005 51.4004 48.0416 60.7454 51.0882 22.8254 64.4438 12.0416 23.3452 5.0000 46.1736 24.0832 24.0832 24.0832 59.4054 59.4054 59.4054 49.0102 49.0102 49.0102 0.0000 0.0000 0.0000 36.7696 36.7696 36.7696 24.0832
F19_2 24.0832 34.1321 15.2315 50.0100 19.8494 36.4005 51.4004 48.0416 60.7454 51.0882 22.8254 64.4438 12.0416 23.3452 5.0000 46.1736 24.0832 24.0832 24.0832 59.4054 59.4054 59.4054 49.0102 49.0102 49.0102 0.0000 0.0000 0.0000 36.7696 36.7696 36.7696 24.0832
F20 42.7551 30.0832 51.2250 36.1248 40.5216 5.0000 58.9406 79.1202 77.3175 80.3617 59.0339 75.9276 24.7588 22.2036 31.8277 78.0000 42.7551 42.7551 42.7551 74.5453 74.5453 74.5453 79.7120 79.7120 79.7120 36.7696 36.7696 36.7696 0.0000 0.0000 0.0000 42.7551
F20_1 42.7551 30.0832 51.2250 36.1248 40.5216 5.0000 58.9406 79.1202 77.3175 80.3617 59.0339 75.9276 24.7588 22.2036 31.8277 78.0000 42.7551 42.7551 42.7551 74.5453 74.5453 74.5453 79.7120 79.7120 79.7120 36.7696 36.7696 36.7696 0.0000 0.0000 0.0000 42.7551
F20_2 42.7551 30.0832 51.2250 36.1248 40.5216 5.0000 58.9406 79.1202 77.3175 80.3617 59.0339 75.9276 24.7588 22.2036 31.8277 78.0000 42.7551 42.7551 42.7551 74.5453 74.5453 74.5453 79.7120 79.7120 79.7120 36.7696 36.7696 36.7696 0.0000 0.0000 0.0000 42.7551
Nσ 0.0000 20.6155 33.5261 35.3412 4.2426 45.1774 27.4591 37.7359 38.0789 38.0789 38.3275 40.6079 26.9258 20.6155 25.0000 37.2022 0.0000 0.0000 0.0000 36.2353 36.2353 36.2353 38.0789 38.0789 38.0789 24.0832 24.0832 24.0832 42.7551 42.7551 42.7551 0.0000
;

param t : N0 C1 C2 C3 C4 C5 C6 C7 C8 C9 C10 C11 C12 C13 C14 C15 F16 F16_1 F16_2 F17 F17_1 F17_2 F18 F18_1 F18_2 F19 F19_1 F19_2 F20 F20_1 F20_2 Nσ  :=
N0 0.0000 20.6155 33.5261 35.3412 4.2426 45.1774 27.4591 37.7359 38.0789 38.0789 38.3275 40.6079 26.9258 20.6155 25.0000 37.2022 0.0000 0.0000 0.0000 36.2353 36.2353 36.2353 38.0789 38.0789 38.0789 24.0832 24.0832 24.0832 42.7551 42.7551 42.7551 0.0000
C1 20.6155 0.0000 48.0937 16.1245 21.4709 34.1760 28.8617 57.6281 48.0104 57.1402 54.5894 45.8912 28.6356 13.0384 31.7805 57.3847 20.6155 20.6155 20.6155 45.0111 45.0111 45.0111 57.8014 57.8014 57.8014 34.1321 34.1321 34.1321 30.0832 30.0832 30.0832 20.6155
C2 33.5261 48.0937 0.0000 64.1950 29.8329 50.2096 60.4152 43.6807 65.0692 48.1041 7.8102 70.8025 26.6271 38.3275 19.7231 41.2311 33.5261 33.5261 33.5261 64.5368 64.5368 64.5368 44.9222 44.9222 44.9222 15.2315 15.2315 15.2315 51.2250 51.2250 51.2250 33.5261
C3 35.3412 16.1245 64.1950 0.0000 37.0000 41.0366 31.3209 70.0928 52.8110 68.6222 70.7107 47.5184 43.1741 27.4591 47.2652 70.2922 35.3412 35.3412 35.3412 49.3356 49.3356 49.3356 70.0357 70.0357 70.0357 50.0100 50.0100 50.0100 36.1248 36.1248 36.1248 35.3412
C4 4.2426 21.4709 29.8329 37.0000 0.0000 42.5793 31.6228 38.9102 42.0476 39.8497 35.0571 44.8219 23.0868 18.7883 20.8087 38.0789 4.2426 4.2426 4.2426 40.3113 40.3113 40.3113 39.3954 39.3954 39.3954 19.8494 19.8494 19.8494 40.5216 40.5216 40.5216 4.2426
C5 45.1774 34.1760 50.2096 41.0366 42.5793 0.0000 62.9365 80.6536 80.7527 82.2253 58.0000 79.8123 24.4131 25.0200 31.4006 79.3788 45.1774 45.1774 45.1774 78.0897 78.0897 78.0897 81.3204 81.3204 81.3204 36.4005 36.4005 36.4005 5.0000 5.0000 5.0000 45.1774
C6 27.4591 28.8617 60.4152 31.3209 31.6228 62.9365 0.0000 46.2385 21.5407 42.9418 64.1950 17.1172 51.8556 39.3573 51.6624 47.4342 27.4591 27.4591 27.4591 18.0278 18.0278 18.0278 45.6946 45.6946 45.6946 51.4004 51.4004 51.4004 58.9406 58.9406 58.9406 27.4591
C7 37.7359 57.6281 43.6807 70.0928 38.9102 80.6536 46.2385 0.0000 35.1283 5.8310 41.1461 45.0000 57.8705 57.6975 52.2398 2.8284 37.7359 37.7359 37.7359 37.0000 37.0000 37.0000 1.4142 1.4142 1.4142 48.0416 48.0416 48.0416 79.1202 79.1202 79.1202 37.7359
C8 38.0789 48.0104 65.0692 52.8110 42.0476 80.7527 21.5407 35.1283 0.0000 30.0000 66.4003 10.4403 65.0000 55.9017 62.6498 37.3363 38.0789 38.0789 38.0789 3.6056 3.6056 3.6056 34.0588 34.0588 34.0588 60.7454 60.7454 60.7454 77.3175 77.3175 77.3175 38.0789
C9 38.0789 57.1402 48.1041 68.6222 39.8497 82.2253 42.9418 5.8310 30.0000 0.0000 46.1411 40.1123 60.2080 58.5235 55.0000 8.6023 38.0789 38.0789 38.0789 32.1403 32.1403 32.1403 4.4721 4.4721 4.4721 51.0882 51.0882 51.0882 80.3617 80.3617 80.3617 38.0789
C10 38.3275 54.5894 7.8102 70.7107 35.0571 58.0000 64.1950 41.1461 66.4003 46.1411 0.0000 73.0616 34.4093 45.5412 27.4591 38.4838 38.3275 38.3275 38.3275 66.2873 66.2873 66.2873 42.4853 42.4853 42.4853 22.8254 22.8254 22.8254 59.0339 59.0339 59.0339 38.3275
C11 40.6079 45.8912 70.8025 47.5184 44.8219 79.8123 17.1172 45.0000 10.4403 40.1123 73.0616 0.0000 66.8880 55.7136 65.6049 47.0425 40.6079 40.6079 40.6079 8.0000 8.0000 8.0000 44.0114 44.0114 44.0114 64.4438 64.4438 64.4438 75.9276 75.9276 75.9276 40.6079
C12 26.9258 28.6356 26.6271 43.1741 23.0868 24.4131 51.8556 57.8705 65.0000 60.2080 34.4093 66.8880 0.0000 15.8114 7.0711 56.2939 26.9258 26.9258 26.9258 63.0714 63.0714 63.0714 58.6941 58.6941 58.6941 12.0416 12.0416 12.0416 24.7588 24.7588 24.7588 26.9258
C13 20.6155 13.0384 38.3275 27.4591 18.7883 25.0200 39.3573 57.6975 55.9017 58.5235 45.5412 55.7136 15.8114 0.0000 20.0000 56.8243 20.6155 20.6155 20.6155 53.3667 53.3667 53.3667 58.1808 58.1808 58.1808 23.3452 23.3452 23.3452 22.2036 22.2036 22.2036 20.6155
C14 25.0000 31.7805 19.7231 47.2652 20.8087 31.4006 51.6624 52.2398 62.6498 55.0000 27.4591 65.6049 7.0711 20.0000 0.0000 50.4876 25.0000 25.0000 25.0000 61.0574 61.0574 61.0574 53.1507 53.1507 53.1507 5.0000 5.0000 5.0000 31.8277 31.8277 31.8277 25.0000
C15 37.2022 57.3847 41.2311 70.2922 38.0789 79.3788 47.4342 2.8284 37.3363 8.6023 38.4838 47.0425 56.2939 56.8243 50.4876 0.0000 37.2022 37.2022 37.2022 39.0512 39.0512 39.0512 4.2426 4.2426 4.2426 46.1736 46.1736 46.1736 78.0000 78.0000 78.0000 37.2022
F16 0.0000 20.6155 33.5261 35.3412 4.2426 45.1774 27.4591 37.7359 38.0789 38.0789 38.3275 40.6079 26.9258 20.6155 25.0000 37.2022 0.0000 0.0000 0.0000 36.2353 36.2353 36.2353 38.0789 38.0789 38.0789 24.0832 24.0832 24.0832 42.7551 42.7551 42.7551 0.0000
F16_1 0.0000 20.6155 33.5261 35.3412 4.2426 45.1774 27.4591 37.7359 38.0789 38.0789 38.3275 40.6079 26.9258 20.6155 25.0000 37.2022 0.0000 0.0000 0.0000 36.2353 36.2353 36.2353 38.0789 38.0789 38.0789 24.0832 24.0832 24.0832 42.7551 42.7551 42.7551 0.0000
F16_2 0.0000 20.6155 33.5261 35.3412 4.2426 45.1774 27.4591 37.7359 38.0789 38.0789 38.3275 40.6079 26.9258 20.6155 25.0000 37.2022 0.0000 0.0000 0.0000 36.2353 36.2353 36.2353 38.0789 38.0789 38.0789 24.0832 24.0832 24.0832 42.7551 42.7551 42.7551 0.0000
F17 36.2353 45.0111 64.5368 49.3356 40.3113 78.0897 18.0278 37.0000 3.6056 32.1403 66.2873 8.0000 63.0714 53.3667 61.0574 39.0512 36.2353 36.2353 36.2353 0.0000 0.0000 0.0000 36.0139 36.0139 36.0139 59.4054 59.4054 59.4054 74.5453 74.5453 74.5453 36.2353
F17_1 36.2353 45.0111 64.5368 49.3356 40.3113 78.0897 18.0278 37.0000 3.6056 32.1403 66.2873 8.0000 63.0714 53.3667 61.0574 39.0512 36.2353 36.2353 36.2353 0.0000 0.0000 0.0000 36.0139 36.0139 36.0139 59.4054 59.4054 59.4054 74.5453 74.5453 74.5453 36.2353
F17_2 36.2353 45.0111 64.5368 49.3356 40.3113 78.0897 18.0278 37.0000 3.6056 32.1403 66.2873 8.0000 63.0714 53.3667 61.0574 39.0512 36.2353 36.2353 36.2353 0.0000 0.0000 0.0000 36.0139 36.0139 36.0139 59.4054 59.4054 59.4054 74.5453 74.5453 74.5453 36.2353
F18 38.0789 57.8014 44.9222 70.0357 39.3954 81.3204 45.6946 1.4142 34.0588 4.4721 42.4853 44.0114 58.6941 58.1808 53.1507 4.2426 38.0789 38.0789 38.0789 36.0139 36.0139 36.0139 0.0000 0.0000 0.0000 49.0102 49.0102 49.0102 79.7120 79.7120 79.7120 38.0789
F18_1 38.0789 57.8014 44.9222 70.0357 39.3954 81.3204 45.6946 1.4142 34.0588 4.4721 42.4853 44.0114 58.6941 58.1808 53.1507 4.2426 38.0789 38.0789 38.0789 36.0139 36.0139 36.0139 0.0000 0.0000 0.0000 49.0102 49.0102 49.0102 79.7120 79.7120 79.7120 38.0789
F18_2 38.0789 57.8014 44.9222 70.0357 39.3954 81.3204 45.6946 1.4142 34.0588 4.4721 42.4853 44.0114 58.6941 58.1808 53.1507 4.2426 38.0789 38.0789 38.0789 36.0139 36.0139 36.0139 0.0000 0.0000 0.0000 49.0102 49.0102 49.0102 79.7120 79.7120 79.7120 38.0789
F19 24.0832 34.1321 15.2315 50.0100 19.8494 36.4005 51.4004 48.0416 60.7454 51.0882 22.8254 64.4438 12.0416 23.3452 5.0000 46.1736 24.0832 24.0832 24.0832 59.4054 59.4054 59.4054 49.0102 49.0102 49.0102 0.0000 0.0000 0.0000 36.7696 36.7696 36.7696 24.0832
F19_1 24.0832 34.1321 15.2315 50.0100 19.8494 36.4005 51.4004 48.0416 60.7454 51.0882 22.8254 64.4438 12.0416 23.3452 5.0000 46.1736 24.0832 24.0832 24.0832 59.4054 59.4054 59.4054 49.0102 49.0102 49.0102 0.0000 0.0000 0.0000 36.7696 36.7696 36.7696 24.0832
F19_2 24.0832 34.1321 15.2315 50.0100 19.8494 36.4005 51.4004 48.0416 60.7454 51.0882 22.8254 64.4438 12.0416 23.3452 5.0000 46.1736 24.0832 24.0832 24.0832 59.4054 59.4054 59.4054 49.0102 49.0102 49.0102 0.0000 0.0000 0.0000 36.7696 36.7696 36.7696 24.0832
F20 42.7551 30.0832 51.2250 36.1248 40.5216 5.0000 58.9406 79.1202 77.3175 80.3617 59.0339 75.9276 24.7588 22.2036 31.8277 78.0000 42.7551 42.7551 42.7551 74.5453 74.5453 74.5453 79.7120 79.7120 79.7120 36.7696 36.7696 36.7696 0.0000 0.0000 0.0000 42.7551
F20_1 42.7551 30.0832 51.2250 36.1248 40.5216 5.0000 58.9406 79.1202 77.3175 80.3617 59.0339 75.9276 24.7588 22.2036 31.8277 78.0000 42.7551 42.7551 42.7551 74.5453 74.5453 74.5453 79.7120 79.7120 79.7120 36.7696 36.7696 36.7696 0.0000 0.0000 0.0000 42.7551
F20_2 42.7551 30.0832 51.2250 36.1248 40.5216 5.0000 58.9406 79.1202 77.3175 80.3617 59.0339 75.9276 24.7588 22.2036 31.8277 78.0000 42.7551 42.7551 42.7551 74.5453 74.5453 74.5453 79.7120 79.7120 79.7120 36.7696 36.7696 36.7696 0.0000 0.0000 0.0000 42.7551
Nσ 0.0000 20.6155 33.5261 35.3412 4.2426 45.1774 27.4591 37.7359 38.0789 38.0789 38.3275 40.6079 26.9258 20.6155 25.0000 37.2022 0.0000 0.0000 0.0000 36.2353 36.2353 36.2353 38.0789 38.0789 38.0789 24.0832 24.0832 24.0832 42.7551 42.7551 42.7551 0.0000
;
