# set
set V := C1 C2 C3 C4 C5 C6 C7 C8 C9 C10 C11 C12 C13 C14 C15 C16 C17 C18 C19 C20 C21 C22 C23 C24 C25 ;
set F := F26 F27 F28 F29 F30 F31 F32 F33 F34 F35 F36 F37 F38 F39 F40 F41 F42 F43 F44 F45 F46 F26_1 F26_2 F26_3 F27_1 F27_2 F27_3 F28_1 F28_2 F28_3 F29_1 F29_2 F29_3 F30_1 F30_2 F30_3 F31_1 F31_2 F31_3 F32_1 F32_2 F32_3 F33_1 F33_2 F33_3 F34_1 F34_2 F34_3 F35_1 F35_2 F35_3 F36_1 F36_2 F36_3 F37_1 F37_2 F37_3 F38_1 F38_2 F38_3 F39_1 F39_2 F39_3 F40_1 F40_2 F40_3 F41_1 F41_2 F41_3 F42_1 F42_2 F42_3 F43_1 F43_2 F43_3 F44_1 F44_2 F44_3 F45_1 F45_2 F45_3 F46_1 F46_2 F46_3 ;
set D0 := N0;
set Dσ := Nσ;

# param
param Cf := 200;		# ECV fixed cost
param C := 200;		# ECV max load
param Q := 79.69;		# ECV/BSV battery level
param h := 1;		# ECV consumption

param CB := 60;		# BSV fixed cost
param Qplun := 5;		# BSV max load
param hplun := 1;		# BSV consumption
param W := 159.38;		# BSV battery level

param Cde := 1;		# ECV cost per unit distance
param Cdb := 1;		# BSV cost per unit distance
param lamda := 0;	# battery swap time
param n := 25;		# number of customers
param g := 10.17;	# recharging rate
param Cr := 100;		# recharging cost
param Ct := 10;		# travel cost
param Cs ;		# battery swap cost

param m :=
N0 0
C1 40
C2 30
C3 10
C4 20
C5 30
C6 20
C7 50
C8 10
C9 20
C10 20
C11 20
C12 10
C13 30
C14 10
C15 20
C16 10
C17 10
C18 10
C19 10
C20 10
C21 20
C22 10
C23 20
C24 10
C25 10
F26 0
F26_1 0
F26_2 0
F26_3 0
F27 0
F27_1 0
F27_2 0
F27_3 0
F28 0
F28_1 0
F28_2 0
F28_3 0
F29 0
F29_1 0
F29_2 0
F29_3 0
F30 0
F30_1 0
F30_2 0
F30_3 0
F31 0
F31_1 0
F31_2 0
F31_3 0
F32 0
F32_1 0
F32_2 0
F32_3 0
F33 0
F33_1 0
F33_2 0
F33_3 0
F34 0
F34_1 0
F34_2 0
F34_3 0
F35 0
F35_1 0
F35_2 0
F35_3 0
F36 0
F36_1 0
F36_2 0
F36_3 0
F37 0
F37_1 0
F37_2 0
F37_3 0
F38 0
F38_1 0
F38_2 0
F38_3 0
F39 0
F39_1 0
F39_2 0
F39_3 0
F40 0
F40_1 0
F40_2 0
F40_3 0
F41 0
F41_1 0
F41_2 0
F41_3 0
F42 0
F42_1 0
F42_2 0
F42_3 0
F43 0
F43_1 0
F43_2 0
F43_3 0
F44 0
F44_1 0
F44_2 0
F44_3 0
F45 0
F45_1 0
F45_2 0
F45_3 0
F46 0
F46_1 0
F46_2 0
F46_3 0
Nσ 0
;

param e :=
N0 0
C1 475
C2 561
C3 10
C4 546
C5 47
C6 812
C7 171
C8 76
C9 179
C10 0
C11 458
C12 449
C13 31
C14 278
C15 368
C16 264
C17 826
C18 0
C19 574
C20 283
C21 293
C22 632
C23 567
C24 0
C25 0
F26 0
F26_1 0
F26_2 0
F26_3 0
F27 0
F27_1 0
F27_2 0
F27_3 0
F28 0
F28_1 0
F28_2 0
F28_3 0
F29 0
F29_1 0
F29_2 0
F29_3 0
F30 0
F30_1 0
F30_2 0
F30_3 0
F31 0
F31_1 0
F31_2 0
F31_3 0
F32 0
F32_1 0
F32_2 0
F32_3 0
F33 0
F33_1 0
F33_2 0
F33_3 0
F34 0
F34_1 0
F34_2 0
F34_3 0
F35 0
F35_1 0
F35_2 0
F35_3 0
F36 0
F36_1 0
F36_2 0
F36_3 0
F37 0
F37_1 0
F37_2 0
F37_3 0
F38 0
F38_1 0
F38_2 0
F38_3 0
F39 0
F39_1 0
F39_2 0
F39_3 0
F40 0
F40_1 0
F40_2 0
F40_3 0
F41 0
F41_1 0
F41_2 0
F41_3 0
F42 0
F42_1 0
F42_2 0
F42_3 0
F43 0
F43_1 0
F43_2 0
F43_3 0
F44 0
F44_1 0
F44_2 0
F44_3 0
F45 0
F45_1 0
F45_2 0
F45_3 0
F46 0
F46_1 0
F46_2 0
F46_3 0
Nσ 0
;

param l :=
N0 1236
C1 518
C2 622
C3 73
C4 593
C5 124
C6 883
C7 218
C8 129
C9 254
C10 1135
C11 523
C12 504
C13 100
C14 345
C15 441
C16 321
C17 875
C18 1130
C19 643
C20 344
C21 360
C22 693
C23 624
C24 1124
C25 1109
F26 1236
F26_1 1236
F26_2 1236
F26_3 1236
F27 1236
F27_1 1236
F27_2 1236
F27_3 1236
F28 1236
F28_1 1236
F28_2 1236
F28_3 1236
F29 1236
F29_1 1236
F29_2 1236
F29_3 1236
F30 1236
F30_1 1236
F30_2 1236
F30_3 1236
F31 1236
F31_1 1236
F31_2 1236
F31_3 1236
F32 1236
F32_1 1236
F32_2 1236
F32_3 1236
F33 1236
F33_1 1236
F33_2 1236
F33_3 1236
F34 1236
F34_1 1236
F34_2 1236
F34_3 1236
F35 1236
F35_1 1236
F35_2 1236
F35_3 1236
F36 1236
F36_1 1236
F36_2 1236
F36_3 1236
F37 1236
F37_1 1236
F37_2 1236
F37_3 1236
F38 1236
F38_1 1236
F38_2 1236
F38_3 1236
F39 1236
F39_1 1236
F39_2 1236
F39_3 1236
F40 1236
F40_1 1236
F40_2 1236
F40_3 1236
F41 1236
F41_1 1236
F41_2 1236
F41_3 1236
F42 1236
F42_1 1236
F42_2 1236
F42_3 1236
F43 1236
F43_1 1236
F43_2 1236
F43_3 1236
F44 1236
F44_1 1236
F44_2 1236
F44_3 1236
F45 1236
F45_1 1236
F45_2 1236
F45_3 1236
F46 1236
F46_1 1236
F46_2 1236
F46_3 1236
Nσ 1236
;

param s :=
N0 0
C1 90
C2 90
C3 90
C4 90
C5 90
C6 90
C7 90
C8 90
C9 90
C10 90
C11 90
C12 90
C13 90
C14 90
C15 90
C16 90
C17 90
C18 90
C19 90
C20 90
C21 90
C22 90
C23 90
C24 90
C25 90
F26 0
F26_1 0
F26_2 0
F26_3 0
F27 0
F27_1 0
F27_2 0
F27_3 0
F28 0
F28_1 0
F28_2 0
F28_3 0
F29 0
F29_1 0
F29_2 0
F29_3 0
F30 0
F30_1 0
F30_2 0
F30_3 0
F31 0
F31_1 0
F31_2 0
F31_3 0
F32 0
F32_1 0
F32_2 0
F32_3 0
F33 0
F33_1 0
F33_2 0
F33_3 0
F34 0
F34_1 0
F34_2 0
F34_3 0
F35 0
F35_1 0
F35_2 0
F35_3 0
F36 0
F36_1 0
F36_2 0
F36_3 0
F37 0
F37_1 0
F37_2 0
F37_3 0
F38 0
F38_1 0
F38_2 0
F38_3 0
F39 0
F39_1 0
F39_2 0
F39_3 0
F40 0
F40_1 0
F40_2 0
F40_3 0
F41 0
F41_1 0
F41_2 0
F41_3 0
F42 0
F42_1 0
F42_2 0
F42_3 0
F43 0
F43_1 0
F43_2 0
F43_3 0
F44 0
F44_1 0
F44_2 0
F44_3 0
F45 0
F45_1 0
F45_2 0
F45_3 0
F46 0
F46_1 0
F46_2 0
F46_3 0
Nσ 0
;

param d : N0 C1 C2 C3 C4 C5 C6 C7 C8 C9 C10 C11 C12 C13 C14 C15 C16 C17 C18 C19 C20 C21 C22 C23 C24 C25 F26 F26_1 F26_2 F26_3 F27 F27_1 F27_2 F27_3 F28 F28_1 F28_2 F28_3 F29 F29_1 F29_2 F29_3 F30 F30_1 F30_2 F30_3 F31 F31_1 F31_2 F31_3 F32 F32_1 F32_2 F32_3 F33 F33_1 F33_2 F33_3 F34 F34_1 F34_2 F34_3 F35 F35_1 F35_2 F35_3 F36 F36_1 F36_2 F36_3 F37 F37_1 F37_2 F37_3 F38 F38_1 F38_2 F38_3 F39 F39_1 F39_2 F39_3 F40 F40_1 F40_2 F40_3 F41 F41_1 F41_2 F41_3 F42 F42_1 F42_2 F42_3 F43 F43_1 F43_2 F43_3 F44 F44_1 F44_2 F44_3 F45 F45_1 F45_2 F45_3 F46 F46_1 F46_2 F46_3 Nσ  :=
N0 0.0000 43.0116 40.3113 10.0000 17.7200 47.4342 12.1655 14.1421 12.8062 35.3553 10.1980 31.0483 20.6155 31.6228 39.0512 44.2041 20.6155 16.5529 15.8114 52.0000 38.0789 57.0088 21.5407 40.3113 21.2132 36.0555 0.0000 0.0000 0.0000 0.0000 33.0606 33.0606 33.0606 33.0606 50.2494 50.2494 50.2494 50.2494 32.6497 32.6497 32.6497 32.6497 48.6004 48.6004 48.6004 48.6004 31.0483 31.0483 31.0483 31.0483 46.0109 46.0109 46.0109 46.0109 34.4819 34.4819 34.4819 34.4819 48.8365 48.8365 48.8365 48.8365 23.4094 23.4094 23.4094 23.4094 39.4588 39.4588 39.4588 39.4588 33.0151 33.0151 33.0151 33.0151 46.5725 46.5725 46.5725 46.5725 19.1050 19.1050 19.1050 19.1050 38.8973 38.8973 38.8973 38.8973 19.0263 19.0263 19.0263 19.0263 39.8121 39.8121 39.8121 39.8121 38.0789 38.0789 38.0789 38.0789 42.6380 42.6380 42.6380 42.6380 38.4708 38.4708 38.4708 38.4708 50.3587 50.3587 50.3587 50.3587 0.0000
C1 43.0116 0.0000 5.0000 49.4975 51.6140 53.8516 49.5782 47.4342 48.1041 50.9902 48.1041 27.4591 54.0833 71.0634 50.2494 2.0000 62.6498 53.1413 50.0000 59.6154 78.1025 58.3095 57.5674 76.3217 64.0312 7.0711 43.0116 43.0116 43.0116 43.0116 33.9559 33.9559 33.9559 33.9559 39.0512 39.0512 39.0512 39.0512 11.6619 11.6619 11.6619 11.6619 5.6569 5.6569 5.6569 5.6569 33.3766 33.3766 33.3766 33.3766 28.2312 28.2312 28.2312 28.2312 42.2966 42.2966 42.2966 42.2966 61.0328 61.0328 61.0328 61.0328 54.2033 54.2033 54.2033 54.2033 70.2638 70.2638 70.2638 70.2638 74.9667 74.9667 74.9667 74.9667 84.3149 84.3149 84.3149 84.3149 61.8466 61.8466 61.8466 61.8466 80.9506 80.9506 80.9506 80.9506 59.9333 59.9333 59.9333 59.9333 75.9276 75.9276 75.9276 75.9276 68.2642 68.2642 68.2642 68.2642 62.5140 62.5140 62.5140 62.5140 53.7587 53.7587 53.7587 53.7587 48.0208 48.0208 48.0208 48.0208 43.0116
C2 40.3113 5.0000 0.0000 46.0977 47.6340 55.9017 45.9674 46.0977 46.5725 46.0977 44.5982 28.7924 50.0000 67.2681 45.2769 7.0000 60.4152 51.6624 46.0977 61.7171 74.3303 61.0328 56.2939 72.1110 61.0328 5.0000 40.3113 40.3113 40.3113 40.3113 35.4683 35.4683 35.4683 35.4683 42.4264 42.4264 42.4264 42.4264 7.8102 7.8102 7.8102 7.8102 9.8489 9.8489 9.8489 9.8489 28.4429 28.4429 28.4429 28.4429 23.7065 23.7065 23.7065 23.7065 37.3363 37.3363 37.3363 37.3363 56.0357 56.0357 56.0357 56.0357 49.9300 49.9300 49.9300 49.9300 65.7419 65.7419 65.7419 65.7419 71.5891 71.5891 71.5891 71.5891 80.2122 80.2122 80.2122 80.2122 58.8218 58.8218 58.8218 58.8218 78.7909 78.7909 78.7909 78.7909 57.9396 57.9396 57.9396 57.9396 74.9667 74.9667 74.9667 74.9667 68.0074 68.0074 68.0074 68.0074 63.3482 63.3482 63.3482 63.3482 54.8179 54.8179 54.8179 54.8179 50.8035 50.8035 50.8035 50.8035 40.3113
C3 10.0000 49.4975 46.0977 0.0000 8.6023 57.0088 2.8284 22.3607 20.5913 29.1548 2.0000 40.7922 11.1803 22.3607 33.5410 50.9313 20.6155 22.6716 7.0711 61.3514 29.1548 66.7083 26.9072 30.4138 15.8114 42.4264 10.0000 10.0000 10.0000 10.0000 43.0465 43.0465 43.0465 43.0465 60.2080 60.2080 60.2080 60.2080 38.2884 38.2884 38.2884 38.2884 55.1543 55.1543 55.1543 55.1543 30.0666 30.0666 30.0666 30.0666 46.8722 46.8722 46.8722 46.8722 30.8058 30.8058 30.8058 30.8058 42.0119 42.0119 42.0119 42.0119 14.4222 14.4222 14.4222 14.4222 29.6142 29.6142 29.6142 29.6142 25.4951 25.4951 25.4951 25.4951 37.0000 37.0000 37.0000 37.0000 13.6015 13.6015 13.6015 13.6015 37.0540 37.0540 37.0540 37.0540 21.0238 21.0238 21.0238 21.0238 42.9535 42.9535 42.9535 42.9535 43.9318 43.9318 43.9318 43.9318 50.7740 50.7740 50.7740 50.7740 47.5395 47.5395 47.5395 47.5395 60.2993 60.2993 60.2993 60.2993 10.0000
C4 17.7200 51.6140 47.6340 8.6023 0.0000 65.1460 5.8310 30.8869 29.1548 21.5407 7.6158 47.0956 3.0000 19.8494 26.2488 53.2541 27.7308 31.2410 2.0000 69.6419 26.9072 74.7262 35.3553 25.0799 20.0998 44.6542 17.7200 17.7200 17.7200 17.7200 50.0899 50.0899 50.0899 50.0899 67.0000 67.0000 67.0000 67.0000 40.0000 40.0000 40.0000 40.0000 57.2014 57.2014 57.2014 57.2014 26.5707 26.5707 26.5707 26.5707 44.0114 44.0114 44.0114 44.0114 25.0000 25.0000 25.0000 25.0000 33.8378 33.8378 33.8378 33.8378 5.8310 5.8310 5.8310 5.8310 22.0227 22.0227 22.0227 22.0227 26.0000 26.0000 26.0000 26.0000 32.7567 32.7567 32.7567 32.7567 18.2483 18.2483 18.2483 18.2483 42.2966 42.2966 42.2966 42.2966 28.8444 28.8444 28.8444 28.8444 50.6063 50.6063 50.6063 50.6063 52.3450 52.3450 52.3450 52.3450 59.3633 59.3633 59.3633 59.3633 55.9464 55.9464 55.9464 55.9464 67.8970 67.8970 67.8970 67.8970 17.7200
C5 47.4342 53.8516 55.9017 57.0088 65.1460 0.0000 59.4811 35.3553 37.3363 80.6226 57.5674 27.4591 68.0074 75.1665 83.2166 53.1413 50.2494 38.0000 63.2456 5.8310 80.0000 10.0000 37.3363 85.5862 60.0000 51.4782 47.4342 47.4342 47.4342 47.4342 20.8087 20.8087 20.8087 20.8087 20.6155 20.6155 20.6155 20.6155 53.2541 53.2541 53.2541 53.2541 56.3205 56.3205 56.3205 56.3205 69.5270 69.5270 69.5270 69.5270 76.4003 76.4003 76.4003 76.4003 76.6094 76.6094 76.6094 76.6094 94.1541 94.1541 94.1541 94.1541 70.8378 70.8378 70.8378 70.8378 86.5852 86.5852 86.5852 86.5852 72.1110 72.1110 72.1110 72.1110 90.0500 90.0500 90.0500 90.0500 59.0339 59.0339 59.0339 59.0339 61.0983 61.0983 61.0983 61.0983 46.1736 46.1736 46.1736 46.1736 44.1022 44.1022 44.1022 44.1022 31.6228 31.6228 31.6228 31.6228 16.9706 16.9706 16.9706 16.9706 11.4018 11.4018 11.4018 11.4018 10.2956 10.2956 10.2956 10.2956 47.4342
C6 12.1655 49.5782 45.9674 2.8284 5.8310 59.4811 0.0000 25.0599 23.3238 26.4197 2.0000 42.4264 8.5440 21.6333 30.8707 51.0882 23.0868 25.4951 4.2426 63.9062 28.6007 69.1231 29.7321 28.8617 17.2627 42.5206 12.1655 12.1655 12.1655 12.1655 45.0000 45.0000 45.0000 45.0000 62.0725 62.0725 62.0725 62.0725 38.1838 38.1838 38.1838 38.1838 55.2268 55.2268 55.2268 55.2268 28.2843 28.2843 28.2843 28.2843 45.3542 45.3542 45.3542 45.3542 28.4429 28.4429 28.4429 28.4429 39.2046 39.2046 39.2046 39.2046 11.6619 11.6619 11.6619 11.6619 27.2947 27.2947 27.2947 27.2947 25.8070 25.8070 25.8070 25.8070 35.8469 35.8469 35.8469 35.8469 15.1327 15.1327 15.1327 15.1327 39.0000 39.0000 39.0000 39.0000 23.7065 23.7065 23.7065 23.7065 45.6180 45.6180 45.6180 45.6180 46.7547 46.7547 46.7547 46.7547 53.5350 53.5350 53.5350 53.5350 50.1597 50.1597 50.1597 50.1597 62.5140 62.5140 62.5140 62.5140 12.1655
C7 14.1421 47.4342 46.0977 22.3607 30.8869 35.3553 25.0599 0.0000 2.0000 49.4975 23.3238 26.9072 33.5410 40.0000 53.1507 48.1041 18.0278 5.8310 29.1548 39.2938 45.2769 45.2769 10.1980 50.2494 25.4951 41.2311 14.1421 14.1421 14.1421 14.1421 25.9422 25.9422 25.9422 25.9422 42.7200 42.7200 42.7200 42.7200 39.3192 39.3192 39.3192 39.3192 52.5547 52.5547 52.5547 52.5547 43.8634 43.8634 43.8634 43.8634 57.0701 57.0701 57.0701 57.0701 48.2597 48.2597 48.2597 48.2597 62.9682 62.9682 62.9682 62.9682 36.7151 36.7151 36.7151 36.7151 51.5461 51.5461 51.5461 51.5461 38.0789 38.0789 38.0789 38.0789 55.0364 55.0364 55.0364 55.0364 24.1868 24.1868 24.1868 24.1868 34.8281 34.8281 34.8281 34.8281 14.2127 14.2127 14.2127 14.2127 29.0689 29.0689 29.0689 29.0689 24.6982 24.6982 24.6982 24.6982 28.6007 28.6007 28.6007 28.6007 25.2982 25.2982 25.2982 25.2982 40.1995 40.1995 40.1995 40.1995 14.1421
C8 12.8062 48.1041 46.5725 20.5913 29.1548 37.3363 23.3238 2.0000 0.0000 48.1041 21.6333 28.4253 31.7648 38.0000 51.8556 48.8467 16.4012 5.0990 27.4591 41.2311 43.2897 47.2652 10.0000 48.2597 23.5372 41.7612 12.8062 12.8062 12.8062 12.8062 27.7308 27.7308 27.7308 27.7308 44.5982 44.5982 44.5982 44.5982 39.6232 39.6232 39.6232 39.6232 53.3104 53.3104 53.3104 53.3104 43.0813 43.0813 43.0813 43.0813 56.7186 56.7186 56.7186 56.7186 47.1699 47.1699 47.1699 47.1699 61.5224 61.5224 61.5224 61.5224 34.9857 34.9857 34.9857 34.9857 49.6488 49.6488 49.6488 49.6488 36.1386 36.1386 36.1386 36.1386 53.0377 53.0377 53.0377 53.0377 22.2036 22.2036 22.2036 22.2036 33.6006 33.6006 33.6006 33.6006 12.7279 12.7279 12.7279 12.7279 29.0000 29.0000 29.0000 29.0000 25.4951 25.4951 25.4951 25.4951 30.2324 30.2324 30.2324 30.2324 27.2029 27.2029 27.2029 27.2029 42.1900 42.1900 42.1900 42.1900 12.8062
C9 35.3553 50.9902 46.0977 29.1548 21.5407 80.6226 26.4197 49.4975 48.1041 0.0000 27.4591 57.5674 20.6155 35.3553 5.0000 52.9528 49.2443 51.2250 22.3607 85.7555 41.2311 89.4427 55.8032 33.5410 41.2311 45.2769 35.3553 35.3553 35.3553 35.3553 62.3939 62.3939 62.3939 62.3939 77.6209 77.6209 77.6209 77.6209 40.1995 40.1995 40.1995 40.1995 55.7853 55.7853 55.7853 55.7853 17.7200 17.7200 17.7200 17.7200 31.8904 31.8904 31.8904 31.8904 9.4340 9.4340 9.4340 9.4340 13.6015 13.6015 13.6015 13.6015 17.2627 17.2627 17.2627 17.2627 23.6008 23.6008 23.6008 23.6008 44.0454 44.0454 44.0454 44.0454 42.0595 42.0595 42.0595 42.0595 39.5601 39.5601 39.5601 39.5601 63.3482 63.3482 63.3482 63.3482 50.1199 50.1199 50.1199 50.1199 72.0069 72.0069 72.0069 72.0069 72.8011 72.8011 72.8011 72.8011 77.8974 77.8974 77.8974 77.8974 73.0068 73.0068 73.0068 73.0068 81.1542 81.1542 81.1542 81.1542 35.3553
C10 10.1980 48.1041 44.5982 2.0000 7.6158 57.5674 2.0000 23.3238 21.6333 27.4591 0.0000 40.4475 10.4403 23.3238 31.7648 49.5782 22.5610 24.0416 5.8310 62.0322 30.2324 67.1863 28.4253 30.8058 17.7200 41.0366 10.1980 10.1980 10.1980 10.1980 43.0000 43.0000 43.0000 43.0000 60.0750 60.0750 60.0750 60.0750 36.7967 36.7967 36.7967 36.7967 53.7587 53.7587 53.7587 53.7587 28.0713 28.0713 28.0713 28.0713 44.9110 44.9110 44.9110 44.9110 28.8617 28.8617 28.8617 28.8617 40.4599 40.4599 40.4599 40.4599 13.4164 13.4164 13.4164 13.4164 29.2746 29.2746 29.2746 29.2746 27.0185 27.0185 27.0185 27.0185 37.6962 37.6962 37.6962 37.6962 15.5242 15.5242 15.5242 15.5242 39.0512 39.0512 39.0512 39.0512 22.8473 22.8473 22.8473 22.8473 44.7772 44.7772 44.7772 44.7772 45.4533 45.4533 45.4533 45.4533 51.8652 51.8652 51.8652 51.8652 48.3322 48.3322 48.3322 48.3322 60.5310 60.5310 60.5310 60.5310 10.1980
C11 31.0483 27.4591 28.7924 40.7922 47.0956 27.4591 42.4264 26.9072 28.4253 57.5674 40.4475 0.0000 50.0899 62.6418 59.2368 27.1662 44.8219 32.5269 45.0999 33.2866 68.9493 33.9706 35.6090 71.1969 50.5371 24.1661 31.0483 31.0483 31.0483 31.0483 6.7082 6.7082 6.7082 6.7082 20.2237 20.2237 20.2237 20.2237 25.8070 25.8070 25.8070 25.8070 31.0161 31.0161 31.0161 31.0161 43.9090 43.9090 43.9090 43.9090 49.0408 49.0408 49.0408 49.0408 51.8941 51.8941 51.8941 51.8941 70.5762 70.5762 70.5762 70.5762 52.0000 52.0000 52.0000 52.0000 69.0290 69.0290 69.0290 69.0290 63.0714 63.0714 63.0714 63.0714 77.6209 77.6209 77.6209 77.6209 48.7545 48.7545 48.7545 48.7545 61.5549 61.5549 61.5549 61.5549 41.1096 41.1096 41.1096 41.1096 51.8941 51.8941 51.8941 51.8941 42.4500 42.4500 42.4500 42.4500 35.1283 35.1283 35.1283 35.1283 26.3059 26.3059 26.3059 26.3059 24.4131 24.4131 24.4131 24.4131 31.0483
C12 20.6155 54.0833 50.0000 11.1803 3.0000 68.0074 8.5440 33.5410 31.7648 20.6155 10.4403 50.0899 0.0000 18.0278 25.4951 55.7584 29.1548 33.6006 5.0000 72.4500 25.0000 77.6209 37.5366 22.3607 20.6155 47.1699 20.6155 20.6155 20.6155 20.6155 53.0848 53.0848 53.0848 53.0848 70.0000 70.0000 70.0000 70.0000 42.4382 42.4382 42.4382 42.4382 59.6406 59.6406 59.6406 59.6406 27.7308 27.7308 27.7308 27.7308 45.1885 45.1885 45.1885 45.1885 25.1794 25.1794 25.1794 25.1794 32.2490 32.2490 32.2490 32.2490 3.6056 3.6056 3.6056 3.6056 19.0263 19.0263 19.0263 19.0263 25.0000 25.0000 25.0000 25.0000 30.2324 30.2324 30.2324 30.2324 18.9737 18.9737 18.9737 18.9737 42.7551 42.7551 42.7551 42.7551 30.6105 30.6105 30.6105 30.6105 52.1536 52.1536 52.1536 52.1536 54.4518 54.4518 54.4518 54.4518 61.9112 61.9112 61.9112 61.9112 58.6941 58.6941 58.6941 58.6941 70.8590 70.8590 70.8590 70.8590 20.6155
C13 31.6228 71.0634 67.2681 22.3607 19.8494 75.1665 21.6333 40.0000 38.0000 35.3553 23.3238 62.6418 18.0278 0.0000 40.3113 72.6223 26.9258 37.3363 21.2132 78.6384 7.0711 85.1469 39.2938 11.1803 15.8114 64.0312 31.6228 31.6228 31.6228 31.6228 64.1327 64.1327 64.1327 64.1327 81.3941 81.3941 81.3941 81.3941 59.5483 59.5483 59.5483 59.5483 76.6942 76.6942 76.6942 76.6942 45.6508 45.6508 45.6508 45.6508 63.0635 63.0635 63.0635 63.0635 42.0595 42.0595 42.0595 42.0595 43.4166 43.4166 43.4166 43.4166 19.6977 19.6977 19.6977 19.6977 18.3576 18.3576 18.3576 18.3576 9.4868 9.4868 9.4868 9.4868 15.1327 15.1327 15.1327 15.1327 16.2788 16.2788 16.2788 16.2788 32.4500 32.4500 32.4500 32.4500 30.3645 30.3645 30.3645 30.3645 47.8017 47.8017 47.8017 47.8017 54.1295 54.1295 54.1295 54.1295 65.2534 65.2534 65.2534 65.2534 64.4981 64.4981 64.4981 64.4981 80.0999 80.0999 80.0999 80.0999 31.6228
C14 39.0512 50.2494 45.2769 33.5410 26.2488 83.2166 30.8707 53.1507 51.8556 5.0000 31.7648 59.2368 25.4951 40.3113 0.0000 52.2398 53.8516 55.2178 26.9258 88.4816 46.0977 91.7878 59.9083 38.0789 46.0977 45.0000 39.0512 39.0512 39.0512 39.0512 64.4050 64.4050 64.4050 64.4050 79.0569 79.0569 79.0569 79.0569 40.0125 40.0125 40.0125 40.0125 54.7449 54.7449 54.7449 54.7449 17.0000 17.0000 17.0000 17.0000 28.8444 28.8444 28.8444 28.8444 8.0000 8.0000 8.0000 8.0000 11.4018 11.4018 11.4018 11.4018 22.2036 22.2036 22.2036 22.2036 27.7849 27.7849 27.7849 27.7849 49.0408 49.0408 49.0408 49.0408 46.5188 46.5188 46.5188 46.5188 44.3847 44.3847 44.3847 44.3847 68.2495 68.2495 68.2495 68.2495 54.5619 54.5619 54.5619 54.5619 76.4853 76.4853 76.4853 76.4853 76.8440 76.8440 76.8440 76.8440 81.3204 81.3204 81.3204 81.3204 76.0592 76.0592 76.0592 76.0592 83.1925 83.1925 83.1925 83.1925 39.0512
C15 44.2041 2.0000 7.0000 50.9313 53.2541 53.1413 51.0882 48.1041 48.8467 52.9528 49.5782 27.1662 55.7584 72.6223 52.2398 0.0000 63.6318 53.8516 51.6140 58.8727 79.6492 57.3062 58.1893 78.0320 65.2993 8.6023 44.2041 44.2041 44.2041 44.2041 33.5410 33.5410 33.5410 33.5410 37.8021 37.8021 37.8021 37.8021 13.4164 13.4164 13.4164 13.4164 4.4721 4.4721 4.4721 4.4721 35.3553 35.3553 35.3553 35.3553 30.0832 30.0832 30.0832 30.0832 44.2832 44.2832 44.2832 44.2832 63.0317 63.0317 63.0317 63.0317 55.9464 55.9464 55.9464 55.9464 72.0902 72.0902 72.0902 72.0902 76.3675 76.3675 76.3675 76.3675 85.9826 85.9826 85.9826 85.9826 63.1269 63.1269 63.1269 63.1269 81.8841 81.8841 81.8841 81.8841 60.8276 60.8276 60.8276 60.8276 76.4003 76.4003 76.4003 76.4003 68.4690 68.4690 68.4690 68.4690 62.2896 62.2896 62.2896 62.2896 53.4603 53.4603 53.4603 53.4603 47.0106 47.0106 47.0106 47.0106 44.2041
C16 20.6155 62.6498 60.4152 20.6155 27.7308 50.2494 23.0868 18.0278 16.4012 49.2443 22.5610 44.8219 29.1548 26.9258 53.8516 63.6318 0.0000 13.0000 26.9258 53.0000 30.4138 60.2080 13.0000 38.0789 11.1803 55.9017 20.6155 20.6155 20.6155 20.6155 43.9090 43.9090 43.9090 43.9090 60.4152 60.4152 60.4152 60.4152 52.9245 52.9245 52.9245 52.9245 68.0955 68.0955 68.0955 68.0955 50.0899 50.0899 50.0899 50.0899 66.1211 66.1211 66.1211 66.1211 51.4198 51.4198 51.4198 51.4198 61.4003 61.4003 61.4003 61.4003 32.7567 32.7567 32.7567 32.7567 42.8019 42.8019 42.8019 42.8019 22.0227 22.0227 22.0227 22.0227 40.7922 40.7922 40.7922 40.7922 11.4018 11.4018 11.4018 11.4018 18.3848 18.3848 18.3848 18.3848 4.1231 4.1231 4.1231 4.1231 23.0217 23.0217 23.0217 23.0217 27.2947 27.2947 27.2947 27.2947 38.6394 38.6394 38.6394 38.6394 39.0512 39.0512 39.0512 39.0512 56.7539 56.7539 56.7539 56.7539 20.6155
C17 16.5529 53.1413 51.6624 22.6716 31.2410 38.0000 25.4951 5.8310 5.0990 51.2250 24.0416 32.5269 33.6006 37.3363 55.2178 53.8516 13.0000 0.0000 29.7321 41.3038 42.0000 48.0000 5.0990 48.0521 22.0000 46.8402 16.5529 16.5529 16.5529 16.5529 31.0644 31.0644 31.0644 31.0644 47.4236 47.4236 47.4236 47.4236 44.7214 44.7214 44.7214 44.7214 58.3095 58.3095 58.3095 58.3095 47.4342 47.4342 47.4342 47.4342 61.5224 61.5224 61.5224 61.5224 51.0000 51.0000 51.0000 51.0000 64.4438 64.4438 64.4438 64.4438 37.0135 37.0135 37.0135 37.0135 50.5668 50.5668 50.5668 50.5668 34.2345 34.2345 34.2345 34.2345 52.0865 52.0865 52.0865 52.0865 21.0950 21.0950 21.0950 21.0950 29.0689 29.0689 29.0689 29.0689 8.9443 8.9443 8.9443 8.9443 24.0208 24.0208 24.0208 24.0208 21.6333 21.6333 21.6333 21.6333 28.6356 28.6356 28.6356 28.6356 27.1662 27.1662 27.1662 27.1662 43.9318 43.9318 43.9318 43.9318 16.5529
C18 15.8114 50.0000 46.0977 7.0711 2.0000 63.2456 4.2426 29.1548 27.4591 22.3607 5.8310 45.0999 5.0000 21.2132 26.9258 51.6140 26.9258 29.7321 0.0000 67.7791 28.2843 72.8011 33.9706 26.9258 20.0000 43.0116 15.8114 15.8114 15.8114 15.8114 48.0937 48.0937 48.0937 48.0937 65.0000 65.0000 65.0000 65.0000 38.4187 38.4187 38.4187 38.4187 55.6058 55.6058 55.6058 55.6058 25.9615 25.9615 25.9615 25.9615 43.3244 43.3244 43.3244 43.3244 25.0799 25.0799 25.0799 25.0799 35.0000 35.0000 35.0000 35.0000 7.6158 7.6158 7.6158 7.6158 24.0208 24.0208 24.0208 24.0208 26.8328 26.8328 26.8328 26.8328 34.4819 34.4819 34.4819 34.4819 18.0278 18.0278 18.0278 18.0278 42.1070 42.1070 42.1070 42.1070 27.7849 27.7849 27.7849 27.7849 49.6488 49.6488 49.6488 49.6488 50.9902 50.9902 50.9902 50.9902 57.6888 57.6888 57.6888 57.6888 54.1295 54.1295 54.1295 54.1295 65.9242 65.9242 65.9242 65.9242 15.8114
C19 52.0000 59.6154 61.7171 61.3514 69.6419 5.8310 63.9062 39.2938 41.2311 85.7555 62.0322 33.2866 72.4500 78.6384 88.4816 58.8727 53.0000 41.3038 67.7791 0.0000 83.1505 8.6023 40.0000 89.2693 63.1981 57.3062 52.0000 52.0000 52.0000 52.0000 26.6271 26.6271 26.6271 26.6271 25.0799 25.0799 25.0799 25.0799 59.0762 59.0762 59.0762 59.0762 61.9839 61.9839 61.9839 61.9839 75.0733 75.0733 75.0733 75.0733 82.2010 82.2010 82.2010 82.2010 82.0061 82.0061 82.0061 82.0061 99.3227 99.3227 99.3227 99.3227 75.3923 75.3923 75.3923 75.3923 90.8020 90.8020 90.8020 90.8020 75.0067 75.0067 75.0067 75.0067 93.3435 93.3435 93.3435 93.3435 62.3939 62.3939 62.3939 62.3939 62.3618 62.3618 62.3618 62.3618 49.0102 49.0102 49.0102 49.0102 44.2832 44.2832 44.2832 44.2832 31.7805 31.7805 31.7805 31.7805 16.5529 16.5529 16.5529 16.5529 14.1421 14.1421 14.1421 14.1421 14.1421 14.1421 14.1421 14.1421 52.0000
C20 38.0789 78.1025 74.3303 29.1548 26.9072 80.0000 28.6007 45.2769 43.2897 41.2311 30.2324 68.9493 25.0000 7.0711 46.0977 79.6492 30.4138 42.0000 28.2843 83.1505 0.0000 90.0000 43.2897 11.1803 20.0000 71.0634 38.0789 38.0789 38.0789 38.0789 70.0928 70.0928 70.0928 70.0928 87.3212 87.3212 87.3212 87.3212 66.6033 66.6033 66.6033 66.6033 83.7377 83.7377 83.7377 83.7377 52.4786 52.4786 52.4786 52.4786 69.8355 69.8355 69.8355 69.8355 48.4665 48.4665 48.4665 48.4665 48.0104 48.0104 48.0104 48.0104 26.4197 26.4197 26.4197 26.4197 21.3776 21.3776 21.3776 21.3776 8.9443 8.9443 8.9443 8.9443 10.4403 10.4403 10.4403 10.4403 21.0950 21.0950 21.0950 21.0950 31.8277 31.8277 31.8277 31.8277 34.2345 34.2345 34.2345 34.2345 49.2443 49.2443 49.2443 49.2443 56.9210 56.9210 56.9210 56.9210 69.0507 69.0507 69.0507 69.0507 69.0652 69.0652 69.0652 69.0652 85.4751 85.4751 85.4751 85.4751 38.0789
C21 57.0088 58.3095 61.0328 66.7083 74.7262 10.0000 69.1231 45.2769 47.2652 89.4427 67.1863 33.9706 77.6209 85.1469 91.7878 57.3062 60.2080 48.0000 72.8011 8.6023 90.0000 0.0000 47.2652 95.5249 70.0000 57.0088 57.0088 57.0088 57.0088 57.0088 27.8029 27.8029 27.8029 27.8029 20.6155 20.6155 20.6155 20.6155 59.4643 59.4643 59.4643 59.4643 59.9333 59.9333 59.9333 59.9333 77.4209 77.4209 77.4209 77.4209 82.8070 82.8070 82.8070 82.8070 84.9058 84.9058 84.9058 84.9058 102.8834 102.8834 102.8834 102.8834 80.3617 80.3617 80.3617 80.3617 96.3172 96.3172 96.3172 96.3172 82.0975 82.0975 82.0975 82.0975 100.0450 100.0450 100.0450 100.0450 69.0290 69.0290 69.0290 69.0290 70.5195 70.5195 70.5195 70.5195 56.1427 56.1427 56.1427 56.1427 52.7731 52.7731 52.7731 52.7731 40.2492 40.2492 40.2492 40.2492 25.0599 25.0599 25.0599 25.0599 21.2132 21.2132 21.2132 21.2132 10.2956 10.2956 10.2956 10.2956 57.0088
C22 21.5407 57.5674 56.2939 26.9072 35.3553 37.3363 29.7321 10.1980 10.0000 55.8032 28.4253 35.6090 37.5366 39.2938 59.9083 58.1893 13.0000 5.0990 33.9706 40.0000 43.2897 47.2652 0.0000 50.2892 23.5372 51.4198 21.5407 21.5407 21.5407 21.5407 33.3017 33.3017 33.3017 33.3017 48.8774 48.8774 48.8774 48.8774 49.4975 49.4975 49.4975 49.4975 62.6259 62.6259 62.6259 62.6259 52.4976 52.4976 52.4976 52.4976 66.6108 66.6108 66.6108 66.6108 55.9017 55.9017 55.9017 55.9017 68.8840 68.8840 68.8840 68.8840 41.0366 41.0366 41.0366 41.0366 53.7122 53.7122 53.7122 53.7122 35.0143 35.0143 35.0143 35.0143 53.6004 53.6004 53.6004 53.6004 23.0868 23.0868 23.0868 23.0868 26.2488 26.2488 26.2488 26.2488 9.0554 9.0554 9.0554 9.0554 19.0000 19.0000 19.0000 19.0000 17.0294 17.0294 17.0294 17.0294 25.9615 25.9615 25.9615 25.9615 26.0768 26.0768 26.0768 26.0768 44.2719 44.2719 44.2719 44.2719 21.5407
C23 40.3113 76.3217 72.1110 30.4138 25.0799 85.5862 28.8617 50.2494 48.2597 33.5410 30.8058 71.1969 22.3607 11.1803 38.0789 78.0320 38.0789 48.0521 26.9258 89.2693 11.1803 95.5249 50.2892 0.0000 26.9258 69.4622 40.3113 40.3113 40.3113 40.3113 73.3348 73.3348 73.3348 73.3348 90.5539 90.5539 90.5539 90.5539 64.6607 64.6607 64.6607 64.6607 81.8352 81.8352 81.8352 81.8352 47.4236 47.4236 47.4236 47.4236 64.2028 64.2028 64.2028 64.2028 41.8808 41.8808 41.8808 41.8808 38.2099 38.2099 38.2099 38.2099 22.2036 22.2036 22.2036 22.2036 11.0454 11.0454 11.0454 11.0454 19.1050 19.1050 19.1050 19.1050 8.6023 8.6023 8.6023 8.6023 27.2029 27.2029 27.2029 27.2029 42.5206 42.5206 42.5206 42.5206 41.4367 41.4367 41.4367 41.4367 58.8218 58.8218 58.8218 58.8218 65.3070 65.3070 65.3070 65.3070 76.2430 76.2430 76.2430 76.2430 75.1332 75.1332 75.1332 75.1332 90.0056 90.0056 90.0056 90.0056 40.3113
C24 21.2132 64.0312 61.0328 15.8114 20.0998 60.0000 17.2627 25.4951 23.5372 41.2311 17.7200 50.5371 20.6155 15.8114 46.0977 65.2993 11.1803 22.0000 20.0000 63.1981 20.0000 70.0000 23.5372 26.9258 0.0000 57.0088 21.2132 21.2132 21.2132 21.2132 50.9215 50.9215 50.9215 50.9215 68.0074 68.0074 68.0074 68.0074 53.2541 53.2541 53.2541 53.2541 69.6563 69.6563 69.6563 69.6563 45.5412 45.5412 45.5412 45.5412 62.5859 62.5859 62.5859 62.5859 45.0444 45.0444 45.0444 45.0444 52.3927 52.3927 52.3927 52.3927 24.0416 24.0416 24.0416 24.0416 31.8904 31.8904 31.8904 31.8904 12.6491 12.6491 12.6491 12.6491 30.1496 30.1496 30.1496 30.1496 2.2361 2.2361 2.2361 2.2361 22.2036 22.2036 22.2036 22.2036 14.5602 14.5602 14.5602 14.5602 33.2415 33.2415 33.2415 33.2415 38.4708 38.4708 38.4708 38.4708 49.4773 49.4773 49.4773 49.4773 49.0918 49.0918 49.0918 49.0918 65.6201 65.6201 65.6201 65.6201 21.2132
C25 36.0555 7.0711 5.0000 42.4264 44.6542 51.4782 42.5206 41.2311 41.7612 45.2769 41.0366 24.1661 47.1699 64.0312 45.0000 8.6023 55.9017 46.8402 43.0116 57.3062 71.0634 57.0088 51.4198 69.4622 57.0088 0.0000 36.0555 36.0555 36.0555 36.0555 30.8707 30.8707 30.8707 30.8707 39.0512 39.0512 39.0512 39.0512 5.0990 5.0990 5.0990 5.0990 12.7279 12.7279 12.7279 12.7279 28.0000 28.0000 28.0000 28.0000 26.4008 26.4008 26.4008 26.4008 37.0000 37.0000 37.0000 37.0000 56.0803 56.0803 56.0803 56.0803 47.4131 47.4131 47.4131 47.4131 63.6946 63.6946 63.6946 63.6946 67.8970 67.8970 67.8970 67.8970 77.3886 77.3886 77.3886 77.3886 54.8179 54.8179 54.8179 54.8179 74.2496 74.2496 74.2496 74.2496 53.3104 53.3104 53.3104 53.3104 70.0357 70.0357 70.0357 70.0357 63.0079 63.0079 63.0079 63.0079 58.4637 58.4637 58.4637 58.4637 50.0000 50.0000 50.0000 50.0000 46.8615 46.8615 46.8615 46.8615 36.0555
F26 0.0000 43.0116 40.3113 10.0000 17.7200 47.4342 12.1655 14.1421 12.8062 35.3553 10.1980 31.0483 20.6155 31.6228 39.0512 44.2041 20.6155 16.5529 15.8114 52.0000 38.0789 57.0088 21.5407 40.3113 21.2132 36.0555 0.0000 0.0000 0.0000 0.0000 33.0606 33.0606 33.0606 33.0606 50.2494 50.2494 50.2494 50.2494 32.6497 32.6497 32.6497 32.6497 48.6004 48.6004 48.6004 48.6004 31.0483 31.0483 31.0483 31.0483 46.0109 46.0109 46.0109 46.0109 34.4819 34.4819 34.4819 34.4819 48.8365 48.8365 48.8365 48.8365 23.4094 23.4094 23.4094 23.4094 39.4588 39.4588 39.4588 39.4588 33.0151 33.0151 33.0151 33.0151 46.5725 46.5725 46.5725 46.5725 19.1050 19.1050 19.1050 19.1050 38.8973 38.8973 38.8973 38.8973 19.0263 19.0263 19.0263 19.0263 39.8121 39.8121 39.8121 39.8121 38.0789 38.0789 38.0789 38.0789 42.6380 42.6380 42.6380 42.6380 38.4708 38.4708 38.4708 38.4708 50.3587 50.3587 50.3587 50.3587 0.0000
F26_1 0.0000 43.0116 40.3113 10.0000 17.7200 47.4342 12.1655 14.1421 12.8062 35.3553 10.1980 31.0483 20.6155 31.6228 39.0512 44.2041 20.6155 16.5529 15.8114 52.0000 38.0789 57.0088 21.5407 40.3113 21.2132 36.0555 0.0000 0.0000 0.0000 0.0000 33.0606 33.0606 33.0606 33.0606 50.2494 50.2494 50.2494 50.2494 32.6497 32.6497 32.6497 32.6497 48.6004 48.6004 48.6004 48.6004 31.0483 31.0483 31.0483 31.0483 46.0109 46.0109 46.0109 46.0109 34.4819 34.4819 34.4819 34.4819 48.8365 48.8365 48.8365 48.8365 23.4094 23.4094 23.4094 23.4094 39.4588 39.4588 39.4588 39.4588 33.0151 33.0151 33.0151 33.0151 46.5725 46.5725 46.5725 46.5725 19.1050 19.1050 19.1050 19.1050 38.8973 38.8973 38.8973 38.8973 19.0263 19.0263 19.0263 19.0263 39.8121 39.8121 39.8121 39.8121 38.0789 38.0789 38.0789 38.0789 42.6380 42.6380 42.6380 42.6380 38.4708 38.4708 38.4708 38.4708 50.3587 50.3587 50.3587 50.3587 0.0000
F26_2 0.0000 43.0116 40.3113 10.0000 17.7200 47.4342 12.1655 14.1421 12.8062 35.3553 10.1980 31.0483 20.6155 31.6228 39.0512 44.2041 20.6155 16.5529 15.8114 52.0000 38.0789 57.0088 21.5407 40.3113 21.2132 36.0555 0.0000 0.0000 0.0000 0.0000 33.0606 33.0606 33.0606 33.0606 50.2494 50.2494 50.2494 50.2494 32.6497 32.6497 32.6497 32.6497 48.6004 48.6004 48.6004 48.6004 31.0483 31.0483 31.0483 31.0483 46.0109 46.0109 46.0109 46.0109 34.4819 34.4819 34.4819 34.4819 48.8365 48.8365 48.8365 48.8365 23.4094 23.4094 23.4094 23.4094 39.4588 39.4588 39.4588 39.4588 33.0151 33.0151 33.0151 33.0151 46.5725 46.5725 46.5725 46.5725 19.1050 19.1050 19.1050 19.1050 38.8973 38.8973 38.8973 38.8973 19.0263 19.0263 19.0263 19.0263 39.8121 39.8121 39.8121 39.8121 38.0789 38.0789 38.0789 38.0789 42.6380 42.6380 42.6380 42.6380 38.4708 38.4708 38.4708 38.4708 50.3587 50.3587 50.3587 50.3587 0.0000
F26_3 0.0000 43.0116 40.3113 10.0000 17.7200 47.4342 12.1655 14.1421 12.8062 35.3553 10.1980 31.0483 20.6155 31.6228 39.0512 44.2041 20.6155 16.5529 15.8114 52.0000 38.0789 57.0088 21.5407 40.3113 21.2132 36.0555 0.0000 0.0000 0.0000 0.0000 33.0606 33.0606 33.0606 33.0606 50.2494 50.2494 50.2494 50.2494 32.6497 32.6497 32.6497 32.6497 48.6004 48.6004 48.6004 48.6004 31.0483 31.0483 31.0483 31.0483 46.0109 46.0109 46.0109 46.0109 34.4819 34.4819 34.4819 34.4819 48.8365 48.8365 48.8365 48.8365 23.4094 23.4094 23.4094 23.4094 39.4588 39.4588 39.4588 39.4588 33.0151 33.0151 33.0151 33.0151 46.5725 46.5725 46.5725 46.5725 19.1050 19.1050 19.1050 19.1050 38.8973 38.8973 38.8973 38.8973 19.0263 19.0263 19.0263 19.0263 39.8121 39.8121 39.8121 39.8121 38.0789 38.0789 38.0789 38.0789 42.6380 42.6380 42.6380 42.6380 38.4708 38.4708 38.4708 38.4708 50.3587 50.3587 50.3587 50.3587 0.0000
F27 33.0606 33.9559 35.4683 43.0465 50.0899 20.8087 45.0000 25.9422 27.7308 62.3939 43.0000 6.7082 53.0848 64.1327 64.4050 33.5410 43.9090 31.0644 48.0937 26.6271 70.0928 27.8029 33.3017 73.3348 50.9215 30.8707 33.0606 33.0606 33.0606 33.0606 0.0000 0.0000 0.0000 0.0000 17.2627 17.2627 17.2627 17.2627 32.4500 32.4500 32.4500 32.4500 37.2156 37.2156 37.2156 37.2156 49.6488 49.6488 49.6488 49.6488 55.6058 55.6058 55.6058 55.6058 57.3062 57.3062 57.3062 57.3062 75.6439 75.6439 75.6439 75.6439 55.3263 55.3263 55.3263 55.3263 72.1110 72.1110 72.1110 72.1110 63.5689 63.5689 63.5689 63.5689 79.2465 79.2465 79.2465 79.2465 49.3356 49.3356 49.3356 49.3356 59.5483 59.5483 59.5483 59.5483 39.9625 39.9625 39.9625 39.9625 48.0208 48.0208 48.0208 48.0208 37.6962 37.6962 37.6962 37.6962 29.0000 29.0000 29.0000 29.0000 20.0250 20.0250 20.0250 20.0250 18.7883 18.7883 18.7883 18.7883 33.0606
F27_1 33.0606 33.9559 35.4683 43.0465 50.0899 20.8087 45.0000 25.9422 27.7308 62.3939 43.0000 6.7082 53.0848 64.1327 64.4050 33.5410 43.9090 31.0644 48.0937 26.6271 70.0928 27.8029 33.3017 73.3348 50.9215 30.8707 33.0606 33.0606 33.0606 33.0606 0.0000 0.0000 0.0000 0.0000 17.2627 17.2627 17.2627 17.2627 32.4500 32.4500 32.4500 32.4500 37.2156 37.2156 37.2156 37.2156 49.6488 49.6488 49.6488 49.6488 55.6058 55.6058 55.6058 55.6058 57.3062 57.3062 57.3062 57.3062 75.6439 75.6439 75.6439 75.6439 55.3263 55.3263 55.3263 55.3263 72.1110 72.1110 72.1110 72.1110 63.5689 63.5689 63.5689 63.5689 79.2465 79.2465 79.2465 79.2465 49.3356 49.3356 49.3356 49.3356 59.5483 59.5483 59.5483 59.5483 39.9625 39.9625 39.9625 39.9625 48.0208 48.0208 48.0208 48.0208 37.6962 37.6962 37.6962 37.6962 29.0000 29.0000 29.0000 29.0000 20.0250 20.0250 20.0250 20.0250 18.7883 18.7883 18.7883 18.7883 33.0606
F27_2 33.0606 33.9559 35.4683 43.0465 50.0899 20.8087 45.0000 25.9422 27.7308 62.3939 43.0000 6.7082 53.0848 64.1327 64.4050 33.5410 43.9090 31.0644 48.0937 26.6271 70.0928 27.8029 33.3017 73.3348 50.9215 30.8707 33.0606 33.0606 33.0606 33.0606 0.0000 0.0000 0.0000 0.0000 17.2627 17.2627 17.2627 17.2627 32.4500 32.4500 32.4500 32.4500 37.2156 37.2156 37.2156 37.2156 49.6488 49.6488 49.6488 49.6488 55.6058 55.6058 55.6058 55.6058 57.3062 57.3062 57.3062 57.3062 75.6439 75.6439 75.6439 75.6439 55.3263 55.3263 55.3263 55.3263 72.1110 72.1110 72.1110 72.1110 63.5689 63.5689 63.5689 63.5689 79.2465 79.2465 79.2465 79.2465 49.3356 49.3356 49.3356 49.3356 59.5483 59.5483 59.5483 59.5483 39.9625 39.9625 39.9625 39.9625 48.0208 48.0208 48.0208 48.0208 37.6962 37.6962 37.6962 37.6962 29.0000 29.0000 29.0000 29.0000 20.0250 20.0250 20.0250 20.0250 18.7883 18.7883 18.7883 18.7883 33.0606
F27_3 33.0606 33.9559 35.4683 43.0465 50.0899 20.8087 45.0000 25.9422 27.7308 62.3939 43.0000 6.7082 53.0848 64.1327 64.4050 33.5410 43.9090 31.0644 48.0937 26.6271 70.0928 27.8029 33.3017 73.3348 50.9215 30.8707 33.0606 33.0606 33.0606 33.0606 0.0000 0.0000 0.0000 0.0000 17.2627 17.2627 17.2627 17.2627 32.4500 32.4500 32.4500 32.4500 37.2156 37.2156 37.2156 37.2156 49.6488 49.6488 49.6488 49.6488 55.6058 55.6058 55.6058 55.6058 57.3062 57.3062 57.3062 57.3062 75.6439 75.6439 75.6439 75.6439 55.3263 55.3263 55.3263 55.3263 72.1110 72.1110 72.1110 72.1110 63.5689 63.5689 63.5689 63.5689 79.2465 79.2465 79.2465 79.2465 49.3356 49.3356 49.3356 49.3356 59.5483 59.5483 59.5483 59.5483 39.9625 39.9625 39.9625 39.9625 48.0208 48.0208 48.0208 48.0208 37.6962 37.6962 37.6962 37.6962 29.0000 29.0000 29.0000 29.0000 20.0250 20.0250 20.0250 20.0250 18.7883 18.7883 18.7883 18.7883 33.0606
F28 50.2494 39.0512 42.4264 60.2080 67.0000 20.6155 62.0725 42.7200 44.5982 77.6209 60.0750 20.2237 70.0000 81.3941 79.0569 37.8021 60.4152 47.4236 65.0000 25.0799 87.3212 20.6155 48.8774 90.5539 68.0074 39.0512 50.2494 50.2494 50.2494 50.2494 17.2627 17.2627 17.2627 17.2627 0.0000 0.0000 0.0000 0.0000 42.4382 42.4382 42.4382 42.4382 39.9625 39.9625 39.9625 39.9625 63.1585 63.1585 63.1585 63.1585 65.4370 65.4370 65.4370 65.4370 71.5122 71.5122 71.5122 71.5122 90.4434 90.4434 90.4434 90.4434 72.0625 72.0625 72.0625 72.0625 89.0056 89.0056 89.0056 89.0056 80.6536 80.6536 80.6536 80.6536 96.5091 96.5091 96.5091 96.5091 66.4831 66.4831 66.4831 66.4831 74.8866 74.8866 74.8866 74.8866 56.3649 56.3649 56.3649 56.3649 60.8276 60.8276 60.8276 60.8276 49.0408 49.0408 49.0408 49.0408 36.2353 36.2353 36.2353 36.2353 28.0179 28.0179 28.0179 28.0179 11.0000 11.0000 11.0000 11.0000 50.2494
F28_1 50.2494 39.0512 42.4264 60.2080 67.0000 20.6155 62.0725 42.7200 44.5982 77.6209 60.0750 20.2237 70.0000 81.3941 79.0569 37.8021 60.4152 47.4236 65.0000 25.0799 87.3212 20.6155 48.8774 90.5539 68.0074 39.0512 50.2494 50.2494 50.2494 50.2494 17.2627 17.2627 17.2627 17.2627 0.0000 0.0000 0.0000 0.0000 42.4382 42.4382 42.4382 42.4382 39.9625 39.9625 39.9625 39.9625 63.1585 63.1585 63.1585 63.1585 65.4370 65.4370 65.4370 65.4370 71.5122 71.5122 71.5122 71.5122 90.4434 90.4434 90.4434 90.4434 72.0625 72.0625 72.0625 72.0625 89.0056 89.0056 89.0056 89.0056 80.6536 80.6536 80.6536 80.6536 96.5091 96.5091 96.5091 96.5091 66.4831 66.4831 66.4831 66.4831 74.8866 74.8866 74.8866 74.8866 56.3649 56.3649 56.3649 56.3649 60.8276 60.8276 60.8276 60.8276 49.0408 49.0408 49.0408 49.0408 36.2353 36.2353 36.2353 36.2353 28.0179 28.0179 28.0179 28.0179 11.0000 11.0000 11.0000 11.0000 50.2494
F28_2 50.2494 39.0512 42.4264 60.2080 67.0000 20.6155 62.0725 42.7200 44.5982 77.6209 60.0750 20.2237 70.0000 81.3941 79.0569 37.8021 60.4152 47.4236 65.0000 25.0799 87.3212 20.6155 48.8774 90.5539 68.0074 39.0512 50.2494 50.2494 50.2494 50.2494 17.2627 17.2627 17.2627 17.2627 0.0000 0.0000 0.0000 0.0000 42.4382 42.4382 42.4382 42.4382 39.9625 39.9625 39.9625 39.9625 63.1585 63.1585 63.1585 63.1585 65.4370 65.4370 65.4370 65.4370 71.5122 71.5122 71.5122 71.5122 90.4434 90.4434 90.4434 90.4434 72.0625 72.0625 72.0625 72.0625 89.0056 89.0056 89.0056 89.0056 80.6536 80.6536 80.6536 80.6536 96.5091 96.5091 96.5091 96.5091 66.4831 66.4831 66.4831 66.4831 74.8866 74.8866 74.8866 74.8866 56.3649 56.3649 56.3649 56.3649 60.8276 60.8276 60.8276 60.8276 49.0408 49.0408 49.0408 49.0408 36.2353 36.2353 36.2353 36.2353 28.0179 28.0179 28.0179 28.0179 11.0000 11.0000 11.0000 11.0000 50.2494
F28_3 50.2494 39.0512 42.4264 60.2080 67.0000 20.6155 62.0725 42.7200 44.5982 77.6209 60.0750 20.2237 70.0000 81.3941 79.0569 37.8021 60.4152 47.4236 65.0000 25.0799 87.3212 20.6155 48.8774 90.5539 68.0074 39.0512 50.2494 50.2494 50.2494 50.2494 17.2627 17.2627 17.2627 17.2627 0.0000 0.0000 0.0000 0.0000 42.4382 42.4382 42.4382 42.4382 39.9625 39.9625 39.9625 39.9625 63.1585 63.1585 63.1585 63.1585 65.4370 65.4370 65.4370 65.4370 71.5122 71.5122 71.5122 71.5122 90.4434 90.4434 90.4434 90.4434 72.0625 72.0625 72.0625 72.0625 89.0056 89.0056 89.0056 89.0056 80.6536 80.6536 80.6536 80.6536 96.5091 96.5091 96.5091 96.5091 66.4831 66.4831 66.4831 66.4831 74.8866 74.8866 74.8866 74.8866 56.3649 56.3649 56.3649 56.3649 60.8276 60.8276 60.8276 60.8276 49.0408 49.0408 49.0408 49.0408 36.2353 36.2353 36.2353 36.2353 28.0179 28.0179 28.0179 28.0179 11.0000 11.0000 11.0000 11.0000 50.2494
F29 32.6497 11.6619 7.8102 38.2884 40.0000 53.2541 38.1838 39.3192 39.6232 40.1995 36.7967 25.8070 42.4382 59.5483 40.0125 13.4164 52.9245 44.7214 38.4187 59.0762 66.6033 59.4643 49.4975 64.6607 53.2541 5.0990 32.6497 32.6497 32.6497 32.6497 32.4500 32.4500 32.4500 32.4500 42.4382 42.4382 42.4382 42.4382 0.0000 0.0000 0.0000 0.0000 17.2047 17.2047 17.2047 17.2047 23.0217 23.0217 23.0217 23.0217 23.3452 23.3452 23.3452 23.3452 32.0156 32.0156 32.0156 32.0156 51.1566 51.1566 51.1566 51.1566 42.5441 42.5441 42.5441 42.5441 58.6941 58.6941 58.6941 58.6941 63.7809 63.7809 63.7809 63.7809 72.6705 72.6705 72.6705 72.6705 51.0392 51.0392 51.0392 51.0392 71.3092 71.3092 71.3092 71.3092 50.5964 50.5964 50.5964 50.5964 68.3593 68.3593 68.3593 68.3593 62.1289 62.1289 62.1289 62.1289 58.8218 58.8218 58.8218 58.8218 50.6952 50.6952 50.6952 50.6952 49.4975 49.4975 49.4975 49.4975 32.6497
