# set
set V := C1 C2 C3 C4 C5 C6 C7 C8 C9 C10 C11 C12 C13 C14 C15 C16 C17 C18 C19 C20 C21 C22 C23 C24 C25 ;
set F := F26 F27 F28 F29 F30 F31 F32 F33 F34 F35 F36 F37 F38 F39 F40 F41 F42 F43 F44 F45 F46 F26_1 F26_2 F26_3 F27_1 F27_2 F27_3 F28_1 F28_2 F28_3 F29_1 F29_2 F29_3 F30_1 F30_2 F30_3 F31_1 F31_2 F31_3 F32_1 F32_2 F32_3 F33_1 F33_2 F33_3 F34_1 F34_2 F34_3 F35_1 F35_2 F35_3 F36_1 F36_2 F36_3 F37_1 F37_2 F37_3 F38_1 F38_2 F38_3 F39_1 F39_2 F39_3 F40_1 F40_2 F40_3 F41_1 F41_2 F41_3 F42_1 F42_2 F42_3 F43_1 F43_2 F43_3 F44_1 F44_2 F44_3 F45_1 F45_2 F45_3 F46_1 F46_2 F46_3 ;
set D0 := N0;
set Dσ := Nσ;

# param
param Cf := 200;		# ECV fixed cost
param C := 200;		# ECV max load
param Q := 79.69;		# ECV/BSV battery level
param h := 1;		# ECV consumption

param CB := 60;		# BSV fixed cost
param Qplun := 5;		# BSV max load
param hplun := 1;		# BSV consumption
param W := 159.38;		# BSV battery level

param Cde := 1;		# ECV cost per unit distance
param Cdb := 1;		# BSV cost per unit distance
param lamda := 0;	# battery swap time
param n := 25;		# number of customers
param g := 10.17;	# recharging rate
param Cr := 100;		# recharging cost
param Ct := 10;		# travel cost
param Cs ;		# battery swap cost

param m :=
N0 0
C1 10
C2 10
C3 10
C4 20
C5 10
C6 20
C7 10
C8 40
C9 30
C10 20
C11 20
C12 20
C13 10
C14 30
C15 30
C16 10
C17 20
C18 20
C19 10
C20 10
C21 10
C22 10
C23 10
C24 20
C25 10
F26 0
F26_1 0
F26_2 0
F26_3 0
F27 0
F27_1 0
F27_2 0
F27_3 0
F28 0
F28_1 0
F28_2 0
F28_3 0
F29 0
F29_1 0
F29_2 0
F29_3 0
F30 0
F30_1 0
F30_2 0
F30_3 0
F31 0
F31_1 0
F31_2 0
F31_3 0
F32 0
F32_1 0
F32_2 0
F32_3 0
F33 0
F33_1 0
F33_2 0
F33_3 0
F34 0
F34_1 0
F34_2 0
F34_3 0
F35 0
F35_1 0
F35_2 0
F35_3 0
F36 0
F36_1 0
F36_2 0
F36_3 0
F37 0
F37_1 0
F37_2 0
F37_3 0
F38 0
F38_1 0
F38_2 0
F38_3 0
F39 0
F39_1 0
F39_2 0
F39_3 0
F40 0
F40_1 0
F40_2 0
F40_3 0
F41 0
F41_1 0
F41_2 0
F41_3 0
F42 0
F42_1 0
F42_2 0
F42_3 0
F43 0
F43_1 0
F43_2 0
F43_3 0
F44 0
F44_1 0
F44_2 0
F44_3 0
F45 0
F45_1 0
F45_2 0
F45_3 0
F46 0
F46_1 0
F46_2 0
F46_3 0
Nσ 0
;

param e :=
N0 0
C1 0
C2 0
C3 166
C4 567
C5 534
C6 0
C7 743
C8 169
C9 0
C10 262
C11 0
C12 0
C13 0
C14 645
C15 0
C16 1001
C17 458
C18 68
C19 0
C20 0
C21 541
C22 734
C23 283
C24 0
C25 0
F26 0
F26_1 0
F26_2 0
F26_3 0
F27 0
F27_1 0
F27_2 0
F27_3 0
F28 0
F28_1 0
F28_2 0
F28_3 0
F29 0
F29_1 0
F29_2 0
F29_3 0
F30 0
F30_1 0
F30_2 0
F30_3 0
F31 0
F31_1 0
F31_2 0
F31_3 0
F32 0
F32_1 0
F32_2 0
F32_3 0
F33 0
F33_1 0
F33_2 0
F33_3 0
F34 0
F34_1 0
F34_2 0
F34_3 0
F35 0
F35_1 0
F35_2 0
F35_3 0
F36 0
F36_1 0
F36_2 0
F36_3 0
F37 0
F37_1 0
F37_2 0
F37_3 0
F38 0
F38_1 0
F38_2 0
F38_3 0
F39 0
F39_1 0
F39_2 0
F39_3 0
F40 0
F40_1 0
F40_2 0
F40_3 0
F41 0
F41_1 0
F41_2 0
F41_3 0
F42 0
F42_1 0
F42_2 0
F42_3 0
F43 0
F43_1 0
F43_2 0
F43_3 0
F44 0
F44_1 0
F44_2 0
F44_3 0
F45 0
F45_1 0
F45_2 0
F45_3 0
F46 0
F46_1 0
F46_2 0
F46_3 0
Nσ 0
;

param l :=
N0 1236
C1 1127
C2 1136
C3 235
C4 624
C5 605
C6 1113
C7 820
C8 224
C9 1125
C10 317
C11 1130
C12 1110
C13 1129
C14 708
C15 1125
C16 1066
C17 523
C18 149
C19 1119
C20 1113
C21 600
C22 777
C23 344
C24 1110
C25 1123
F26 1236
F26_1 1236
F26_2 1236
F26_3 1236
F27 1236
F27_1 1236
F27_2 1236
F27_3 1236
F28 1236
F28_1 1236
F28_2 1236
F28_3 1236
F29 1236
F29_1 1236
F29_2 1236
F29_3 1236
F30 1236
F30_1 1236
F30_2 1236
F30_3 1236
F31 1236
F31_1 1236
F31_2 1236
F31_3 1236
F32 1236
F32_1 1236
F32_2 1236
F32_3 1236
F33 1236
F33_1 1236
F33_2 1236
F33_3 1236
F34 1236
F34_1 1236
F34_2 1236
F34_3 1236
F35 1236
F35_1 1236
F35_2 1236
F35_3 1236
F36 1236
F36_1 1236
F36_2 1236
F36_3 1236
F37 1236
F37_1 1236
F37_2 1236
F37_3 1236
F38 1236
F38_1 1236
F38_2 1236
F38_3 1236
F39 1236
F39_1 1236
F39_2 1236
F39_3 1236
F40 1236
F40_1 1236
F40_2 1236
F40_3 1236
F41 1236
F41_1 1236
F41_2 1236
F41_3 1236
F42 1236
F42_1 1236
F42_2 1236
F42_3 1236
F43 1236
F43_1 1236
F43_2 1236
F43_3 1236
F44 1236
F44_1 1236
F44_2 1236
F44_3 1236
F45 1236
F45_1 1236
F45_2 1236
F45_3 1236
F46 1236
F46_1 1236
F46_2 1236
F46_3 1236
Nσ 1236
;

param s :=
N0 0
C1 90
C2 90
C3 90
C4 90
C5 90
C6 90
C7 90
C8 90
C9 90
C10 90
C11 90
C12 90
C13 90
C14 90
C15 90
C16 90
C17 90
C18 90
C19 90
C20 90
C21 90
C22 90
C23 90
C24 90
C25 90
F26 0
F26_1 0
F26_2 0
F26_3 0
F27 0
F27_1 0
F27_2 0
F27_3 0
F28 0
F28_1 0
F28_2 0
F28_3 0
F29 0
F29_1 0
F29_2 0
F29_3 0
F30 0
F30_1 0
F30_2 0
F30_3 0
F31 0
F31_1 0
F31_2 0
F31_3 0
F32 0
F32_1 0
F32_2 0
F32_3 0
F33 0
F33_1 0
F33_2 0
F33_3 0
F34 0
F34_1 0
F34_2 0
F34_3 0
F35 0
F35_1 0
F35_2 0
F35_3 0
F36 0
F36_1 0
F36_2 0
F36_3 0
F37 0
F37_1 0
F37_2 0
F37_3 0
F38 0
F38_1 0
F38_2 0
F38_3 0
F39 0
F39_1 0
F39_2 0
F39_3 0
F40 0
F40_1 0
F40_2 0
F40_3 0
F41 0
F41_1 0
F41_2 0
F41_3 0
F42 0
F42_1 0
F42_2 0
F42_3 0
F43 0
F43_1 0
F43_2 0
F43_3 0
F44 0
F44_1 0
F44_2 0
F44_3 0
F45 0
F45_1 0
F45_2 0
F45_3 0
F46 0
F46_1 0
F46_2 0
F46_3 0
Nσ 0
;

param d : N0 C1 C2 C3 C4 C5 C6 C7 C8 C9 C10 C11 C12 C13 C14 C15 C16 C17 C18 C19 C20 C21 C22 C23 C24 C25 F26 F26_1 F26_2 F26_3 F27 F27_1 F27_2 F27_3 F28 F28_1 F28_2 F28_3 F29 F29_1 F29_2 F29_3 F30 F30_1 F30_2 F30_3 F31 F31_1 F31_2 F31_3 F32 F32_1 F32_2 F32_3 F33 F33_1 F33_2 F33_3 F34 F34_1 F34_2 F34_3 F35 F35_1 F35_2 F35_3 F36 F36_1 F36_2 F36_3 F37 F37_1 F37_2 F37_3 F38 F38_1 F38_2 F38_3 F39 F39_1 F39_2 F39_3 F40 F40_1 F40_2 F40_3 F41 F41_1 F41_2 F41_3 F42 F42_1 F42_2 F42_3 F43 F43_1 F43_2 F43_3 F44 F44_1 F44_2 F44_3 F45 F45_1 F45_2 F45_3 F46 F46_1 F46_2 F46_3 Nσ  :=
N0 0.0000 18.6815 10.0000 18.6815 40.3113 20.0998 32.3883 33.5410 15.1327 20.6155 18.0278 16.0000 35.3553 16.5529 26.9258 20.5913 19.2094 31.0483 19.3132 26.4764 32.3883 22.3607 20.6155 38.0789 35.3553 22.3607 0.0000 0.0000 0.0000 0.0000 33.0606 33.0606 33.0606 33.0606 50.2494 50.2494 50.2494 50.2494 32.6497 32.6497 32.6497 32.6497 48.6004 48.6004 48.6004 48.6004 31.0483 31.0483 31.0483 31.0483 46.0109 46.0109 46.0109 46.0109 34.4819 34.4819 34.4819 34.4819 48.8365 48.8365 48.8365 48.8365 23.4094 23.4094 23.4094 23.4094 39.4588 39.4588 39.4588 39.4588 33.0151 33.0151 33.0151 33.0151 46.5725 46.5725 46.5725 46.5725 19.1050 19.1050 19.1050 19.1050 38.8973 38.8973 38.8973 38.8973 19.0263 19.0263 19.0263 19.0263 39.8121 39.8121 39.8121 39.8121 38.0789 38.0789 38.0789 38.0789 42.6380 42.6380 42.6380 42.6380 38.4708 38.4708 38.4708 38.4708 50.3587 50.3587 50.3587 50.3587 0.0000
C1 18.6815 0.0000 23.4307 37.3631 50.5371 7.2801 43.5660 15.6205 25.6125 2.0000 33.3766 5.3852 32.6956 35.1141 21.5407 39.0000 37.1214 26.9258 37.9473 24.6982 29.9666 40.8534 38.0000 51.8556 30.8058 17.0000 18.6815 18.6815 18.6815 18.6815 32.2490 32.2490 32.2490 32.2490 46.8402 46.8402 46.8402 46.8402 14.8661 14.8661 14.8661 14.8661 31.8904 31.8904 31.8904 31.8904 17.6918 17.6918 17.6918 17.6918 28.6356 28.6356 28.6356 28.6356 25.0599 25.0599 25.0599 25.0599 43.6578 43.6578 43.6578 43.6578 28.7924 28.7924 28.7924 28.7924 45.6070 45.6070 45.6070 45.6070 48.9183 48.9183 48.9183 48.9183 58.3095 58.3095 58.3095 58.3095 36.3593 36.3593 36.3593 36.3593 57.5674 57.5674 57.5674 57.5674 37.4833 37.4833 37.4833 37.4833 57.0789 57.0789 57.0789 57.0789 52.8867 52.8867 52.8867 52.8867 53.0000 53.0000 53.0000 53.0000 46.2277 46.2277 46.2277 46.2277 51.0000 51.0000 51.0000 51.0000 18.6815
C2 10.0000 23.4307 0.0000 18.6815 30.4138 21.5407 22.5610 39.0512 5.3852 25.0000 25.0000 18.8680 45.2769 15.2971 36.4005 18.0000 15.1327 40.7922 18.2483 36.3456 42.2966 20.0000 25.0000 29.1548 29.1548 31.6228 10.0000 10.0000 10.0000 10.0000 43.0465 43.0465 43.0465 43.0465 60.2080 60.2080 60.2080 60.2080 38.2884 38.2884 38.2884 38.2884 55.1543 55.1543 55.1543 55.1543 30.0666 30.0666 30.0666 30.0666 46.8722 46.8722 46.8722 46.8722 30.8058 30.8058 30.8058 30.8058 42.0119 42.0119 42.0119 42.0119 14.4222 14.4222 14.4222 14.4222 29.6142 29.6142 29.6142 29.6142 25.4951 25.4951 25.4951 25.4951 37.0000 37.0000 37.0000 37.0000 13.6015 13.6015 13.6015 13.6015 37.0540 37.0540 37.0540 37.0540 21.0238 21.0238 21.0238 21.0238 42.9535 42.9535 42.9535 42.9535 43.9318 43.9318 43.9318 43.9318 50.7740 50.7740 50.7740 50.7740 47.5395 47.5395 47.5395 47.5395 60.2993 60.2993 60.2993 60.2993 10.0000
C3 18.6815 37.3631 18.6815 0.0000 37.3363 38.1182 29.9666 52.0000 22.3607 39.2938 15.2971 34.3657 46.1411 3.6056 41.0366 5.0000 7.6158 43.6005 2.0000 38.6005 43.5660 5.3852 10.1980 30.1496 47.4236 37.5366 18.6815 18.6815 18.6815 18.6815 42.9418 42.9418 42.9418 42.9418 59.6154 59.6154 59.6154 59.6154 51.0784 51.0784 51.0784 51.0784 66.3702 66.3702 66.3702 66.3702 48.0937 48.0937 48.0937 48.0937 64.1249 64.1249 64.1249 64.1249 49.4773 49.4773 49.4773 49.4773 59.6825 59.6825 59.6825 59.6825 31.0644 31.0644 31.0644 31.0644 41.6173 41.6173 41.6173 41.6173 22.0227 22.0227 22.0227 22.0227 40.4475 40.4475 40.4475 40.4475 10.2956 10.2956 10.2956 10.2956 20.2485 20.2485 20.2485 20.2485 4.1231 4.1231 4.1231 4.1231 24.6982 24.6982 24.6982 24.6982 28.3019 28.3019 28.3019 28.3019 39.0512 39.0512 39.0512 39.0512 39.0000 39.0000 39.0000 39.0000 56.2939 56.2939 56.2939 56.2939 18.6815
C4 40.3113 50.5371 30.4138 37.3363 0.0000 45.4863 8.0000 65.1920 25.9615 51.4782 50.9902 45.1774 75.6637 34.4819 66.7083 32.6956 29.7321 71.1969 35.4683 66.7533 72.6911 33.5410 47.4342 11.1803 33.5410 61.8466 40.3113 40.3113 40.3113 40.3113 73.3348 73.3348 73.3348 73.3348 90.5539 90.5539 90.5539 90.5539 64.6607 64.6607 64.6607 64.6607 81.8352 81.8352 81.8352 81.8352 47.4236 47.4236 47.4236 47.4236 64.2028 64.2028 64.2028 64.2028 41.8808 41.8808 41.8808 41.8808 38.2099 38.2099 38.2099 38.2099 22.2036 22.2036 22.2036 22.2036 11.0454 11.0454 11.0454 11.0454 19.1050 19.1050 19.1050 19.1050 8.6023 8.6023 8.6023 8.6023 27.2029 27.2029 27.2029 27.2029 42.5206 42.5206 42.5206 42.5206 41.4367 41.4367 41.4367 41.4367 58.8218 58.8218 58.8218 58.8218 65.3070 65.3070 65.3070 65.3070 76.2430 76.2430 76.2430 76.2430 75.1332 75.1332 75.1332 75.1332 90.0056 90.0056 90.0056 90.0056 40.3113
C5 20.0998 7.2801 21.5407 38.1182 45.4863 0.0000 39.0512 19.7231 22.2036 7.0000 37.0000 4.4721 39.9249 35.3553 28.7924 38.8330 36.4005 34.1760 38.3275 31.7648 37.1618 40.7922 40.6079 48.1041 23.5372 24.1661 20.0998 20.0998 20.0998 20.0998 39.3573 39.3573 39.3573 39.3573 54.1202 54.1202 54.1202 54.1202 19.2354 19.2354 19.2354 19.2354 36.3593 36.3593 36.3593 36.3593 11.6619 11.6619 11.6619 11.6619 26.0192 26.0192 26.0192 26.0192 18.0278 18.0278 18.0278 18.0278 36.4005 36.4005 36.4005 36.4005 23.3238 23.3238 23.3238 23.3238 39.5601 39.5601 39.5601 39.5601 46.3249 46.3249 46.3249 46.3249 53.6004 53.6004 53.6004 53.6004 35.1141 35.1141 35.1141 35.1141 57.8705 57.8705 57.8705 57.8705 39.0128 39.0128 39.0128 39.0128 59.8415 59.8415 59.8415 59.8415 57.0088 57.0088 57.0088 57.0088 58.6003 58.6003 58.6003 58.6003 52.3450 52.3450 52.3450 52.3450 58.1378 58.1378 58.1378 58.1378 20.0998
C6 32.3883 43.5660 22.5610 29.9666 8.0000 39.0512 0.0000 58.6003 18.3848 44.6542 43.1741 38.2753 67.7422 26.9258 58.9406 25.5539 22.3607 63.3482 28.1780 58.8558 64.7765 26.6271 39.9249 10.4403 30.8058 54.1202 32.3883 32.3883 32.3883 32.3883 65.3758 65.3758 65.3758 65.3758 82.6075 82.6075 82.6075 82.6075 58.0086 58.0086 58.0086 58.0086 75.2130 75.2130 75.2130 75.2130 42.4382 42.4382 42.4382 42.4382 59.6825 59.6825 59.6825 59.6825 38.0789 38.0789 38.0789 38.0789 38.2099 38.2099 38.2099 38.2099 16.4012 16.4012 16.4012 16.4012 13.0384 13.0384 13.0384 13.0384 14.8661 14.8661 14.8661 14.8661 14.7648 14.7648 14.7648 14.7648 19.6977 19.6977 19.6977 19.6977 37.7359 37.7359 37.7359 37.7359 34.0147 34.0147 34.0147 34.0147 52.4976 52.4976 52.4976 52.4976 58.1808 58.1808 58.1808 58.1808 68.6222 68.6222 68.6222 68.6222 67.2681 67.2681 67.2681 67.2681 82.0061 82.0061 82.0061 82.0061 32.3883
C7 33.5410 15.6205 39.0512 52.0000 65.1920 19.7231 58.6003 0.0000 41.0366 14.1421 45.2769 20.5183 32.0156 50.0899 22.3607 54.1202 52.4786 26.6271 52.8015 27.3130 30.2324 55.9017 50.9902 67.2681 40.3113 20.6155 33.5410 33.5410 33.5410 33.5410 33.2866 33.2866 33.2866 33.2866 43.0116 43.0116 43.0116 43.0116 1.0000 1.0000 1.0000 1.0000 16.6433 16.6433 16.6433 16.6433 23.0000 23.0000 23.0000 23.0000 22.6274 22.6274 22.6274 22.6274 32.0000 32.0000 32.0000 32.0000 51.0882 51.0882 51.0882 51.0882 43.0465 43.0465 43.0465 43.0465 59.0931 59.0931 59.0931 59.0931 64.5368 64.5368 64.5368 64.5368 73.2393 73.2393 73.2393 73.2393 51.8652 51.8652 51.8652 51.8652 72.2357 72.2357 72.2357 72.2357 51.5461 51.5461 51.5461 51.5461 69.3542 69.3542 69.3542 69.3542 63.1269 63.1269 63.1269 63.1269 59.7746 59.7746 59.7746 59.7746 51.6236 51.6236 51.6236 51.6236 50.2096 50.2096 50.2096 50.2096 33.5410
C8 15.1327 25.6125 5.3852 22.3607 25.9615 22.2036 18.3848 41.0366 0.0000 26.9072 30.2324 20.5183 50.0899 18.7883 40.7922 20.6155 17.2627 45.3982 21.5407 41.1096 47.0956 22.5610 29.7321 26.2488 25.0799 35.9026 15.1327 15.1327 15.1327 15.1327 48.0000 48.0000 48.0000 48.0000 65.0692 65.0692 65.0692 65.0692 40.3609 40.3609 40.3609 40.3609 57.4891 57.4891 57.4891 57.4891 28.8617 28.8617 28.8617 28.8617 46.1736 46.1736 46.1736 46.1736 28.0713 28.0713 28.0713 28.0713 37.4433 37.4433 37.4433 37.4433 9.2195 9.2195 9.2195 9.2195 24.3311 24.3311 24.3311 24.3311 24.1868 24.1868 24.1868 24.1868 33.1059 33.1059 33.1059 33.1059 15.0333 15.0333 15.0333 15.0333 39.1152 39.1152 39.1152 39.1152 25.2389 25.2389 25.2389 25.2389 47.0106 47.0106 47.0106 47.0106 48.7955 48.7955 48.7955 48.7955 56.0803 56.0803 56.0803 56.0803 52.9245 52.9245 52.9245 52.9245 65.4905 65.4905 65.4905 65.4905 15.1327
C9 20.6155 2.0000 25.0000 39.2938 51.4782 7.0000 44.6542 14.1421 26.9072 0.0000 35.3553 6.4031 33.5410 37.0000 22.3607 40.8534 38.9102 27.7308 39.8497 25.8070 30.8869 42.7200 40.0000 53.1507 30.4138 18.0278 20.6155 20.6155 20.6155 20.6155 33.2866 33.2866 33.2866 33.2866 47.4342 47.4342 47.4342 47.4342 13.4536 13.4536 13.4536 13.4536 30.6105 30.6105 30.6105 30.6105 16.4012 16.4012 16.4012 16.4012 26.6833 26.6833 26.6833 26.6833 24.1661 24.1661 24.1661 24.1661 43.0116 43.0116 43.0116 43.0116 29.5466 29.5466 29.5466 29.5466 46.1736 46.1736 46.1736 46.1736 50.4480 50.4480 50.4480 50.4480 59.3633 59.3633 59.3633 59.3633 38.0789 38.0789 38.0789 38.0789 59.4811 59.4811 59.4811 59.4811 39.4588 39.4588 39.4588 39.4588 59.0762 59.0762 59.0762 59.0762 54.8179 54.8179 54.8179 54.8179 54.7083 54.7083 54.7083 54.7083 47.8017 47.8017 47.8017 47.8017 51.9711 51.9711 51.9711 51.9711 20.6155
C10 18.0278 33.3766 25.0000 15.2971 50.9902 37.0000 43.1741 45.2769 30.2324 35.3553 0.0000 32.5730 32.0156 17.0000 29.1548 20.2237 22.0000 30.4795 17.2627 25.6125 29.7321 20.6155 7.0711 45.0000 53.1507 26.9258 18.0278 18.0278 18.0278 18.0278 28.6007 28.6007 28.6007 28.6007 44.7214 44.7214 44.7214 44.7214 44.2832 44.2832 44.2832 44.2832 57.2451 57.2451 57.2451 57.2451 48.4665 48.4665 48.4665 48.4665 61.9839 61.9839 61.9839 61.9839 52.4786 52.4786 52.4786 52.4786 66.4831 66.4831 66.4831 66.4831 39.4081 39.4081 39.4081 39.4081 53.3104 53.3104 53.3104 53.3104 37.2156 37.2156 37.2156 37.2156 55.0818 55.0818 55.0818 55.0818 24.0832 24.0832 24.0832 24.0832 31.1127 31.1127 31.1127 31.1127 11.7047 11.7047 11.7047 11.7047 24.0832 24.0832 24.0832 24.0832 20.1246 20.1246 20.1246 20.1246 25.9422 25.9422 25.9422 25.9422 24.1868 24.1868 24.1868 24.1868 41.0000 41.0000 41.0000 41.0000 18.0278
C11 16.0000 5.3852 18.8680 34.3657 45.1774 4.4721 38.2753 20.5183 20.5183 6.4031 32.5730 0.0000 36.6879 31.7805 25.7099 35.4401 33.2415 31.0483 34.7131 28.2312 33.8378 37.3631 36.3456 46.7547 26.5707 20.8806 16.0000 16.0000 16.0000 16.0000 35.8469 35.8469 35.8469 35.8469 51.1957 51.1957 51.1957 51.1957 19.8494 19.8494 19.8494 19.8494 37.0135 37.0135 37.0135 37.0135 16.1245 16.1245 16.1245 16.1245 30.0167 30.0167 30.0167 30.0167 22.0227 22.0227 22.0227 22.0227 39.8121 39.8121 39.8121 39.8121 23.4094 23.4094 23.4094 23.4094 40.2616 40.2616 40.2616 40.2616 44.2041 44.2041 44.2041 44.2041 53.0000 53.0000 53.0000 53.0000 32.2025 32.2025 32.2025 32.2025 54.3415 54.3415 54.3415 54.3415 35.0143 35.0143 35.0143 35.0143 55.5788 55.5788 55.5788 55.5788 52.5547 52.5547 52.5547 52.5547 54.2033 54.2033 54.2033 54.2033 48.0833 48.0833 48.0833 48.0833 54.6260 54.6260 54.6260 54.6260 16.0000
C12 35.3553 32.6956 45.2769 46.1411 75.6637 39.9249 67.7422 32.0156 50.0899 33.5410 32.0156 36.6879 0.0000 46.5188 11.1803 50.5371 51.0784 5.8310 47.8853 9.0000 3.0000 51.4782 39.0512 72.8011 63.2456 15.8114 35.3553 35.3553 35.3553 35.3553 3.6056 3.6056 3.6056 3.6056 15.0000 15.0000 15.0000 15.0000 31.2410 31.2410 31.2410 31.2410 34.5254 34.5254 34.5254 34.5254 49.7393 49.7393 49.7393 49.7393 54.5619 54.5619 54.5619 54.5619 57.6975 57.6975 57.6975 57.6975 76.3217 76.3217 76.3217 76.3217 57.0789 57.0789 57.0789 57.0789 74.0068 74.0068 74.0068 74.0068 66.4831 66.4831 66.4831 66.4831 81.7863 81.7863 81.7863 81.7863 52.2015 52.2015 52.2015 52.2015 63.0317 63.0317 63.0317 63.0317 43.2666 43.2666 43.2666 43.2666 51.6236 51.6236 51.6236 51.6236 41.2311 41.2311 41.2311 41.2311 32.0624 32.0624 32.0624 32.0624 23.0217 23.0217 23.0217 23.0217 18.6011 18.6011 18.6011 18.6011 35.3553
C13 16.5529 35.1141 15.2971 3.6056 34.4819 35.3553 26.9258 50.0899 18.7883 37.0000 17.0000 31.7805 46.5188 0.0000 40.6079 4.2426 5.0000 43.5660 3.0000 38.5876 43.8292 5.8310 13.0000 28.0000 43.8634 36.7967 16.5529 16.5529 16.5529 16.5529 43.4626 43.4626 43.4626 43.4626 60.4070 60.4070 60.4070 60.4070 49.1935 49.1935 49.1935 49.1935 64.8999 64.8999 64.8999 64.8999 45.0111 45.0111 45.0111 45.0111 61.2944 61.2944 61.2944 61.2944 46.0977 46.0977 46.0977 46.0977 56.0803 56.0803 56.0803 56.0803 27.4591 27.4591 27.4591 27.4591 38.2753 38.2753 38.2753 38.2753 20.3961 20.3961 20.3961 20.3961 38.1182 38.1182 38.1182 38.1182 7.2801 7.2801 7.2801 7.2801 22.5610 22.5610 22.5610 22.5610 7.2111 7.2111 7.2111 7.2111 28.3019 28.3019 28.3019 28.3019 31.6228 31.6228 31.6228 31.6228 41.7612 41.7612 41.7612 41.7612 41.1096 41.1096 41.1096 41.1096 57.7062 57.7062 57.7062 57.7062 16.5529
C14 26.9258 21.5407 36.4005 41.0366 66.7083 28.7924 58.9406 22.3607 40.7922 22.3607 29.1548 25.7099 11.1803 40.6079 0.0000 44.8219 44.6542 5.3852 42.5206 5.0990 8.6023 46.0977 36.0555 65.0000 52.2015 5.0000 26.9258 26.9258 26.9258 26.9258 11.3137 11.3137 11.3137 11.3137 25.4951 25.4951 25.4951 25.4951 21.4709 21.4709 21.4709 21.4709 29.2746 29.2746 29.2746 29.2746 38.5876 38.5876 38.5876 38.5876 44.4072 44.4072 44.4072 44.4072 46.5188 46.5188 46.5188 46.5188 65.1920 65.1920 65.1920 65.1920 47.0425 47.0425 47.0425 47.0425 64.1249 64.1249 64.1249 64.1249 59.5399 59.5399 59.5399 59.5399 73.3757 73.3757 73.3757 73.3757 45.2769 45.2769 45.2769 45.2769 59.8164 59.8164 59.8164 59.8164 38.9487 38.9487 38.9487 38.9487 51.8652 51.8652 51.8652 51.8652 43.4166 43.4166 43.4166 43.4166 37.8550 37.8550 37.8550 37.8550 29.4109 29.4109 29.4109 29.4109 29.6816 29.6816 29.6816 29.6816 26.9258
C15 20.5913 39.0000 18.0000 5.0000 32.6956 38.8330 25.5539 54.1202 20.6155 40.8534 20.2237 35.4401 50.5371 4.2426 44.8219 0.0000 3.6056 47.7074 3.0000 42.7200 47.8853 2.0000 15.1327 25.1794 45.5412 41.0366 20.5913 20.5913 20.5913 20.5913 47.4236 47.4236 47.4236 47.4236 64.2573 64.2573 64.2573 64.2573 53.2353 53.2353 53.2353 53.2353 69.0652 69.0652 69.0652 69.0652 48.0416 48.0416 48.0416 48.0416 64.6297 64.6297 64.6297 64.6297 48.5077 48.5077 48.5077 48.5077 57.2451 57.2451 57.2451 57.2451 28.6356 28.6356 28.6356 28.6356 37.6431 37.6431 37.6431 37.6431 17.0294 17.0294 17.0294 17.0294 35.5106 35.5106 35.5106 35.5106 6.4031 6.4031 6.4031 6.4031 19.1050 19.1050 19.1050 19.1050 9.0554 9.0554 9.0554 9.0554 27.6586 27.6586 27.6586 27.6586 32.6497 32.6497 32.6497 32.6497 43.9318 43.9318 43.9318 43.9318 44.0000 44.0000 44.0000 44.0000 61.1882 61.1882 61.1882 61.1882 20.5913
C16 19.2094 37.1214 15.1327 7.6158 29.7321 36.4005 22.3607 52.4786 17.2627 38.9102 22.0000 33.2415 51.0784 5.0000 44.6542 3.6056 0.0000 47.8853 5.8310 42.9418 48.3322 5.3852 17.7200 23.0000 42.0595 40.6079 19.2094 19.2094 19.2094 19.2094 48.1041 48.1041 48.1041 48.1041 65.1460 65.1460 65.1460 65.1460 51.6236 51.6236 51.6236 51.6236 67.8012 67.8012 67.8012 67.8012 45.1774 45.1774 45.1774 45.1774 61.9839 61.9839 61.9839 61.9839 45.2769 45.2769 45.2769 45.2769 53.6656 53.6656 53.6656 53.6656 25.0799 25.0799 25.0799 25.0799 34.2053 34.2053 34.2053 34.2053 15.5242 15.5242 15.5242 15.5242 33.1361 33.1361 33.1361 33.1361 2.8284 2.8284 2.8284 2.8284 22.0000 22.0000 22.0000 22.0000 11.7047 11.7047 11.7047 11.7047 31.2410 31.2410 31.2410 31.2410 35.8469 35.8469 35.8469 35.8469 46.5725 46.5725 46.5725 46.5725 46.0977 46.0977 46.0977 46.0977 62.6498 62.6498 62.6498 62.6498 19.2094
C17 31.0483 26.9258 40.7922 43.6005 71.1969 34.1760 63.3482 26.6271 45.3982 27.7308 30.4795 31.0483 5.8310 43.5660 5.3852 47.7074 47.8853 0.0000 45.2217 5.0000 3.6056 48.8262 37.5366 68.9493 57.5674 10.1980 31.0483 31.0483 31.0483 31.0483 6.7082 6.7082 6.7082 6.7082 20.2237 20.2237 20.2237 20.2237 25.8070 25.8070 25.8070 25.8070 31.0161 31.0161 31.0161 31.0161 43.9090 43.9090 43.9090 43.9090 49.0408 49.0408 49.0408 49.0408 51.8941 51.8941 51.8941 51.8941 70.5762 70.5762 70.5762 70.5762 52.0000 52.0000 52.0000 52.0000 69.0290 69.0290 69.0290 69.0290 63.0714 63.0714 63.0714 63.0714 77.6209 77.6209 77.6209 77.6209 48.7545 48.7545 48.7545 48.7545 61.5549 61.5549 61.5549 61.5549 41.1096 41.1096 41.1096 41.1096 51.8941 51.8941 51.8941 51.8941 42.4500 42.4500 42.4500 42.4500 35.1283 35.1283 35.1283 35.1283 26.3059 26.3059 26.3059 26.3059 24.4131 24.4131 24.4131 24.4131 31.0483
C18 19.3132 37.9473 18.2483 2.0000 35.4683 38.3275 28.1780 52.8015 21.5407 39.8497 17.2627 34.7131 47.8853 3.0000 42.5206 3.0000 5.8310 45.2217 0.0000 40.2244 45.2769 3.6056 12.1655 28.1603 46.6154 38.8973 19.3132 19.3132 19.3132 19.3132 44.7214 44.7214 44.7214 44.7214 61.4654 61.4654 61.4654 61.4654 51.8941 51.8941 51.8941 51.8941 67.4166 67.4166 67.4166 67.4166 48.0104 48.0104 48.0104 48.0104 64.2806 64.2806 64.2806 64.2806 49.0306 49.0306 49.0306 49.0306 58.6686 58.6686 58.6686 58.6686 30.0167 30.0167 30.0167 30.0167 40.0000 40.0000 40.0000 40.0000 20.0250 20.0250 20.0250 20.0250 38.4708 38.4708 38.4708 38.4708 8.6023 8.6023 8.6023 8.6023 19.6469 19.6469 19.6469 19.6469 6.0828 6.0828 6.0828 6.0828 25.8070 25.8070 25.8070 25.8070 30.0167 30.0167 30.0167 30.0167 41.0000 41.0000 41.0000 41.0000 41.0000 41.0000 41.0000 41.0000 58.2495 58.2495 58.2495 58.2495 19.3132
C19 26.4764 24.6982 36.3456 38.6005 66.7533 31.7648 58.8558 27.3130 41.1096 25.8070 25.6125 28.2312 9.0000 38.5876 5.0990 42.7200 42.9418 5.0000 40.2244 0.0000 6.0000 43.8292 32.6497 64.1950 54.7814 7.8102 26.4764 26.4764 26.4764 26.4764 7.6158 7.6158 7.6158 7.6158 24.0000 24.0000 24.0000 24.0000 26.4008 26.4008 26.4008 26.4008 34.1321 34.1321 34.1321 34.1321 42.2019 42.2019 42.2019 42.2019 49.0918 49.0918 49.0918 49.0918 49.7393 49.7393 49.7393 49.7393 68.0294 68.0294 68.0294 68.0294 48.0937 48.0937 48.0937 48.0937 65.0077 65.0077 65.0077 65.0077 58.1808 58.1808 58.1808 58.1808 73.0068 73.0068 73.0068 73.0068 43.8634 43.8634 43.8634 43.8634 56.6392 56.6392 56.6392 56.6392 36.1248 36.1248 36.1248 36.1248 47.5395 47.5395 47.5395 47.5395 38.6394 38.6394 38.6394 38.6394 32.7567 32.7567 32.7567 32.7567 24.3516 24.3516 24.3516 24.3516 26.4008 26.4008 26.4008 26.4008 26.4764
C20 32.3883 29.9666 42.2966 43.5660 72.6911 37.1618 64.7765 30.2324 47.0956 30.8869 29.7321 33.8378 3.0000 43.8292 8.6023 47.8853 48.3322 3.6056 45.2769 6.0000 0.0000 48.8774 36.7967 69.9214 60.4070 13.0000 32.3883 32.3883 32.3883 32.3883 3.1623 3.1623 3.1623 3.1623 18.0000 18.0000 18.0000 18.0000 29.4109 29.4109 29.4109 29.4109 34.1321 34.1321 34.1321 34.1321 47.1699 47.1699 47.1699 47.1699 52.6308 52.6308 52.6308 52.6308 55.0091 55.0091 55.0091 55.0091 73.5391 73.5391 73.5391 73.5391 54.0833 54.0833 54.0833 54.0833 71.0070 71.0070 71.0070 71.0070 63.6946 63.6946 63.6946 63.6946 78.8543 78.8543 78.8543 78.8543 49.3964 49.3964 49.3964 49.3964 60.8276 60.8276 60.8276 60.8276 40.8044 40.8044 40.8044 40.8044 50.1199 50.1199 50.1199 50.1199 40.1622 40.1622 40.1622 40.1622 32.0156 32.0156 32.0156 32.0156 23.0868 23.0868 23.0868 23.0868 21.0950 21.0950 21.0950 21.0950 32.3883
C21 22.3607 40.8534 20.0000 5.3852 33.5410 40.7922 26.6271 55.9017 22.5610 42.7200 20.6155 37.3631 51.4782 5.8310 46.0977 2.0000 5.3852 48.8262 3.6056 43.8292 48.8774 0.0000 15.0000 25.4951 47.4342 42.4264 22.3607 22.3607 22.3607 22.3607 48.3011 48.3011 48.3011 48.3011 65.0000 65.0000 65.0000 65.0000 55.0091 55.0091 55.0091 55.0091 70.7248 70.7248 70.7248 70.7248 50.0400 50.0400 50.0400 50.0400 66.6108 66.6108 66.6108 66.6108 50.4876 50.4876 50.4876 50.4876 59.0339 59.0339 59.0339 59.0339 30.4631 30.4631 30.4631 30.4631 38.9487 38.9487 38.9487 38.9487 17.0294 17.0294 17.0294 17.0294 35.9026 35.9026 35.9026 35.9026 8.0623 8.0623 8.0623 8.0623 17.1172 17.1172 17.1172 17.1172 9.0554 9.0554 9.0554 9.0554 26.1725 26.1725 26.1725 26.1725 31.7805 31.7805 31.7805 31.7805 43.5660 43.5660 43.5660 43.5660 44.0454 44.0454 44.0454 44.0454 61.6117 61.6117 61.6117 61.6117 22.3607
C22 20.6155 38.0000 25.0000 10.1980 47.4342 40.6079 39.9249 50.9902 29.7321 40.0000 7.0711 36.3456 39.0512 13.0000 36.0555 15.1327 17.7200 37.5366 12.1655 32.6497 36.7967 15.0000 0.0000 40.3113 54.0833 33.5410 20.6155 20.6155 20.6155 20.6155 35.6090 35.6090 35.6090 35.6090 51.4782 51.4782 51.4782 51.4782 50.0100 50.0100 50.0100 50.0100 63.6946 63.6946 63.6946 63.6946 51.6624 51.6624 51.6624 51.6624 66.2722 66.2722 66.2722 66.2722 54.6260 54.6260 54.6260 54.6260 67.0075 67.0075 67.0075 67.0075 38.8973 38.8973 38.8973 38.8973 51.1077 51.1077 51.1077 51.1077 32.0156 32.0156 32.0156 32.0156 50.6360 50.6360 50.6360 50.6360 20.2485 20.2485 20.2485 20.2485 24.0416 24.0416 24.0416 24.0416 6.0828 6.0828 6.0828 6.0828 19.2354 19.2354 19.2354 19.2354 19.1050 19.1050 19.1050 19.1050 28.8617 28.8617 28.8617 28.8617 29.0689 29.0689 29.0689 29.0689 47.1275 47.1275 47.1275 47.1275 20.6155
C23 38.0789 51.8556 29.1548 30.1496 11.1803 48.1041 10.4403 67.2681 26.2488 53.1507 45.0000 46.7547 72.8011 28.0000 65.0000 25.1794 23.0000 68.9493 28.1603 64.1950 69.9214 25.4951 40.3113 0.0000 41.2311 60.4152 38.0789 38.0789 38.0789 38.0789 70.0928 70.0928 70.0928 70.0928 87.3212 87.3212 87.3212 87.3212 66.6033 66.6033 66.6033 66.6033 83.7377 83.7377 83.7377 83.7377 52.4786 52.4786 52.4786 52.4786 69.8355 69.8355 69.8355 69.8355 48.4665 48.4665 48.4665 48.4665 48.0104 48.0104 48.0104 48.0104 26.4197 26.4197 26.4197 26.4197 21.3776 21.3776 21.3776 21.3776 8.9443 8.9443 8.9443 8.9443 10.4403 10.4403 10.4403 10.4403 21.0950 21.0950 21.0950 21.0950 31.8277 31.8277 31.8277 31.8277 34.2345 34.2345 34.2345 34.2345 49.2443 49.2443 49.2443 49.2443 56.9210 56.9210 56.9210 56.9210 69.0507 69.0507 69.0507 69.0507 69.0652 69.0652 69.0652 69.0652 85.4751 85.4751 85.4751 85.4751 38.0789
C24 35.3553 30.8058 29.1548 47.4236 33.5410 23.5372 30.8058 40.3113 25.0799 30.4138 53.1507 26.5707 63.2456 43.8634 52.2015 45.5412 42.0595 57.5674 46.6154 54.7814 60.4070 47.4342 54.0833 41.2311 0.0000 47.4342 35.3553 35.3553 35.3553 35.3553 62.3939 62.3939 62.3939 62.3939 77.6209 77.6209 77.6209 77.6209 40.1995 40.1995 40.1995 40.1995 55.7853 55.7853 55.7853 55.7853 17.7200 17.7200 17.7200 17.7200 31.8904 31.8904 31.8904 31.8904 9.4340 9.4340 9.4340 9.4340 13.6015 13.6015 13.6015 13.6015 17.2627 17.2627 17.2627 17.2627 23.6008 23.6008 23.6008 23.6008 44.0454 44.0454 44.0454 44.0454 42.0595 42.0595 42.0595 42.0595 39.5601 39.5601 39.5601 39.5601 63.3482 63.3482 63.3482 63.3482 50.1199 50.1199 50.1199 50.1199 72.0069 72.0069 72.0069 72.0069 72.8011 72.8011 72.8011 72.8011 77.8974 77.8974 77.8974 77.8974 73.0068 73.0068 73.0068 73.0068 81.1542 81.1542 81.1542 81.1542 35.3553
C25 22.3607 17.0000 31.6228 37.5366 61.8466 24.1661 54.1202 20.6155 35.9026 18.0278 26.9258 20.8806 15.8114 36.7967 5.0000 41.0366 40.6079 10.1980 38.8973 7.8102 13.0000 42.4264 33.5410 60.4152 47.4342 0.0000 22.3607 22.3607 22.3607 22.3607 15.2643 15.2643 15.2643 15.2643 30.4138 30.4138 30.4138 30.4138 19.6469 19.6469 19.6469 19.6469 30.3645 30.3645 30.3645 30.3645 34.4093 34.4093 34.4093 34.4093 41.6773 41.6773 41.6773 41.6773 42.0595 42.0595 42.0595 42.0595 60.5392 60.5392 60.5392 60.5392 42.0476 42.0476 42.0476 42.0476 59.1354 59.1354 59.1354 59.1354 55.2268 55.2268 55.2268 55.2268 68.6222 68.6222 68.6222 68.6222 41.0488 41.0488 41.0488 41.0488 56.8595 56.8595 56.8595 56.8595 35.8050 35.8050 35.8050 35.8050 50.4480 50.4480 50.4480 50.4480 43.0116 43.0116 43.0116 43.0116 39.2173 39.2173 39.2173 39.2173 31.3050 31.3050 31.3050 31.3050 34.0000 34.0000 34.0000 34.0000 22.3607
F26 0.0000 18.6815 10.0000 18.6815 40.3113 20.0998 32.3883 33.5410 15.1327 20.6155 18.0278 16.0000 35.3553 16.5529 26.9258 20.5913 19.2094 31.0483 19.3132 26.4764 32.3883 22.3607 20.6155 38.0789 35.3553 22.3607 0.0000 0.0000 0.0000 0.0000 33.0606 33.0606 33.0606 33.0606 50.2494 50.2494 50.2494 50.2494 32.6497 32.6497 32.6497 32.6497 48.6004 48.6004 48.6004 48.6004 31.0483 31.0483 31.0483 31.0483 46.0109 46.0109 46.0109 46.0109 34.4819 34.4819 34.4819 34.4819 48.8365 48.8365 48.8365 48.8365 23.4094 23.4094 23.4094 23.4094 39.4588 39.4588 39.4588 39.4588 33.0151 33.0151 33.0151 33.0151 46.5725 46.5725 46.5725 46.5725 19.1050 19.1050 19.1050 19.1050 38.8973 38.8973 38.8973 38.8973 19.0263 19.0263 19.0263 19.0263 39.8121 39.8121 39.8121 39.8121 38.0789 38.0789 38.0789 38.0789 42.6380 42.6380 42.6380 42.6380 38.4708 38.4708 38.4708 38.4708 50.3587 50.3587 50.3587 50.3587 0.0000
F26_1 0.0000 18.6815 10.0000 18.6815 40.3113 20.0998 32.3883 33.5410 15.1327 20.6155 18.0278 16.0000 35.3553 16.5529 26.9258 20.5913 19.2094 31.0483 19.3132 26.4764 32.3883 22.3607 20.6155 38.0789 35.3553 22.3607 0.0000 0.0000 0.0000 0.0000 33.0606 33.0606 33.0606 33.0606 50.2494 50.2494 50.2494 50.2494 32.6497 32.6497 32.6497 32.6497 48.6004 48.6004 48.6004 48.6004 31.0483 31.0483 31.0483 31.0483 46.0109 46.0109 46.0109 46.0109 34.4819 34.4819 34.4819 34.4819 48.8365 48.8365 48.8365 48.8365 23.4094 23.4094 23.4094 23.4094 39.4588 39.4588 39.4588 39.4588 33.0151 33.0151 33.0151 33.0151 46.5725 46.5725 46.5725 46.5725 19.1050 19.1050 19.1050 19.1050 38.8973 38.8973 38.8973 38.8973 19.0263 19.0263 19.0263 19.0263 39.8121 39.8121 39.8121 39.8121 38.0789 38.0789 38.0789 38.0789 42.6380 42.6380 42.6380 42.6380 38.4708 38.4708 38.4708 38.4708 50.3587 50.3587 50.3587 50.3587 0.0000
F26_2 0.0000 18.6815 10.0000 18.6815 40.3113 20.0998 32.3883 33.5410 15.1327 20.6155 18.0278 16.0000 35.3553 16.5529 26.9258 20.5913 19.2094 31.0483 19.3132 26.4764 32.3883 22.3607 20.6155 38.0789 35.3553 22.3607 0.0000 0.0000 0.0000 0.0000 33.0606 33.0606 33.0606 33.0606 50.2494 50.2494 50.2494 50.2494 32.6497 32.6497 32.6497 32.6497 48.6004 48.6004 48.6004 48.6004 31.0483 31.0483 31.0483 31.0483 46.0109 46.0109 46.0109 46.0109 34.4819 34.4819 34.4819 34.4819 48.8365 48.8365 48.8365 48.8365 23.4094 23.4094 23.4094 23.4094 39.4588 39.4588 39.4588 39.4588 33.0151 33.0151 33.0151 33.0151 46.5725 46.5725 46.5725 46.5725 19.1050 19.1050 19.1050 19.1050 38.8973 38.8973 38.8973 38.8973 19.0263 19.0263 19.0263 19.0263 39.8121 39.8121 39.8121 39.8121 38.0789 38.0789 38.0789 38.0789 42.6380 42.6380 42.6380 42.6380 38.4708 38.4708 38.4708 38.4708 50.3587 50.3587 50.3587 50.3587 0.0000
F26_3 0.0000 18.6815 10.0000 18.6815 40.3113 20.0998 32.3883 33.5410 15.1327 20.6155 18.0278 16.0000 35.3553 16.5529 26.9258 20.5913 19.2094 31.0483 19.3132 26.4764 32.3883 22.3607 20.6155 38.0789 35.3553 22.3607 0.0000 0.0000 0.0000 0.0000 33.0606 33.0606 33.0606 33.0606 50.2494 50.2494 50.2494 50.2494 32.6497 32.6497 32.6497 32.6497 48.6004 48.6004 48.6004 48.6004 31.0483 31.0483 31.0483 31.0483 46.0109 46.0109 46.0109 46.0109 34.4819 34.4819 34.4819 34.4819 48.8365 48.8365 48.8365 48.8365 23.4094 23.4094 23.4094 23.4094 39.4588 39.4588 39.4588 39.4588 33.0151 33.0151 33.0151 33.0151 46.5725 46.5725 46.5725 46.5725 19.1050 19.1050 19.1050 19.1050 38.8973 38.8973 38.8973 38.8973 19.0263 19.0263 19.0263 19.0263 39.8121 39.8121 39.8121 39.8121 38.0789 38.0789 38.0789 38.0789 42.6380 42.6380 42.6380 42.6380 38.4708 38.4708 38.4708 38.4708 50.3587 50.3587 50.3587 50.3587 0.0000
F27 33.0606 32.2490 43.0465 42.9418 73.3348 39.3573 65.3758 33.2866 48.0000 33.2866 28.6007 35.8469 3.6056 43.4626 11.3137 47.4236 48.1041 6.7082 44.7214 7.6158 3.1623 48.3011 35.6090 70.0928 62.3939 15.2643 33.0606 33.0606 33.0606 33.0606 0.0000 0.0000 0.0000 0.0000 17.2627 17.2627 17.2627 17.2627 32.4500 32.4500 32.4500 32.4500 37.2156 37.2156 37.2156 37.2156 49.6488 49.6488 49.6488 49.6488 55.6058 55.6058 55.6058 55.6058 57.3062 57.3062 57.3062 57.3062 75.6439 75.6439 75.6439 75.6439 55.3263 55.3263 55.3263 55.3263 72.1110 72.1110 72.1110 72.1110 63.5689 63.5689 63.5689 63.5689 79.2465 79.2465 79.2465 79.2465 49.3356 49.3356 49.3356 49.3356 59.5483 59.5483 59.5483 59.5483 39.9625 39.9625 39.9625 39.9625 48.0208 48.0208 48.0208 48.0208 37.6962 37.6962 37.6962 37.6962 29.0000 29.0000 29.0000 29.0000 20.0250 20.0250 20.0250 20.0250 18.7883 18.7883 18.7883 18.7883 33.0606
F27_1 33.0606 32.2490 43.0465 42.9418 73.3348 39.3573 65.3758 33.2866 48.0000 33.2866 28.6007 35.8469 3.6056 43.4626 11.3137 47.4236 48.1041 6.7082 44.7214 7.6158 3.1623 48.3011 35.6090 70.0928 62.3939 15.2643 33.0606 33.0606 33.0606 33.0606 0.0000 0.0000 0.0000 0.0000 17.2627 17.2627 17.2627 17.2627 32.4500 32.4500 32.4500 32.4500 37.2156 37.2156 37.2156 37.2156 49.6488 49.6488 49.6488 49.6488 55.6058 55.6058 55.6058 55.6058 57.3062 57.3062 57.3062 57.3062 75.6439 75.6439 75.6439 75.6439 55.3263 55.3263 55.3263 55.3263 72.1110 72.1110 72.1110 72.1110 63.5689 63.5689 63.5689 63.5689 79.2465 79.2465 79.2465 79.2465 49.3356 49.3356 49.3356 49.3356 59.5483 59.5483 59.5483 59.5483 39.9625 39.9625 39.9625 39.9625 48.0208 48.0208 48.0208 48.0208 37.6962 37.6962 37.6962 37.6962 29.0000 29.0000 29.0000 29.0000 20.0250 20.0250 20.0250 20.0250 18.7883 18.7883 18.7883 18.7883 33.0606
F27_2 33.0606 32.2490 43.0465 42.9418 73.3348 39.3573 65.3758 33.2866 48.0000 33.2866 28.6007 35.8469 3.6056 43.4626 11.3137 47.4236 48.1041 6.7082 44.7214 7.6158 3.1623 48.3011 35.6090 70.0928 62.3939 15.2643 33.0606 33.0606 33.0606 33.0606 0.0000 0.0000 0.0000 0.0000 17.2627 17.2627 17.2627 17.2627 32.4500 32.4500 32.4500 32.4500 37.2156 37.2156 37.2156 37.2156 49.6488 49.6488 49.6488 49.6488 55.6058 55.6058 55.6058 55.6058 57.3062 57.3062 57.3062 57.3062 75.6439 75.6439 75.6439 75.6439 55.3263 55.3263 55.3263 55.3263 72.1110 72.1110 72.1110 72.1110 63.5689 63.5689 63.5689 63.5689 79.2465 79.2465 79.2465 79.2465 49.3356 49.3356 49.3356 49.3356 59.5483 59.5483 59.5483 59.5483 39.9625 39.9625 39.9625 39.9625 48.0208 48.0208 48.0208 48.0208 37.6962 37.6962 37.6962 37.6962 29.0000 29.0000 29.0000 29.0000 20.0250 20.0250 20.0250 20.0250 18.7883 18.7883 18.7883 18.7883 33.0606
F27_3 33.0606 32.2490 43.0465 42.9418 73.3348 39.3573 65.3758 33.2866 48.0000 33.2866 28.6007 35.8469 3.6056 43.4626 11.3137 47.4236 48.1041 6.7082 44.7214 7.6158 3.1623 48.3011 35.6090 70.0928 62.3939 15.2643 33.0606 33.0606 33.0606 33.0606 0.0000 0.0000 0.0000 0.0000 17.2627 17.2627 17.2627 17.2627 32.4500 32.4500 32.4500 32.4500 37.2156 37.2156 37.2156 37.2156 49.6488 49.6488 49.6488 49.6488 55.6058 55.6058 55.6058 55.6058 57.3062 57.3062 57.3062 57.3062 75.6439 75.6439 75.6439 75.6439 55.3263 55.3263 55.3263 55.3263 72.1110 72.1110 72.1110 72.1110 63.5689 63.5689 63.5689 63.5689 79.2465 79.2465 79.2465 79.2465 49.3356 49.3356 49.3356 49.3356 59.5483 59.5483 59.5483 59.5483 39.9625 39.9625 39.9625 39.9625 48.0208 48.0208 48.0208 48.0208 37.6962 37.6962 37.6962 37.6962 29.0000 29.0000 29.0000 29.0000 20.0250 20.0250 20.0250 20.0250 18.7883 18.7883 18.7883 18.7883 33.0606
F28 50.2494 46.8402 60.2080 59.6154 90.5539 54.1202 82.6075 43.0116 65.0692 47.4342 44.7214 51.1957 15.0000 60.4070 25.4951 64.2573 65.1460 20.2237 61.4654 24.0000 18.0000 65.0000 51.4782 87.3212 77.6209 30.4138 50.2494 50.2494 50.2494 50.2494 17.2627 17.2627 17.2627 17.2627 0.0000 0.0000 0.0000 0.0000 42.4382 42.4382 42.4382 42.4382 39.9625 39.9625 39.9625 39.9625 63.1585 63.1585 63.1585 63.1585 65.4370 65.4370 65.4370 65.4370 71.5122 71.5122 71.5122 71.5122 90.4434 90.4434 90.4434 90.4434 72.0625 72.0625 72.0625 72.0625 89.0056 89.0056 89.0056 89.0056 80.6536 80.6536 80.6536 80.6536 96.5091 96.5091 96.5091 96.5091 66.4831 66.4831 66.4831 66.4831 74.8866 74.8866 74.8866 74.8866 56.3649 56.3649 56.3649 56.3649 60.8276 60.8276 60.8276 60.8276 49.0408 49.0408 49.0408 49.0408 36.2353 36.2353 36.2353 36.2353 28.0179 28.0179 28.0179 28.0179 11.0000 11.0000 11.0000 11.0000 50.2494
F28_1 50.2494 46.8402 60.2080 59.6154 90.5539 54.1202 82.6075 43.0116 65.0692 47.4342 44.7214 51.1957 15.0000 60.4070 25.4951 64.2573 65.1460 20.2237 61.4654 24.0000 18.0000 65.0000 51.4782 87.3212 77.6209 30.4138 50.2494 50.2494 50.2494 50.2494 17.2627 17.2627 17.2627 17.2627 0.0000 0.0000 0.0000 0.0000 42.4382 42.4382 42.4382 42.4382 39.9625 39.9625 39.9625 39.9625 63.1585 63.1585 63.1585 63.1585 65.4370 65.4370 65.4370 65.4370 71.5122 71.5122 71.5122 71.5122 90.4434 90.4434 90.4434 90.4434 72.0625 72.0625 72.0625 72.0625 89.0056 89.0056 89.0056 89.0056 80.6536 80.6536 80.6536 80.6536 96.5091 96.5091 96.5091 96.5091 66.4831 66.4831 66.4831 66.4831 74.8866 74.8866 74.8866 74.8866 56.3649 56.3649 56.3649 56.3649 60.8276 60.8276 60.8276 60.8276 49.0408 49.0408 49.0408 49.0408 36.2353 36.2353 36.2353 36.2353 28.0179 28.0179 28.0179 28.0179 11.0000 11.0000 11.0000 11.0000 50.2494
F28_2 50.2494 46.8402 60.2080 59.6154 90.5539 54.1202 82.6075 43.0116 65.0692 47.4342 44.7214 51.1957 15.0000 60.4070 25.4951 64.2573 65.1460 20.2237 61.4654 24.0000 18.0000 65.0000 51.4782 87.3212 77.6209 30.4138 50.2494 50.2494 50.2494 50.2494 17.2627 17.2627 17.2627 17.2627 0.0000 0.0000 0.0000 0.0000 42.4382 42.4382 42.4382 42.4382 39.9625 39.9625 39.9625 39.9625 63.1585 63.1585 63.1585 63.1585 65.4370 65.4370 65.4370 65.4370 71.5122 71.5122 71.5122 71.5122 90.4434 90.4434 90.4434 90.4434 72.0625 72.0625 72.0625 72.0625 89.0056 89.0056 89.0056 89.0056 80.6536 80.6536 80.6536 80.6536 96.5091 96.5091 96.5091 96.5091 66.4831 66.4831 66.4831 66.4831 74.8866 74.8866 74.8866 74.8866 56.3649 56.3649 56.3649 56.3649 60.8276 60.8276 60.8276 60.8276 49.0408 49.0408 49.0408 49.0408 36.2353 36.2353 36.2353 36.2353 28.0179 28.0179 28.0179 28.0179 11.0000 11.0000 11.0000 11.0000 50.2494
F28_3 50.2494 46.8402 60.2080 59.6154 90.5539 54.1202 82.6075 43.0116 65.0692 47.4342 44.7214 51.1957 15.0000 60.4070 25.4951 64.2573 65.1460 20.2237 61.4654 24.0000 18.0000 65.0000 51.4782 87.3212 77.6209 30.4138 50.2494 50.2494 50.2494 50.2494 17.2627 17.2627 17.2627 17.2627 0.0000 0.0000 0.0000 0.0000 42.4382 42.4382 42.4382 42.4382 39.9625 39.9625 39.9625 39.9625 63.1585 63.1585 63.1585 63.1585 65.4370 65.4370 65.4370 65.4370 71.5122 71.5122 71.5122 71.5122 90.4434 90.4434 90.4434 90.4434 72.0625 72.0625 72.0625 72.0625 89.0056 89.0056 89.0056 89.0056 80.6536 80.6536 80.6536 80.6536 96.5091 96.5091 96.5091 96.5091 66.4831 66.4831 66.4831 66.4831 74.8866 74.8866 74.8866 74.8866 56.3649 56.3649 56.3649 56.3649 60.8276 60.8276 60.8276 60.8276 49.0408 49.0408 49.0408 49.0408 36.2353 36.2353 36.2353 36.2353 28.0179 28.0179 28.0179 28.0179 11.0000 11.0000 11.0000 11.0000 50.2494
F29 32.6497 14.8661 38.2884 51.0784 64.6607 19.2354 58.0086 1.0000 40.3609 13.4536 44.2832 19.8494 31.2410 49.1935 21.4709 53.2353 51.6236 25.8070 51.8941 26.4008 29.4109 55.0091 50.0100 66.6033 40.1995 19.6469 32.6497 32.6497 32.6497 32.6497 32.4500 32.4500 32.4500 32.4500 42.4382 42.4382 42.4382 42.4382 0.0000 0.0000 0.0000 0.0000 17.2047 17.2047 17.2047 17.2047 23.0217 23.0217 23.0217 23.0217 23.3452 23.3452 23.3452 23.3452 32.0156 32.0156 32.0156 32.0156 51.1566 51.1566 51.1566 51.1566 42.5441 42.5441 42.5441 42.5441 58.6941 58.6941 58.6941 58.6941 63.7809 63.7809 63.7809 63.7809 72.6705 72.6705 72.6705 72.6705 51.0392 51.0392 51.0392 51.0392 71.3092 71.3092 71.3092 71.3092 50.5964 50.5964 50.5964 50.5964 68.3593 68.3593 68.3593 68.3593 62.1289 62.1289 62.1289 62.1289 58.8218 58.8218 58.8218 58.8218 50.6952 50.6952 50.6952 50.6952 49.4975 49.4975 49.4975 49.4975 32.6497
