# set
set V := C1 C2 C3 C4 C5 C6 C7 C8 C9 C10 C11 C12 C13 C14 C15 C16 C17 C18 C19 C20 C21 C22 C23 C24 C25 ;
set F := F26 F27 F28 F29 F30 F31 F32 F33 F34 F35 F36 F37 F38 F39 F40 F41 F42 F43 F44 F45 F46 F26_1 F26_2 F26_3 F27_1 F27_2 F27_3 F28_1 F28_2 F28_3 F29_1 F29_2 F29_3 F30_1 F30_2 F30_3 F31_1 F31_2 F31_3 F32_1 F32_2 F32_3 F33_1 F33_2 F33_3 F34_1 F34_2 F34_3 F35_1 F35_2 F35_3 F36_1 F36_2 F36_3 F37_1 F37_2 F37_3 F38_1 F38_2 F38_3 F39_1 F39_2 F39_3 F40_1 F40_2 F40_3 F41_1 F41_2 F41_3 F42_1 F42_2 F42_3 F43_1 F43_2 F43_3 F44_1 F44_2 F44_3 F45_1 F45_2 F45_3 F46_1 F46_2 F46_3 ;
set D0 := N0;
set Dσ := Nσ;

# param
param Cf := 200;		# ECV fixed cost
param C := 200;		# ECV max load
param Q := 79.69;		# ECV/BSV battery level
param h := 1;		# ECV consumption

param CB := 60;		# BSV fixed cost
param Qplun := 5;		# BSV max load
param hplun := 1;		# BSV consumption
param W := 159.38;		# BSV battery level

param Cde := 1;		# ECV cost per unit distance
param Cdb := 1;		# BSV cost per unit distance
param lamda := 0;	# battery swap time
param n := 25;		# number of customers
param g := 10.17;	# recharging rate
param Cr := 100;		# recharging cost
param Ct := 10;		# travel cost
param Cs ;		# battery swap cost

param m :=
N0 0
C1 20
C2 10
C3 10
C4 10
C5 20
C6 20
C7 40
C8 10
C9 30
C10 20
C11 40
C12 10
C13 10
C14 10
C15 10
C16 10
C17 10
C18 10
C19 20
C20 10
C21 50
C22 30
C23 30
C24 20
C25 10
F26 0
F26_1 0
F26_2 0
F26_3 0
F27 0
F27_1 0
F27_2 0
F27_3 0
F28 0
F28_1 0
F28_2 0
F28_3 0
F29 0
F29_1 0
F29_2 0
F29_3 0
F30 0
F30_1 0
F30_2 0
F30_3 0
F31 0
F31_1 0
F31_2 0
F31_3 0
F32 0
F32_1 0
F32_2 0
F32_3 0
F33 0
F33_1 0
F33_2 0
F33_3 0
F34 0
F34_1 0
F34_2 0
F34_3 0
F35 0
F35_1 0
F35_2 0
F35_3 0
F36 0
F36_1 0
F36_2 0
F36_3 0
F37 0
F37_1 0
F37_2 0
F37_3 0
F38 0
F38_1 0
F38_2 0
F38_3 0
F39 0
F39_1 0
F39_2 0
F39_3 0
F40 0
F40_1 0
F40_2 0
F40_3 0
F41 0
F41_1 0
F41_2 0
F41_3 0
F42 0
F42_1 0
F42_2 0
F42_3 0
F43 0
F43_1 0
F43_2 0
F43_3 0
F44 0
F44_1 0
F44_2 0
F44_3 0
F45 0
F45_1 0
F45_2 0
F45_3 0
F46 0
F46_1 0
F46_2 0
F46_3 0
Nσ 0
;

param e :=
N0 0
C1 0
C2 0
C3 0
C4 0
C5 0
C6 0
C7 0
C8 0
C9 0
C10 255
C11 169
C12 0
C13 0
C14 12
C15 0
C16 0
C17 0
C18 0
C19 368
C20 0
C21 353
C22 0
C23 0
C24 0
C25 0
F26 0
F26_1 0
F26_2 0
F26_3 0
F27 0
F27_1 0
F27_2 0
F27_3 0
F28 0
F28_1 0
F28_2 0
F28_3 0
F29 0
F29_1 0
F29_2 0
F29_3 0
F30 0
F30_1 0
F30_2 0
F30_3 0
F31 0
F31_1 0
F31_2 0
F31_3 0
F32 0
F32_1 0
F32_2 0
F32_3 0
F33 0
F33_1 0
F33_2 0
F33_3 0
F34 0
F34_1 0
F34_2 0
F34_3 0
F35 0
F35_1 0
F35_2 0
F35_3 0
F36 0
F36_1 0
F36_2 0
F36_3 0
F37 0
F37_1 0
F37_2 0
F37_3 0
F38 0
F38_1 0
F38_2 0
F38_3 0
F39 0
F39_1 0
F39_2 0
F39_3 0
F40 0
F40_1 0
F40_2 0
F40_3 0
F41 0
F41_1 0
F41_2 0
F41_3 0
F42 0
F42_1 0
F42_2 0
F42_3 0
F43 0
F43_1 0
F43_2 0
F43_3 0
F44 0
F44_1 0
F44_2 0
F44_3 0
F45 0
F45_1 0
F45_2 0
F45_3 0
F46 0
F46_1 0
F46_2 0
F46_3 0
Nσ 0
;

param l :=
N0 1236
C1 1130
C2 1125
C3 1130
C4 1123
C5 1112
C6 1095
C7 1102
C8 1124
C9 1101
C10 324
C11 224
C12 1121
C13 1122
C14 77
C15 1110
C16 1094
C17 1121
C18 1109
C19 441
C20 1124
C21 412
C22 1108
C23 1125
C24 1107
C25 1133
F26 1236
F26_1 1236
F26_2 1236
F26_3 1236
F27 1236
F27_1 1236
F27_2 1236
F27_3 1236
F28 1236
F28_1 1236
F28_2 1236
F28_3 1236
F29 1236
F29_1 1236
F29_2 1236
F29_3 1236
F30 1236
F30_1 1236
F30_2 1236
F30_3 1236
F31 1236
F31_1 1236
F31_2 1236
F31_3 1236
F32 1236
F32_1 1236
F32_2 1236
F32_3 1236
F33 1236
F33_1 1236
F33_2 1236
F33_3 1236
F34 1236
F34_1 1236
F34_2 1236
F34_3 1236
F35 1236
F35_1 1236
F35_2 1236
F35_3 1236
F36 1236
F36_1 1236
F36_2 1236
F36_3 1236
F37 1236
F37_1 1236
F37_2 1236
F37_3 1236
F38 1236
F38_1 1236
F38_2 1236
F38_3 1236
F39 1236
F39_1 1236
F39_2 1236
F39_3 1236
F40 1236
F40_1 1236
F40_2 1236
F40_3 1236
F41 1236
F41_1 1236
F41_2 1236
F41_3 1236
F42 1236
F42_1 1236
F42_2 1236
F42_3 1236
F43 1236
F43_1 1236
F43_2 1236
F43_3 1236
F44 1236
F44_1 1236
F44_2 1236
F44_3 1236
F45 1236
F45_1 1236
F45_2 1236
F45_3 1236
F46 1236
F46_1 1236
F46_2 1236
F46_3 1236
Nσ 1236
;

param s :=
N0 0
C1 90
C2 90
C3 90
C4 90
C5 90
C6 90
C7 90
C8 90
C9 90
C10 90
C11 90
C12 90
C13 90
C14 90
C15 90
C16 90
C17 90
C18 90
C19 90
C20 90
C21 90
C22 90
C23 90
C24 90
C25 90
F26 0
F26_1 0
F26_2 0
F26_3 0
F27 0
F27_1 0
F27_2 0
F27_3 0
F28 0
F28_1 0
F28_2 0
F28_3 0
F29 0
F29_1 0
F29_2 0
F29_3 0
F30 0
F30_1 0
F30_2 0
F30_3 0
F31 0
F31_1 0
F31_2 0
F31_3 0
F32 0
F32_1 0
F32_2 0
F32_3 0
F33 0
F33_1 0
F33_2 0
F33_3 0
F34 0
F34_1 0
F34_2 0
F34_3 0
F35 0
F35_1 0
F35_2 0
F35_3 0
F36 0
F36_1 0
F36_2 0
F36_3 0
F37 0
F37_1 0
F37_2 0
F37_3 0
F38 0
F38_1 0
F38_2 0
F38_3 0
F39 0
F39_1 0
F39_2 0
F39_3 0
F40 0
F40_1 0
F40_2 0
F40_3 0
F41 0
F41_1 0
F41_2 0
F41_3 0
F42 0
F42_1 0
F42_2 0
F42_3 0
F43 0
F43_1 0
F43_2 0
F43_3 0
F44 0
F44_1 0
F44_2 0
F44_3 0
F45 0
F45_1 0
F45_2 0
F45_3 0
F46 0
F46_1 0
F46_2 0
F46_3 0
Nσ 0
;

param d : N0 C1 C2 C3 C4 C5 C6 C7 C8 C9 C10 C11 C12 C13 C14 C15 C16 C17 C18 C19 C20 C21 C22 C23 C24 C25 F26 F26_1 F26_2 F26_3 F27 F27_1 F27_2 F27_3 F28 F28_1 F28_2 F28_3 F29 F29_1 F29_2 F29_3 F30 F30_1 F30_2 F30_3 F31 F31_1 F31_2 F31_3 F32 F32_1 F32_2 F32_3 F33 F33_1 F33_2 F33_3 F34 F34_1 F34_2 F34_3 F35 F35_1 F35_2 F35_3 F36 F36_1 F36_2 F36_3 F37 F37_1 F37_2 F37_3 F38 F38_1 F38_2 F38_3 F39 F39_1 F39_2 F39_3 F40 F40_1 F40_2 F40_3 F41 F41_1 F41_2 F41_3 F42 F42_1 F42_2 F42_3 F43 F43_1 F43_2 F43_3 F44 F44_1 F44_2 F44_3 F45 F45_1 F45_2 F45_3 F46 F46_1 F46_2 F46_3 Nσ  :=
N0 0.0000 15.8114 20.6155 15.1327 22.8035 33.3017 50.2892 43.0116 21.5407 45.0000 18.1108 15.1327 24.3516 23.3238 12.2066 35.3553 51.4782 25.0000 36.0555 44.2041 21.2132 19.8494 37.2022 20.6155 38.0789 12.8062 0.0000 0.0000 0.0000 0.0000 33.0606 33.0606 33.0606 33.0606 50.2494 50.2494 50.2494 50.2494 32.6497 32.6497 32.6497 32.6497 48.6004 48.6004 48.6004 48.6004 31.0483 31.0483 31.0483 31.0483 46.0109 46.0109 46.0109 46.0109 34.4819 34.4819 34.4819 34.4819 48.8365 48.8365 48.8365 48.8365 23.4094 23.4094 23.4094 23.4094 39.4588 39.4588 39.4588 39.4588 33.0151 33.0151 33.0151 33.0151 46.5725 46.5725 46.5725 46.5725 19.1050 19.1050 19.1050 19.1050 38.8973 38.8973 38.8973 38.8973 19.0263 19.0263 19.0263 19.0263 39.8121 39.8121 39.8121 39.8121 38.0789 38.0789 38.0789 38.0789 42.6380 42.6380 42.6380 42.6380 38.4708 38.4708 38.4708 38.4708 50.3587 50.3587 50.3587 50.3587 0.0000
C1 15.8114 0.0000 26.9258 3.0000 38.0789 28.7924 52.4309 28.2843 35.1283 60.2080 7.6158 23.8537 19.3132 38.9102 25.0799 44.7214 56.5685 40.3113 21.2132 29.7321 36.0555 31.0483 22.6716 5.0000 28.2843 25.1794 15.8114 15.8114 15.8114 15.8114 30.8707 30.8707 30.8707 30.8707 46.0977 46.0977 46.0977 46.0977 17.2047 17.2047 17.2047 17.2047 33.9411 33.9411 33.9411 33.9411 19.8494 19.8494 19.8494 19.8494 31.5753 31.5753 31.5753 31.5753 26.6271 26.6271 26.6271 26.6271 44.7772 44.7772 44.7772 44.7772 27.8927 27.8927 27.8927 27.8927 44.9110 44.9110 44.9110 44.9110 46.6905 46.6905 46.6905 46.6905 56.8243 56.8243 56.8243 56.8243 33.8378 33.8378 33.8378 33.8378 54.7083 54.7083 54.7083 54.7083 34.5254 34.5254 34.5254 34.5254 54.0833 54.0833 54.0833 54.0833 50.0000 50.0000 50.0000 50.0000 50.4777 50.4777 50.4777 50.4777 43.9318 43.9318 43.9318 43.9318 49.6588 49.6588 49.6588 49.6588 15.8114
C2 20.6155 26.9258 0.0000 24.1661 23.7697 20.0998 70.8802 54.0833 37.5366 53.8516 22.2036 5.8310 43.1045 26.2488 30.8869 18.0278 71.5891 25.4951 47.1699 55.7584 20.6155 38.5876 48.8774 29.1548 30.4138 31.7648 20.6155 20.6155 20.6155 20.6155 53.0848 53.0848 53.0848 53.0848 70.0000 70.0000 70.0000 70.0000 42.4382 42.4382 42.4382 42.4382 59.6406 59.6406 59.6406 59.6406 27.7308 27.7308 27.7308 27.7308 45.1885 45.1885 45.1885 45.1885 25.1794 25.1794 25.1794 25.1794 32.2490 32.2490 32.2490 32.2490 3.6056 3.6056 3.6056 3.6056 19.0263 19.0263 19.0263 19.0263 25.0000 25.0000 25.0000 25.0000 30.2324 30.2324 30.2324 30.2324 18.9737 18.9737 18.9737 18.9737 42.7551 42.7551 42.7551 42.7551 30.6105 30.6105 30.6105 30.6105 52.1536 52.1536 52.1536 52.1536 54.4518 54.4518 54.4518 54.4518 61.9112 61.9112 61.9112 61.9112 58.6941 58.6941 58.6941 58.6941 70.8590 70.8590 70.8590 70.8590 20.6155
C3 15.1327 3.0000 24.1661 0.0000 36.6742 26.0000 54.9181 30.4795 35.5106 60.0333 5.0000 21.4009 22.1359 37.6962 25.4951 42.0595 58.7282 38.9102 23.4307 32.0156 34.4819 31.9531 25.0000 5.8310 26.2488 25.7099 15.1327 15.1327 15.1327 15.1327 33.6155 33.6155 33.6155 33.6155 49.0306 49.0306 49.0306 49.0306 19.1050 19.1050 19.1050 19.1050 36.1248 36.1248 36.1248 36.1248 18.0278 18.0278 18.0278 18.0278 31.1448 31.1448 31.1448 31.1448 24.2074 24.2074 24.2074 24.2074 42.0476 42.0476 42.0476 42.0476 25.0000 25.0000 25.0000 25.0000 41.9762 41.9762 41.9762 41.9762 44.6878 44.6878 44.6878 44.6878 54.2033 54.2033 54.2033 54.2033 32.2490 32.2490 32.2490 32.2490 53.8516 53.8516 53.8516 53.8516 34.1321 34.1321 34.1321 34.1321 54.3323 54.3323 54.3323 54.3323 50.9215 50.9215 50.9215 50.9215 52.2015 52.2015 52.2015 52.2015 45.9674 45.9674 45.9674 45.9674 52.3927 52.3927 52.3927 52.3927 15.1327
C4 22.8035 38.0789 23.7697 36.6742 0.0000 43.7379 62.0725 65.8027 22.0907 30.4138 37.9473 20.0250 45.2217 2.8284 22.4722 24.6982 59.4138 2.2361 58.8218 67.0075 3.1623 27.1662 60.0000 42.4853 53.0094 23.4094 22.8035 22.8035 22.8035 22.8035 51.0784 51.0784 51.0784 51.0784 68.0074 68.0074 68.0074 68.0074 55.2268 55.2268 55.2268 55.2268 71.4003 71.4003 71.4003 71.4003 48.3735 48.3735 48.3735 48.3735 65.3070 65.3070 65.3070 65.3070 48.0937 48.0937 48.0937 48.0937 55.5428 55.5428 55.5428 55.5428 27.2029 27.2029 27.2029 27.2029 34.6554 34.6554 34.6554 34.6554 13.0384 13.0384 13.0384 13.0384 31.5753 31.5753 31.5753 31.5753 5.0000 5.0000 5.0000 5.0000 19.1050 19.1050 19.1050 19.1050 13.0384 13.0384 13.0384 13.0384 30.4138 30.4138 30.4138 30.4138 36.2491 36.2491 36.2491 36.2491 47.8539 47.8539 47.8539 47.8539 48.0000 48.0000 48.0000 48.0000 65.1153 65.1153 65.1153 65.1153 22.8035
C5 33.3017 28.7924 20.0998 26.0000 43.7379 0.0000 80.6226 48.0521 54.0833 73.3757 21.1896 24.0416 48.1041 46.0977 45.4533 32.6956 83.6002 45.5412 42.2966 50.0100 40.6079 53.1507 44.2832 27.4591 12.2066 46.0977 33.3017 33.3017 33.3017 33.3017 59.6154 59.6154 59.6154 59.6154 74.7262 74.7262 74.7262 74.7262 37.2156 37.2156 37.2156 37.2156 52.8867 52.8867 52.8867 52.8867 14.8661 14.8661 14.8661 14.8661 29.6985 29.6985 29.6985 29.6985 7.0711 7.0711 7.0711 7.0711 16.1245 16.1245 16.1245 16.1245 17.0000 17.0000 17.0000 17.0000 25.4951 25.4951 25.4951 25.4951 44.2832 44.2832 44.2832 44.2832 43.5660 43.5660 43.5660 43.5660 38.8330 38.8330 38.8330 38.8330 62.8013 62.8013 62.8013 62.8013 48.7545 48.7545 48.7545 48.7545 70.6824 70.6824 70.6824 70.6824 71.0282 71.0282 71.0282 71.0282 75.6902 75.6902 75.6902 75.6902 70.6045 70.6045 70.6045 70.6045 78.3901 78.3901 78.3901 78.3901 33.3017
C6 50.2892 52.4309 70.8802 54.9181 62.0725 80.6226 0.0000 55.0364 40.3113 56.6039 59.9083 65.2534 33.9706 60.2080 41.3038 83.6002 10.4403 63.1981 53.0000 54.2310 63.0000 35.0000 51.9711 55.4437 80.4301 40.3113 50.2892 50.2892 50.2892 50.2892 22.6716 22.6716 22.6716 22.6716 20.0998 20.0998 20.0998 20.0998 55.0000 55.0000 55.0000 55.0000 57.2451 57.2451 57.2451 57.2451 71.8401 71.8401 71.8401 71.8401 78.2432 78.2432 78.2432 78.2432 79.0569 79.0569 79.0569 79.0569 96.7471 96.7471 96.7471 96.7471 73.6817 73.6817 73.6817 73.6817 89.4986 89.4986 89.4986 89.4986 75.1066 75.1066 75.1066 75.1066 93.0484 93.0484 93.0484 93.0484 62.0322 62.0322 62.0322 62.0322 63.9062 63.9062 63.9062 63.9062 49.1630 49.1630 49.1630 49.1630 46.6476 46.6476 46.6476 46.6476 34.1321 34.1321 34.1321 34.1321 19.2094 19.2094 19.2094 19.2094 14.3178 14.3178 14.3178 14.3178 9.2195 9.2195 9.2195 9.2195 50.2892
C7 43.0116 28.2843 54.0833 30.4795 65.8027 48.0521 55.0364 0.0000 57.5674 83.8153 31.9061 51.8556 27.0740 66.2873 48.4665 72.1110 63.2456 68.0074 7.0711 2.0000 64.0312 51.4198 5.8310 25.0000 40.0000 48.1041 43.0116 43.0116 43.0116 43.0116 33.9559 33.9559 33.9559 33.9559 39.0512 39.0512 39.0512 39.0512 11.6619 11.6619 11.6619 11.6619 5.6569 5.6569 5.6569 5.6569 33.3766 33.3766 33.3766 33.3766 28.2312 28.2312 28.2312 28.2312 42.2966 42.2966 42.2966 42.2966 61.0328 61.0328 61.0328 61.0328 54.2033 54.2033 54.2033 54.2033 70.2638 70.2638 70.2638 70.2638 74.9667 74.9667 74.9667 74.9667 84.3149 84.3149 84.3149 84.3149 61.8466 61.8466 61.8466 61.8466 80.9506 80.9506 80.9506 80.9506 59.9333 59.9333 59.9333 59.9333 75.9276 75.9276 75.9276 75.9276 68.2642 68.2642 68.2642 68.2642 62.5140 62.5140 62.5140 62.5140 53.7587 53.7587 53.7587 53.7587 48.0208 48.0208 48.0208 48.0208 43.0116
C8 21.5407 35.1283 37.5366 35.5106 22.0907 54.0833 40.3113 57.5674 0.0000 26.2488 39.2938 31.8277 31.7648 20.0000 10.0499 45.5412 37.3363 23.0000 51.4198 58.1893 23.5372 7.0711 51.9230 40.1123 59.6154 10.0000 21.5407 21.5407 21.5407 21.5407 33.3017 33.3017 33.3017 33.3017 48.8774 48.8774 48.8774 48.8774 49.4975 49.4975 49.4975 49.4975 62.6259 62.6259 62.6259 62.6259 52.4976 52.4976 52.4976 52.4976 66.6108 66.6108 66.6108 66.6108 55.9017 55.9017 55.9017 55.9017 68.8840 68.8840 68.8840 68.8840 41.0366 41.0366 41.0366 41.0366 53.7122 53.7122 53.7122 53.7122 35.0143 35.0143 35.0143 35.0143 53.6004 53.6004 53.6004 53.6004 23.0868 23.0868 23.0868 23.0868 26.2488 26.2488 26.2488 26.2488 9.0554 9.0554 9.0554 9.0554 19.0000 19.0000 19.0000 19.0000 17.0294 17.0294 17.0294 17.0294 25.9615 25.9615 25.9615 25.9615 26.0768 26.0768 26.0768 26.0768 44.2719 44.2719 44.2719 44.2719 21.5407
C9 45.0000 60.2080 53.8516 60.0333 30.4138 73.3757 56.6039 83.8153 26.2488 0.0000 63.0317 49.3356 57.7754 27.7308 35.6931 53.1507 49.2443 29.1548 77.6209 84.4334 33.5410 32.6956 78.1601 65.1920 81.3941 35.9026 45.0000 45.0000 45.0000 45.0000 57.4282 57.4282 57.4282 57.4282 70.7107 70.7107 70.7107 70.7107 75.5050 75.5050 75.5050 75.5050 88.8651 88.8651 88.8651 88.8651 75.4255 75.4255 75.4255 75.4255 91.0055 91.0055 91.0055 91.0055 76.9025 76.9025 76.9025 76.9025 85.9069 85.9069 85.9069 85.9069 57.3847 57.3847 57.3847 57.3847 64.2028 64.2028 64.2028 64.2028 37.4833 37.4833 37.4833 37.4833 55.8032 55.8032 55.8032 55.8032 34.9285 34.9285 34.9285 34.9285 14.4222 14.4222 14.4222 14.4222 26.0192 26.0192 26.0192 26.0192 10.0000 10.0000 10.0000 10.0000 22.4722 22.4722 22.4722 22.4722 37.5899 37.5899 37.5899 37.5899 43.4166 43.4166 43.4166 43.4166 63.4114 63.4114 63.4114 63.4114 45.0000
C10 18.1108 7.6158 22.2036 5.0000 37.9473 21.1896 59.9083 31.9061 39.2938 63.0317 0.0000 20.6155 26.9258 39.2938 29.4109 40.2244 63.7024 40.1622 25.0599 33.6155 35.4683 36.2491 26.8328 7.2801 21.4009 29.7321 18.1108 18.1108 18.1108 18.1108 38.4838 38.4838 38.4838 38.4838 53.6004 53.6004 53.6004 53.6004 20.2485 20.2485 20.2485 20.2485 37.4433 37.4433 37.4433 37.4433 13.4164 13.4164 13.4164 13.4164 28.0179 28.0179 28.0179 28.0179 19.2094 19.2094 19.2094 19.2094 37.1618 37.1618 37.1618 37.1618 22.3607 22.3607 22.3607 22.3607 38.8973 38.8973 38.8973 38.8973 44.6542 44.6542 44.6542 44.6542 52.4309 52.4309 52.4309 52.4309 33.2415 33.2415 33.2415 33.2415 55.9017 55.9017 55.9017 55.9017 37.0135 37.0135 37.0135 37.0135 57.8705 57.8705 57.8705 57.8705 55.1543 55.1543 55.1543 55.1543 57.0088 57.0088 57.0088 57.0088 50.9117 50.9117 50.9117 50.9117 57.2713 57.2713 57.2713 57.2713 18.1108
C11 15.1327 23.8537 5.8310 21.4009 20.0250 24.0416 65.2534 51.8556 31.8277 49.3356 20.6155 0.0000 38.4708 22.2036 25.0599 21.1896 65.7951 22.0000 44.8219 53.4135 17.0000 32.7567 46.4004 26.9072 33.0000 25.9422 15.1327 15.1327 15.1327 15.1327 48.0000 48.0000 48.0000 48.0000 65.0692 65.0692 65.0692 65.0692 40.3609 40.3609 40.3609 40.3609 57.4891 57.4891 57.4891 57.4891 28.8617 28.8617 28.8617 28.8617 46.1736 46.1736 46.1736 46.1736 28.0713 28.0713 28.0713 28.0713 37.4433 37.4433 37.4433 37.4433 9.2195 9.2195 9.2195 9.2195 24.3311 24.3311 24.3311 24.3311 24.1868 24.1868 24.1868 24.1868 33.1059 33.1059 33.1059 33.1059 15.0333 15.0333 15.0333 15.0333 39.1152 39.1152 39.1152 39.1152 25.2389 25.2389 25.2389 25.2389 47.0106 47.0106 47.0106 47.0106 48.7955 48.7955 48.7955 48.7955 56.0803 56.0803 56.0803 56.0803 52.9245 52.9245 52.9245 52.9245 65.4905 65.4905 65.4905 65.4905 15.1327
C12 24.3516 19.3132 43.1045 22.1359 45.2217 48.1041 33.9706 27.0740 31.7648 57.7754 26.9258 38.4708 0.0000 44.8219 24.0832 59.4390 39.6611 47.2017 22.2036 27.2947 44.4185 25.0799 22.0227 21.6333 46.6154 23.4307 24.3516 24.3516 24.3516 24.3516 11.6619 11.6619 11.6619 11.6619 27.1662 27.1662 27.1662 27.1662 22.4722 22.4722 22.4722 22.4722 31.5753 31.5753 31.5753 31.5753 38.0132 38.0132 38.0132 38.0132 44.9444 44.9444 44.9444 44.9444 45.6508 45.6508 45.6508 45.6508 64.0781 64.0781 64.0781 64.0781 45.0000 45.0000 45.0000 45.0000 62.0322 62.0322 62.0322 62.0322 56.8243 56.8243 56.8243 56.8243 70.8802 70.8802 70.8802 70.8802 42.5441 42.5441 42.5441 42.5441 57.0088 57.0088 57.0088 57.0088 36.1248 36.1248 36.1248 36.1248 49.3356 49.3356 49.3356 49.3356 41.1947 41.1947 41.1947 41.1947 36.4005 36.4005 36.4005 36.4005 28.2312 28.2312 28.2312 28.2312 30.4138 30.4138 30.4138 30.4138 24.3516
C13 23.3238 38.9102 26.2488 37.6962 2.8284 46.0977 60.2080 66.2873 20.0000 27.7308 39.2938 22.2036 44.8219 0.0000 21.4709 27.4591 57.2189 3.0000 59.3633 67.4240 5.8310 25.4951 60.4649 43.4626 55.0818 22.3607 23.3238 23.3238 23.3238 23.3238 50.0899 50.0899 50.0899 50.0899 66.8506 66.8506 66.8506 66.8506 55.9464 55.9464 55.9464 55.9464 71.8471 71.8471 71.8471 71.8471 50.1597 50.1597 50.1597 50.1597 66.9104 66.9104 66.9104 66.9104 50.2494 50.2494 50.2494 50.2494 58.1808 58.1808 58.1808 58.1808 29.7321 29.7321 29.7321 29.7321 37.4833 37.4833 37.4833 37.4833 15.0333 15.0333 15.0333 15.0333 33.9559 33.9559 33.9559 33.9559 7.2801 7.2801 7.2801 7.2801 17.0000 17.0000 17.0000 17.0000 11.0454 11.0454 11.0454 11.0454 27.5862 27.5862 27.5862 27.5862 33.6155 33.6155 33.6155 33.6155 45.5412 45.5412 45.5412 45.5412 46.0435 46.0435 46.0435 46.0435 63.5610 63.5610 63.5610 63.5610 23.3238
C14 12.2066 25.0799 30.8869 25.4951 22.4722 45.4533 41.3038 48.4665 10.0499 35.6931 29.4109 25.0599 24.0832 21.4709 0.0000 42.2966 40.8534 24.1661 42.0595 49.2443 22.5610 7.8102 42.7200 30.0666 50.0899 1.0000 12.2066 12.2066 12.2066 12.2066 28.6356 28.6356 28.6356 28.6356 45.5412 45.5412 45.5412 45.5412 39.8121 39.8121 39.8121 39.8121 53.7122 53.7122 53.7122 53.7122 42.7200 42.7200 42.7200 42.7200 56.5685 56.5685 56.5685 56.5685 46.6476 46.6476 46.6476 46.6476 60.8112 60.8112 60.8112 60.8112 34.1321 34.1321 34.1321 34.1321 48.7032 48.7032 48.7032 48.7032 35.1710 35.1710 35.1710 35.1710 52.0384 52.0384 52.0384 52.0384 21.2132 21.2132 21.2132 21.2132 33.0151 33.0151 33.0151 33.0151 12.0416 12.0416 12.0416 12.0416 29.0172 29.0172 29.0172 29.0172 25.9422 25.9422 25.9422 25.9422 31.0644 31.0644 31.0644 31.0644 28.1603 28.1603 28.1603 28.1603 43.1856 43.1856 43.1856 43.1856 12.2066
C15 35.3553 44.7214 18.0278 42.0595 24.6982 32.6956 83.6002 72.1110 45.5412 53.1507 40.2244 21.1896 59.4390 27.4591 42.2966 0.0000 82.4621 25.0000 65.1920 73.7835 22.3607 49.0306 66.8880 47.1699 44.7214 43.2897 35.3553 35.3553 35.3553 35.3553 68.3593 68.3593 68.3593 68.3593 85.5862 85.5862 85.5862 85.5862 60.4649 60.4649 60.4649 60.4649 77.6660 77.6660 77.6660 77.6660 44.2041 44.2041 44.2041 44.2041 61.2944 61.2944 61.2944 61.2944 39.3573 39.3573 39.3573 39.3573 38.0132 38.0132 38.0132 38.0132 18.3848 18.3848 18.3848 18.3848 11.7047 11.7047 11.7047 11.7047 16.1245 16.1245 16.1245 16.1245 12.2066 12.2066 12.2066 12.2066 22.4722 22.4722 22.4722 22.4722 39.4081 39.4081 39.4081 39.4081 36.7696 36.7696 36.7696 36.7696 54.8179 54.8179 54.8179 54.8179 60.8276 60.8276 60.8276 60.8276 71.4703 71.4703 71.4703 71.4703 70.2140 70.2140 70.2140 70.2140 85.0059 85.0059 85.0059 85.0059 35.3553
C16 51.4782 56.5685 71.5891 58.7282 59.4138 83.6002 10.4403 63.2456 37.3363 49.2443 63.7024 65.7951 39.6611 57.2189 40.8534 82.4621 0.0000 60.2080 60.4152 62.6418 60.8276 33.5261 59.6154 60.2080 84.8528 39.9249 51.4782 51.4782 51.4782 51.4782 29.5466 29.5466 29.5466 29.5466 30.4138 30.4138 30.4138 30.4138 61.7738 61.7738 61.7738 61.7738 65.9697 65.9697 65.9697 65.9697 76.3806 76.3806 76.3806 76.3806 84.5991 84.5991 84.5991 84.5991 82.8794 82.8794 82.8794 82.8794 99.6243 99.6243 99.6243 99.6243 74.6860 74.6860 74.6860 74.6860 89.5377 89.5377 89.5377 89.5377 72.2496 72.2496 72.2496 72.2496 90.9340 90.9340 90.9340 90.9340 60.2080 60.2080 60.2080 60.2080 58.2495 58.2495 58.2495 58.2495 46.3897 46.3897 46.3897 46.3897 39.5601 39.5601 39.5601 39.5601 27.2029 27.2029 27.2029 27.2029 12.1655 12.1655 12.1655 12.1655 13.0384 13.0384 13.0384 13.0384 19.6469 19.6469 19.6469 19.6469 51.4782
C17 25.0000 40.3113 25.4951 38.9102 2.2361 45.5412 63.1981 68.0074 23.0000 29.1548 40.1622 22.0000 47.2017 3.0000 24.1661 25.0000 60.2080 0.0000 61.0328 69.2026 5.0000 28.4429 62.2013 44.7214 55.0000 25.0799 25.0000 25.0000 25.0000 25.0000 52.8015 52.8015 52.8015 52.8015 69.6419 69.6419 69.6419 69.6419 57.4543 57.4543 57.4543 57.4543 73.6003 73.6003 73.6003 73.6003 50.4876 50.4876 50.4876 50.4876 67.4685 67.4685 67.4685 67.4685 50.0400 50.0400 50.0400 50.0400 57.0088 57.0088 57.0088 57.0088 28.8617 28.8617 28.8617 28.8617 35.3836 35.3836 35.3836 35.3836 12.0416 12.0416 12.0416 12.0416 31.0483 31.0483 31.0483 31.0483 7.0711 7.0711 7.0711 7.0711 17.2627 17.2627 17.2627 17.2627 14.0357 14.0357 14.0357 14.0357 29.8329 29.8329 29.8329 29.8329 36.4005 36.4005 36.4005 36.4005 48.5077 48.5077 48.5077 48.5077 49.0408 49.0408 49.0408 49.0408 66.4906 66.4906 66.4906 66.4906 25.0000
C18 36.0555 21.2132 47.1699 23.4307 58.8218 42.2966 53.0000 7.0711 51.4198 77.6209 25.0599 44.8219 22.2036 59.3633 42.0595 65.1920 60.4152 61.0328 0.0000 8.6023 57.0088 45.5412 2.0000 18.0278 35.3553 41.7612 36.0555 36.0555 36.0555 36.0555 30.8707 30.8707 30.8707 30.8707 39.0512 39.0512 39.0512 39.0512 5.0990 5.0990 5.0990 5.0990 12.7279 12.7279 12.7279 12.7279 28.0000 28.0000 28.0000 28.0000 26.4008 26.4008 26.4008 26.4008 37.0000 37.0000 37.0000 37.0000 56.0803 56.0803 56.0803 56.0803 47.4131 47.4131 47.4131 47.4131 63.6946 63.6946 63.6946 63.6946 67.8970 67.8970 67.8970 67.8970 77.3886 77.3886 77.3886 77.3886 54.8179 54.8179 54.8179 54.8179 74.2496 74.2496 74.2496 74.2496 53.3104 53.3104 53.3104 53.3104 70.0357 70.0357 70.0357 70.0357 63.0079 63.0079 63.0079 63.0079 58.4637 58.4637 58.4637 58.4637 50.0000 50.0000 50.0000 50.0000 46.8615 46.8615 46.8615 46.8615 36.0555
C19 44.2041 29.7321 55.7584 32.0156 67.0075 50.0100 54.2310 2.0000 58.1893 84.4334 33.6155 53.4135 27.2947 67.4240 49.2443 73.7835 62.6418 69.2026 8.6023 0.0000 65.2993 51.9230 7.0711 26.6271 42.0000 48.8467 44.2041 44.2041 44.2041 44.2041 33.5410 33.5410 33.5410 33.5410 37.8021 37.8021 37.8021 37.8021 13.4164 13.4164 13.4164 13.4164 4.4721 4.4721 4.4721 4.4721 35.3553 35.3553 35.3553 35.3553 30.0832 30.0832 30.0832 30.0832 44.2832 44.2832 44.2832 44.2832 63.0317 63.0317 63.0317 63.0317 55.9464 55.9464 55.9464 55.9464 72.0902 72.0902 72.0902 72.0902 76.3675 76.3675 76.3675 76.3675 85.9826 85.9826 85.9826 85.9826 63.1269 63.1269 63.1269 63.1269 81.8841 81.8841 81.8841 81.8841 60.8276 60.8276 60.8276 60.8276 76.4003 76.4003 76.4003 76.4003 68.4690 68.4690 68.4690 68.4690 62.2896 62.2896 62.2896 62.2896 53.4603 53.4603 53.4603 53.4603 47.0106 47.0106 47.0106 47.0106 44.2041
C20 21.2132 36.0555 20.6155 34.4819 3.1623 40.6079 63.0000 64.0312 23.5372 33.5410 35.4683 17.0000 44.4185 5.8310 22.5610 22.3607 60.8276 5.0000 57.0088 65.2993 0.0000 28.0000 58.2580 40.3113 50.0000 23.5372 21.2132 21.2132 21.2132 21.2132 50.9215 50.9215 50.9215 50.9215 68.0074 68.0074 68.0074 68.0074 53.2541 53.2541 53.2541 53.2541 69.6563 69.6563 69.6563 69.6563 45.5412 45.5412 45.5412 45.5412 62.5859 62.5859 62.5859 62.5859 45.0444 45.0444 45.0444 45.0444 52.3927 52.3927 52.3927 52.3927 24.0416 24.0416 24.0416 24.0416 31.8904 31.8904 31.8904 31.8904 12.6491 12.6491 12.6491 12.6491 30.1496 30.1496 30.1496 30.1496 2.2361 2.2361 2.2361 2.2361 22.2036 22.2036 22.2036 22.2036 14.5602 14.5602 14.5602 14.5602 33.2415 33.2415 33.2415 33.2415 38.4708 38.4708 38.4708 38.4708 49.4773 49.4773 49.4773 49.4773 49.0918 49.0918 49.0918 49.0918 65.6201 65.6201 65.6201 65.6201 21.2132
C21 19.8494 31.0483 38.5876 31.9531 27.1662 53.1507 35.0000 51.4198 7.0711 32.6956 36.2491 32.7567 25.0799 25.4951 7.8102 49.0306 33.5261 28.4429 45.5412 51.9230 28.0000 0.0000 45.8912 35.9026 57.3062 7.0711 19.8494 19.8494 19.8494 19.8494 26.2488 26.2488 26.2488 26.2488 42.0595 42.0595 42.0595 42.0595 44.0454 44.0454 44.0454 44.0454 56.3205 56.3205 56.3205 56.3205 49.6588 49.6588 49.6588 49.6588 62.5859 62.5859 62.5859 62.5859 54.0833 54.0833 54.0833 54.0833 68.5930 68.5930 68.5930 68.5930 41.8808 41.8808 41.8808 41.8808 56.0803 56.0803 56.0803 56.0803 40.1995 40.1995 40.1995 40.1995 58.0775 58.0775 58.0775 58.0775 27.0740 27.0740 27.0740 27.0740 33.3017 33.3017 33.3017 33.3017 14.5602 14.5602 14.5602 14.5602 24.5153 24.5153 24.5153 24.5153 18.9737 18.9737 18.9737 18.9737 23.3238 23.3238 23.3238 23.3238 21.2132 21.2132 21.2132 21.2132 38.0789 38.0789 38.0789 38.0789 19.8494
C22 37.2022 22.6716 48.8774 25.0000 60.0000 44.2832 51.9711 5.8310 51.9230 78.1601 26.8328 46.4004 22.0227 60.4649 42.7200 66.8880 59.6154 62.2013 2.0000 7.0711 58.2580 45.8912 0.0000 19.7231 37.3363 42.3792 37.2022 37.2022 37.2022 37.2022 30.0832 30.0832 30.0832 30.0832 37.5366 37.5366 37.5366 37.5366 7.0711 7.0711 7.0711 7.0711 11.4018 11.4018 11.4018 11.4018 30.0000 30.0000 30.0000 30.0000 28.0179 28.0179 28.0179 28.0179 39.0000 39.0000 39.0000 39.0000 58.0775 58.0775 58.0775 58.0775 49.1935 49.1935 49.1935 49.1935 65.5515 65.5515 65.5515 65.5515 69.2965 69.2965 69.2965 69.2965 79.0759 79.0759 79.0759 79.0759 56.0803 56.0803 56.0803 56.0803 75.1332 75.1332 75.1332 75.1332 54.1295 54.1295 54.1295 54.1295 70.4060 70.4060 70.4060 70.4060 63.0714 63.0714 63.0714 63.0714 58.0517 58.0517 58.0517 58.0517 49.4773 49.4773 49.4773 49.4773 45.6070 45.6070 45.6070 45.6070 37.2022
C23 20.6155 5.0000 29.1548 5.8310 42.4853 27.4591 55.4437 25.0000 40.1123 65.1920 7.2801 26.9072 21.6333 43.4626 30.0666 47.1699 60.2080 44.7214 18.0278 26.6271 40.3113 35.9026 19.7231 0.0000 25.0000 30.1496 20.6155 20.6155 20.6155 20.6155 33.2866 33.2866 33.2866 33.2866 47.4342 47.4342 47.4342 47.4342 13.4536 13.4536 13.4536 13.4536 30.6105 30.6105 30.6105 30.6105 16.4012 16.4012 16.4012 16.4012 26.6833 26.6833 26.6833 26.6833 24.1661 24.1661 24.1661 24.1661 43.0116 43.0116 43.0116 43.0116 29.5466 29.5466 29.5466 29.5466 46.1736 46.1736 46.1736 46.1736 50.4480 50.4480 50.4480 50.4480 59.3633 59.3633 59.3633 59.3633 38.0789 38.0789 38.0789 38.0789 59.4811 59.4811 59.4811 59.4811 39.4588 39.4588 39.4588 39.4588 59.0762 59.0762 59.0762 59.0762 54.8179 54.8179 54.8179 54.8179 54.7083 54.7083 54.7083 54.7083 47.8017 47.8017 47.8017 47.8017 51.9711 51.9711 51.9711 51.9711 20.6155
C24 38.0789 28.2843 30.4138 26.2488 53.0094 12.2066 80.4301 40.0000 59.6154 81.3941 21.4009 33.0000 46.6154 55.0818 50.0899 44.7214 84.8528 55.0000 35.3553 42.0000 50.0000 57.3062 37.3363 25.0000 0.0000 50.5371 38.0789 38.0789 38.0789 38.0789 58.2495 58.2495 58.2495 58.2495 71.5891 71.5891 71.5891 71.5891 30.5941 30.5941 30.5941 30.5941 44.1814 44.1814 44.1814 44.1814 8.6023 8.6023 8.6023 8.6023 17.8045 17.8045 17.8045 17.8045 5.3852 5.3852 5.3852 5.3852 21.0950 21.0950 21.0950 21.0950 27.8927 27.8927 27.8927 27.8927 37.6431 37.6431 37.6431 37.6431 55.3173 55.3173 55.3173 55.3173 55.7584 55.7584 55.7584 55.7584 48.0104 48.0104 48.0104 48.0104 72.0625 72.0625 72.0625 72.0625 55.7853 55.7853 55.7853 55.7853 77.4919 77.4919 77.4919 77.4919 76.0263 76.0263 76.0263 76.0263 78.4092 78.4092 78.4092 78.4092 72.1803 72.1803 72.1803 72.1803 76.8505 76.8505 76.8505 76.8505 38.0789
C25 12.8062 25.1794 31.7648 25.7099 23.4094 46.0977 40.3113 48.1041 10.0000 35.9026 29.7321 25.9422 23.4307 22.3607 1.0000 43.2897 39.9249 25.0799 41.7612 48.8467 23.5372 7.0711 42.3792 30.1496 50.5371 0.0000 12.8062 12.8062 12.8062 12.8062 27.7308 27.7308 27.7308 27.7308 44.5982 44.5982 44.5982 44.5982 39.6232 39.6232 39.6232 39.6232 53.3104 53.3104 53.3104 53.3104 43.0813 43.0813 43.0813 43.0813 56.7186 56.7186 56.7186 56.7186 47.1699 47.1699 47.1699 47.1699 61.5224 61.5224 61.5224 61.5224 34.9857 34.9857 34.9857 34.9857 49.6488 49.6488 49.6488 49.6488 36.1386 36.1386 36.1386 36.1386 53.0377 53.0377 53.0377 53.0377 22.2036 22.2036 22.2036 22.2036 33.6006 33.6006 33.6006 33.6006 12.7279 12.7279 12.7279 12.7279 29.0000 29.0000 29.0000 29.0000 25.4951 25.4951 25.4951 25.4951 30.2324 30.2324 30.2324 30.2324 27.2029 27.2029 27.2029 27.2029 42.1900 42.1900 42.1900 42.1900 12.8062
F26 0.0000 15.8114 20.6155 15.1327 22.8035 33.3017 50.2892 43.0116 21.5407 45.0000 18.1108 15.1327 24.3516 23.3238 12.2066 35.3553 51.4782 25.0000 36.0555 44.2041 21.2132 19.8494 37.2022 20.6155 38.0789 12.8062 0.0000 0.0000 0.0000 0.0000 33.0606 33.0606 33.0606 33.0606 50.2494 50.2494 50.2494 50.2494 32.6497 32.6497 32.6497 32.6497 48.6004 48.6004 48.6004 48.6004 31.0483 31.0483 31.0483 31.0483 46.0109 46.0109 46.0109 46.0109 34.4819 34.4819 34.4819 34.4819 48.8365 48.8365 48.8365 48.8365 23.4094 23.4094 23.4094 23.4094 39.4588 39.4588 39.4588 39.4588 33.0151 33.0151 33.0151 33.0151 46.5725 46.5725 46.5725 46.5725 19.1050 19.1050 19.1050 19.1050 38.8973 38.8973 38.8973 38.8973 19.0263 19.0263 19.0263 19.0263 39.8121 39.8121 39.8121 39.8121 38.0789 38.0789 38.0789 38.0789 42.6380 42.6380 42.6380 42.6380 38.4708 38.4708 38.4708 38.4708 50.3587 50.3587 50.3587 50.3587 0.0000
F26_1 0.0000 15.8114 20.6155 15.1327 22.8035 33.3017 50.2892 43.0116 21.5407 45.0000 18.1108 15.1327 24.3516 23.3238 12.2066 35.3553 51.4782 25.0000 36.0555 44.2041 21.2132 19.8494 37.2022 20.6155 38.0789 12.8062 0.0000 0.0000 0.0000 0.0000 33.0606 33.0606 33.0606 33.0606 50.2494 50.2494 50.2494 50.2494 32.6497 32.6497 32.6497 32.6497 48.6004 48.6004 48.6004 48.6004 31.0483 31.0483 31.0483 31.0483 46.0109 46.0109 46.0109 46.0109 34.4819 34.4819 34.4819 34.4819 48.8365 48.8365 48.8365 48.8365 23.4094 23.4094 23.4094 23.4094 39.4588 39.4588 39.4588 39.4588 33.0151 33.0151 33.0151 33.0151 46.5725 46.5725 46.5725 46.5725 19.1050 19.1050 19.1050 19.1050 38.8973 38.8973 38.8973 38.8973 19.0263 19.0263 19.0263 19.0263 39.8121 39.8121 39.8121 39.8121 38.0789 38.0789 38.0789 38.0789 42.6380 42.6380 42.6380 42.6380 38.4708 38.4708 38.4708 38.4708 50.3587 50.3587 50.3587 50.3587 0.0000
F26_2 0.0000 15.8114 20.6155 15.1327 22.8035 33.3017 50.2892 43.0116 21.5407 45.0000 18.1108 15.1327 24.3516 23.3238 12.2066 35.3553 51.4782 25.0000 36.0555 44.2041 21.2132 19.8494 37.2022 20.6155 38.0789 12.8062 0.0000 0.0000 0.0000 0.0000 33.0606 33.0606 33.0606 33.0606 50.2494 50.2494 50.2494 50.2494 32.6497 32.6497 32.6497 32.6497 48.6004 48.6004 48.6004 48.6004 31.0483 31.0483 31.0483 31.0483 46.0109 46.0109 46.0109 46.0109 34.4819 34.4819 34.4819 34.4819 48.8365 48.8365 48.8365 48.8365 23.4094 23.4094 23.4094 23.4094 39.4588 39.4588 39.4588 39.4588 33.0151 33.0151 33.0151 33.0151 46.5725 46.5725 46.5725 46.5725 19.1050 19.1050 19.1050 19.1050 38.8973 38.8973 38.8973 38.8973 19.0263 19.0263 19.0263 19.0263 39.8121 39.8121 39.8121 39.8121 38.0789 38.0789 38.0789 38.0789 42.6380 42.6380 42.6380 42.6380 38.4708 38.4708 38.4708 38.4708 50.3587 50.3587 50.3587 50.3587 0.0000
F26_3 0.0000 15.8114 20.6155 15.1327 22.8035 33.3017 50.2892 43.0116 21.5407 45.0000 18.1108 15.1327 24.3516 23.3238 12.2066 35.3553 51.4782 25.0000 36.0555 44.2041 21.2132 19.8494 37.2022 20.6155 38.0789 12.8062 0.0000 0.0000 0.0000 0.0000 33.0606 33.0606 33.0606 33.0606 50.2494 50.2494 50.2494 50.2494 32.6497 32.6497 32.6497 32.6497 48.6004 48.6004 48.6004 48.6004 31.0483 31.0483 31.0483 31.0483 46.0109 46.0109 46.0109 46.0109 34.4819 34.4819 34.4819 34.4819 48.8365 48.8365 48.8365 48.8365 23.4094 23.4094 23.4094 23.4094 39.4588 39.4588 39.4588 39.4588 33.0151 33.0151 33.0151 33.0151 46.5725 46.5725 46.5725 46.5725 19.1050 19.1050 19.1050 19.1050 38.8973 38.8973 38.8973 38.8973 19.0263 19.0263 19.0263 19.0263 39.8121 39.8121 39.8121 39.8121 38.0789 38.0789 38.0789 38.0789 42.6380 42.6380 42.6380 42.6380 38.4708 38.4708 38.4708 38.4708 50.3587 50.3587 50.3587 50.3587 0.0000
F27 33.0606 30.8707 53.0848 33.6155 51.0784 59.6154 22.6716 33.9559 33.3017 57.4282 38.4838 48.0000 11.6619 50.0899 28.6356 68.3593 29.5466 52.8015 30.8707 33.5410 50.9215 26.2488 30.0832 33.2866 58.2495 27.7308 33.0606 33.0606 33.0606 33.0606 0.0000 0.0000 0.0000 0.0000 17.2627 17.2627 17.2627 17.2627 32.4500 32.4500 32.4500 32.4500 37.2156 37.2156 37.2156 37.2156 49.6488 49.6488 49.6488 49.6488 55.6058 55.6058 55.6058 55.6058 57.3062 57.3062 57.3062 57.3062 75.6439 75.6439 75.6439 75.6439 55.3263 55.3263 55.3263 55.3263 72.1110 72.1110 72.1110 72.1110 63.5689 63.5689 63.5689 63.5689 79.2465 79.2465 79.2465 79.2465 49.3356 49.3356 49.3356 49.3356 59.5483 59.5483 59.5483 59.5483 39.9625 39.9625 39.9625 39.9625 48.0208 48.0208 48.0208 48.0208 37.6962 37.6962 37.6962 37.6962 29.0000 29.0000 29.0000 29.0000 20.0250 20.0250 20.0250 20.0250 18.7883 18.7883 18.7883 18.7883 33.0606
F27_1 33.0606 30.8707 53.0848 33.6155 51.0784 59.6154 22.6716 33.9559 33.3017 57.4282 38.4838 48.0000 11.6619 50.0899 28.6356 68.3593 29.5466 52.8015 30.8707 33.5410 50.9215 26.2488 30.0832 33.2866 58.2495 27.7308 33.0606 33.0606 33.0606 33.0606 0.0000 0.0000 0.0000 0.0000 17.2627 17.2627 17.2627 17.2627 32.4500 32.4500 32.4500 32.4500 37.2156 37.2156 37.2156 37.2156 49.6488 49.6488 49.6488 49.6488 55.6058 55.6058 55.6058 55.6058 57.3062 57.3062 57.3062 57.3062 75.6439 75.6439 75.6439 75.6439 55.3263 55.3263 55.3263 55.3263 72.1110 72.1110 72.1110 72.1110 63.5689 63.5689 63.5689 63.5689 79.2465 79.2465 79.2465 79.2465 49.3356 49.3356 49.3356 49.3356 59.5483 59.5483 59.5483 59.5483 39.9625 39.9625 39.9625 39.9625 48.0208 48.0208 48.0208 48.0208 37.6962 37.6962 37.6962 37.6962 29.0000 29.0000 29.0000 29.0000 20.0250 20.0250 20.0250 20.0250 18.7883 18.7883 18.7883 18.7883 33.0606
F27_2 33.0606 30.8707 53.0848 33.6155 51.0784 59.6154 22.6716 33.9559 33.3017 57.4282 38.4838 48.0000 11.6619 50.0899 28.6356 68.3593 29.5466 52.8015 30.8707 33.5410 50.9215 26.2488 30.0832 33.2866 58.2495 27.7308 33.0606 33.0606 33.0606 33.0606 0.0000 0.0000 0.0000 0.0000 17.2627 17.2627 17.2627 17.2627 32.4500 32.4500 32.4500 32.4500 37.2156 37.2156 37.2156 37.2156 49.6488 49.6488 49.6488 49.6488 55.6058 55.6058 55.6058 55.6058 57.3062 57.3062 57.3062 57.3062 75.6439 75.6439 75.6439 75.6439 55.3263 55.3263 55.3263 55.3263 72.1110 72.1110 72.1110 72.1110 63.5689 63.5689 63.5689 63.5689 79.2465 79.2465 79.2465 79.2465 49.3356 49.3356 49.3356 49.3356 59.5483 59.5483 59.5483 59.5483 39.9625 39.9625 39.9625 39.9625 48.0208 48.0208 48.0208 48.0208 37.6962 37.6962 37.6962 37.6962 29.0000 29.0000 29.0000 29.0000 20.0250 20.0250 20.0250 20.0250 18.7883 18.7883 18.7883 18.7883 33.0606
F27_3 33.0606 30.8707 53.0848 33.6155 51.0784 59.6154 22.6716 33.9559 33.3017 57.4282 38.4838 48.0000 11.6619 50.0899 28.6356 68.3593 29.5466 52.8015 30.8707 33.5410 50.9215 26.2488 30.0832 33.2866 58.2495 27.7308 33.0606 33.0606 33.0606 33.0606 0.0000 0.0000 0.0000 0.0000 17.2627 17.2627 17.2627 17.2627 32.4500 32.4500 32.4500 32.4500 37.2156 37.2156 37.2156 37.2156 49.6488 49.6488 49.6488 49.6488 55.6058 55.6058 55.6058 55.6058 57.3062 57.3062 57.3062 57.3062 75.6439 75.6439 75.6439 75.6439 55.3263 55.3263 55.3263 55.3263 72.1110 72.1110 72.1110 72.1110 63.5689 63.5689 63.5689 63.5689 79.2465 79.2465 79.2465 79.2465 49.3356 49.3356 49.3356 49.3356 59.5483 59.5483 59.5483 59.5483 39.9625 39.9625 39.9625 39.9625 48.0208 48.0208 48.0208 48.0208 37.6962 37.6962 37.6962 37.6962 29.0000 29.0000 29.0000 29.0000 20.0250 20.0250 20.0250 20.0250 18.7883 18.7883 18.7883 18.7883 33.0606
F28 50.2494 46.0977 70.0000 49.0306 68.0074 74.7262 20.0998 39.0512 48.8774 70.7107 53.6004 65.0692 27.1662 66.8506 45.5412 85.5862 30.4138 69.6419 39.0512 37.8021 68.0074 42.0595 37.5366 47.4342 71.5891 44.5982 50.2494 50.2494 50.2494 50.2494 17.2627 17.2627 17.2627 17.2627 0.0000 0.0000 0.0000 0.0000 42.4382 42.4382 42.4382 42.4382 39.9625 39.9625 39.9625 39.9625 63.1585 63.1585 63.1585 63.1585 65.4370 65.4370 65.4370 65.4370 71.5122 71.5122 71.5122 71.5122 90.4434 90.4434 90.4434 90.4434 72.0625 72.0625 72.0625 72.0625 89.0056 89.0056 89.0056 89.0056 80.6536 80.6536 80.6536 80.6536 96.5091 96.5091 96.5091 96.5091 66.4831 66.4831 66.4831 66.4831 74.8866 74.8866 74.8866 74.8866 56.3649 56.3649 56.3649 56.3649 60.8276 60.8276 60.8276 60.8276 49.0408 49.0408 49.0408 49.0408 36.2353 36.2353 36.2353 36.2353 28.0179 28.0179 28.0179 28.0179 11.0000 11.0000 11.0000 11.0000 50.2494
F28_1 50.2494 46.0977 70.0000 49.0306 68.0074 74.7262 20.0998 39.0512 48.8774 70.7107 53.6004 65.0692 27.1662 66.8506 45.5412 85.5862 30.4138 69.6419 39.0512 37.8021 68.0074 42.0595 37.5366 47.4342 71.5891 44.5982 50.2494 50.2494 50.2494 50.2494 17.2627 17.2627 17.2627 17.2627 0.0000 0.0000 0.0000 0.0000 42.4382 42.4382 42.4382 42.4382 39.9625 39.9625 39.9625 39.9625 63.1585 63.1585 63.1585 63.1585 65.4370 65.4370 65.4370 65.4370 71.5122 71.5122 71.5122 71.5122 90.4434 90.4434 90.4434 90.4434 72.0625 72.0625 72.0625 72.0625 89.0056 89.0056 89.0056 89.0056 80.6536 80.6536 80.6536 80.6536 96.5091 96.5091 96.5091 96.5091 66.4831 66.4831 66.4831 66.4831 74.8866 74.8866 74.8866 74.8866 56.3649 56.3649 56.3649 56.3649 60.8276 60.8276 60.8276 60.8276 49.0408 49.0408 49.0408 49.0408 36.2353 36.2353 36.2353 36.2353 28.0179 28.0179 28.0179 28.0179 11.0000 11.0000 11.0000 11.0000 50.2494
F28_2 50.2494 46.0977 70.0000 49.0306 68.0074 74.7262 20.0998 39.0512 48.8774 70.7107 53.6004 65.0692 27.1662 66.8506 45.5412 85.5862 30.4138 69.6419 39.0512 37.8021 68.0074 42.0595 37.5366 47.4342 71.5891 44.5982 50.2494 50.2494 50.2494 50.2494 17.2627 17.2627 17.2627 17.2627 0.0000 0.0000 0.0000 0.0000 42.4382 42.4382 42.4382 42.4382 39.9625 39.9625 39.9625 39.9625 63.1585 63.1585 63.1585 63.1585 65.4370 65.4370 65.4370 65.4370 71.5122 71.5122 71.5122 71.5122 90.4434 90.4434 90.4434 90.4434 72.0625 72.0625 72.0625 72.0625 89.0056 89.0056 89.0056 89.0056 80.6536 80.6536 80.6536 80.6536 96.5091 96.5091 96.5091 96.5091 66.4831 66.4831 66.4831 66.4831 74.8866 74.8866 74.8866 74.8866 56.3649 56.3649 56.3649 56.3649 60.8276 60.8276 60.8276 60.8276 49.0408 49.0408 49.0408 49.0408 36.2353 36.2353 36.2353 36.2353 28.0179 28.0179 28.0179 28.0179 11.0000 11.0000 11.0000 11.0000 50.2494
F28_3 50.2494 46.0977 70.0000 49.0306 68.0074 74.7262 20.0998 39.0512 48.8774 70.7107 53.6004 65.0692 27.1662 66.8506 45.5412 85.5862 30.4138 69.6419 39.0512 37.8021 68.0074 42.0595 37.5366 47.4342 71.5891 44.5982 50.2494 50.2494 50.2494 50.2494 17.2627 17.2627 17.2627 17.2627 0.0000 0.0000 0.0000 0.0000 42.4382 42.4382 42.4382 42.4382 39.9625 39.9625 39.9625 39.9625 63.1585 63.1585 63.1585 63.1585 65.4370 65.4370 65.4370 65.4370 71.5122 71.5122 71.5122 71.5122 90.4434 90.4434 90.4434 90.4434 72.0625 72.0625 72.0625 72.0625 89.0056 89.0056 89.0056 89.0056 80.6536 80.6536 80.6536 80.6536 96.5091 96.5091 96.5091 96.5091 66.4831 66.4831 66.4831 66.4831 74.8866 74.8866 74.8866 74.8866 56.3649 56.3649 56.3649 56.3649 60.8276 60.8276 60.8276 60.8276 49.0408 49.0408 49.0408 49.0408 36.2353 36.2353 36.2353 36.2353 28.0179 28.0179 28.0179 28.0179 11.0000 11.0000 11.0000 11.0000 50.2494
F29 32.6497 17.2047 42.4382 19.1050 55.2268 37.2156 55.0000 11.6619 49.4975 75.5050 20.2485 40.3609 22.4722 55.9464 39.8121 60.4649 61.7738 57.4543 5.0990 13.4164 53.2541 44.0454 7.0711 13.4536 30.5941 39.6232 32.6497 32.6497 32.6497 32.6497 32.4500 32.4500 32.4500 32.4500 42.4382 42.4382 42.4382 42.4382 0.0000 0.0000 0.0000 0.0000 17.2047 17.2047 17.2047 17.2047 23.0217 23.0217 23.0217 23.0217 23.3452 23.3452 23.3452 23.3452 32.0156 32.0156 32.0156 32.0156 51.1566 51.1566 51.1566 51.1566 42.5441 42.5441 42.5441 42.5441 58.6941 58.6941 58.6941 58.6941 63.7809 63.7809 63.7809 63.7809 72.6705 72.6705 72.6705 72.6705 51.0392 51.0392 51.0392 51.0392 71.3092 71.3092 71.3092 71.3092 50.5964 50.5964 50.5964 50.5964 68.3593 68.3593 68.3593 68.3593 62.1289 62.1289 62.1289 62.1289 58.8218 58.8218 58.8218 58.8218 50.6952 50.6952 50.6952 50.6952 49.4975 49.4975 49.4975 49.4975 32.6497
