# set
set V := C1 C2 C3 C4 C5 C6 C7 C8 C9 C10 C11 C12 C13 C14 C15 C16 C17 C18 C19 C20 C21 C22 C23 C24 C25 ;
set F := F26 F27 F28 F29 F30 F31 F32 F33 F34 F35 F36 F37 F38 F39 F40 F41 F42 F43 F44 F45 F46 F26_1 F26_2 F26_3 F27_1 F27_2 F27_3 F28_1 F28_2 F28_3 F29_1 F29_2 F29_3 F30_1 F30_2 F30_3 F31_1 F31_2 F31_3 F32_1 F32_2 F32_3 F33_1 F33_2 F33_3 F34_1 F34_2 F34_3 F35_1 F35_2 F35_3 F36_1 F36_2 F36_3 F37_1 F37_2 F37_3 F38_1 F38_2 F38_3 F39_1 F39_2 F39_3 F40_1 F40_2 F40_3 F41_1 F41_2 F41_3 F42_1 F42_2 F42_3 F43_1 F43_2 F43_3 F44_1 F44_2 F44_3 F45_1 F45_2 F45_3 F46_1 F46_2 F46_3 ;
set D0 := N0;
set Dσ := Nσ;

# param
param Cf := 200;		# ECV fixed cost
param C := 200;		# ECV max load
param Q := 79.69;		# ECV/BSV battery level
param h := 1;		# ECV consumption

param CB := 60;		# BSV fixed cost
param Qplun := 5;		# BSV max load
param hplun := 1;		# BSV consumption
param W := 159.38;		# BSV battery level

param Cde := 1;		# ECV cost per unit distance
param Cdb := 1;		# BSV cost per unit distance
param lamda := 0;	# battery swap time
param n := 25;		# number of customers
param g := 10.17;	# recharging rate
param Cr := 100;		# recharging cost
param Ct := 10;		# travel cost
param Cs ;		# battery swap cost

param m :=
N0 0
C1 10
C2 30
C3 10
C4 10
C5 30
C6 10
C7 20
C8 40
C9 20
C10 20
C11 30
C12 10
C13 10
C14 20
C15 10
C16 20
C17 20
C18 30
C19 20
C20 10
C21 10
C22 20
C23 10
C24 10
C25 10
F26 0
F26_1 0
F26_2 0
F26_3 0
F27 0
F27_1 0
F27_2 0
F27_3 0
F28 0
F28_1 0
F28_2 0
F28_3 0
F29 0
F29_1 0
F29_2 0
F29_3 0
F30 0
F30_1 0
F30_2 0
F30_3 0
F31 0
F31_1 0
F31_2 0
F31_3 0
F32 0
F32_1 0
F32_2 0
F32_3 0
F33 0
F33_1 0
F33_2 0
F33_3 0
F34 0
F34_1 0
F34_2 0
F34_3 0
F35 0
F35_1 0
F35_2 0
F35_3 0
F36 0
F36_1 0
F36_2 0
F36_3 0
F37 0
F37_1 0
F37_2 0
F37_3 0
F38 0
F38_1 0
F38_2 0
F38_3 0
F39 0
F39_1 0
F39_2 0
F39_3 0
F40 0
F40_1 0
F40_2 0
F40_3 0
F41 0
F41_1 0
F41_2 0
F41_3 0
F42 0
F42_1 0
F42_2 0
F42_3 0
F43 0
F43_1 0
F43_2 0
F43_3 0
F44 0
F44_1 0
F44_2 0
F44_3 0
F45 0
F45_1 0
F45_2 0
F45_3 0
F46 0
F46_1 0
F46_2 0
F46_3 0
Nσ 0
;

param e :=
N0 0
C1 573
C2 470
C3 63
C4 154
C5 551
C6 539
C7 655
C8 88
C9 836
C10 547
C11 756
C12 664
C13 16
C14 481
C15 469
C16 30
C17 150
C18 30
C19 463
C20 719
C21 669
C22 476
C23 15
C24 76
C25 179
F26 0
F26_1 0
F26_2 0
F26_3 0
F27 0
F27_1 0
F27_2 0
F27_3 0
F28 0
F28_1 0
F28_2 0
F28_3 0
F29 0
F29_1 0
F29_2 0
F29_3 0
F30 0
F30_1 0
F30_2 0
F30_3 0
F31 0
F31_1 0
F31_2 0
F31_3 0
F32 0
F32_1 0
F32_2 0
F32_3 0
F33 0
F33_1 0
F33_2 0
F33_3 0
F34 0
F34_1 0
F34_2 0
F34_3 0
F35 0
F35_1 0
F35_2 0
F35_3 0
F36 0
F36_1 0
F36_2 0
F36_3 0
F37 0
F37_1 0
F37_2 0
F37_3 0
F38 0
F38_1 0
F38_2 0
F38_3 0
F39 0
F39_1 0
F39_2 0
F39_3 0
F40 0
F40_1 0
F40_2 0
F40_3 0
F41 0
F41_1 0
F41_2 0
F41_3 0
F42 0
F42_1 0
F42_2 0
F42_3 0
F43 0
F43_1 0
F43_2 0
F43_3 0
F44 0
F44_1 0
F44_2 0
F44_3 0
F45 0
F45_1 0
F45_2 0
F45_3 0
F46 0
F46_1 0
F46_2 0
F46_3 0
Nσ 0
;

param l :=
N0 1236
C1 826
C2 697
C3 338
C4 449
C5 802
C6 786
C7 912
C8 305
C9 1043
C10 826
C11 939
C12 845
C13 336
C14 710
C15 748
C16 248
C17 429
C18 280
C19 728
C20 976
C21 842
C22 663
C23 333
C24 335
C25 398
F26 1236
F26_1 1236
F26_2 1236
F26_3 1236
F27 1236
F27_1 1236
F27_2 1236
F27_3 1236
F28 1236
F28_1 1236
F28_2 1236
F28_3 1236
F29 1236
F29_1 1236
F29_2 1236
F29_3 1236
F30 1236
F30_1 1236
F30_2 1236
F30_3 1236
F31 1236
F31_1 1236
F31_2 1236
F31_3 1236
F32 1236
F32_1 1236
F32_2 1236
F32_3 1236
F33 1236
F33_1 1236
F33_2 1236
F33_3 1236
F34 1236
F34_1 1236
F34_2 1236
F34_3 1236
F35 1236
F35_1 1236
F35_2 1236
F35_3 1236
F36 1236
F36_1 1236
F36_2 1236
F36_3 1236
F37 1236
F37_1 1236
F37_2 1236
F37_3 1236
F38 1236
F38_1 1236
F38_2 1236
F38_3 1236
F39 1236
F39_1 1236
F39_2 1236
F39_3 1236
F40 1236
F40_1 1236
F40_2 1236
F40_3 1236
F41 1236
F41_1 1236
F41_2 1236
F41_3 1236
F42 1236
F42_1 1236
F42_2 1236
F42_3 1236
F43 1236
F43_1 1236
F43_2 1236
F43_3 1236
F44 1236
F44_1 1236
F44_2 1236
F44_3 1236
F45 1236
F45_1 1236
F45_2 1236
F45_3 1236
F46 1236
F46_1 1236
F46_2 1236
F46_3 1236
Nσ 1236
;

param s :=
N0 0
C1 90
C2 90
C3 90
C4 90
C5 90
C6 90
C7 90
C8 90
C9 90
C10 90
C11 90
C12 90
C13 90
C14 90
C15 90
C16 90
C17 90
C18 90
C19 90
C20 90
C21 90
C22 90
C23 90
C24 90
C25 90
F26 0
F26_1 0
F26_2 0
F26_3 0
F27 0
F27_1 0
F27_2 0
F27_3 0
F28 0
F28_1 0
F28_2 0
F28_3 0
F29 0
F29_1 0
F29_2 0
F29_3 0
F30 0
F30_1 0
F30_2 0
F30_3 0
F31 0
F31_1 0
F31_2 0
F31_3 0
F32 0
F32_1 0
F32_2 0
F32_3 0
F33 0
F33_1 0
F33_2 0
F33_3 0
F34 0
F34_1 0
F34_2 0
F34_3 0
F35 0
F35_1 0
F35_2 0
F35_3 0
F36 0
F36_1 0
F36_2 0
F36_3 0
F37 0
F37_1 0
F37_2 0
F37_3 0
F38 0
F38_1 0
F38_2 0
F38_3 0
F39 0
F39_1 0
F39_2 0
F39_3 0
F40 0
F40_1 0
F40_2 0
F40_3 0
F41 0
F41_1 0
F41_2 0
F41_3 0
F42 0
F42_1 0
F42_2 0
F42_3 0
F43 0
F43_1 0
F43_2 0
F43_3 0
F44 0
F44_1 0
F44_2 0
F44_3 0
F45 0
F45_1 0
F45_2 0
F45_3 0
F46 0
F46_1 0
F46_2 0
F46_3 0
Nσ 0
;

param d : N0 C1 C2 C3 C4 C5 C6 C7 C8 C9 C10 C11 C12 C13 C14 C15 C16 C17 C18 C19 C20 C21 C22 C23 C24 C25 F26 F26_1 F26_2 F26_3 F27 F27_1 F27_2 F27_3 F28 F28_1 F28_2 F28_3 F29 F29_1 F29_2 F29_3 F30 F30_1 F30_2 F30_3 F31 F31_1 F31_2 F31_3 F32 F32_1 F32_2 F32_3 F33 F33_1 F33_2 F33_3 F34 F34_1 F34_2 F34_3 F35 F35_1 F35_2 F35_3 F36 F36_1 F36_2 F36_3 F37 F37_1 F37_2 F37_3 F38 F38_1 F38_2 F38_3 F39 F39_1 F39_2 F39_3 F40 F40_1 F40_2 F40_3 F41 F41_1 F41_2 F41_3 F42 F42_1 F42_2 F42_3 F43 F43_1 F43_2 F43_3 F44 F44_1 F44_2 F44_3 F45 F45_1 F45_2 F45_3 F46 F46_1 F46_2 F46_3 Nσ  :=
N0 0.0000 51.0784 29.7321 18.6815 32.3883 26.9258 21.5407 32.3883 15.1327 10.1980 38.0789 20.6155 13.0000 16.1245 40.3113 52.0000 30.8058 18.1108 30.8058 45.2769 22.8035 20.6155 17.7200 15.0000 26.4764 17.1172 0.0000 0.0000 0.0000 0.0000 33.0606 33.0606 33.0606 33.0606 50.2494 50.2494 50.2494 50.2494 32.6497 32.6497 32.6497 32.6497 48.6004 48.6004 48.6004 48.6004 31.0483 31.0483 31.0483 31.0483 46.0109 46.0109 46.0109 46.0109 34.4819 34.4819 34.4819 34.4819 48.8365 48.8365 48.8365 48.8365 23.4094 23.4094 23.4094 23.4094 39.4588 39.4588 39.4588 39.4588 33.0151 33.0151 33.0151 33.0151 46.5725 46.5725 46.5725 46.5725 19.1050 19.1050 19.1050 19.1050 38.8973 38.8973 38.8973 38.8973 19.0263 19.0263 19.0263 19.0263 39.8121 39.8121 39.8121 39.8121 38.0789 38.0789 38.0789 38.0789 42.6380 42.6380 42.6380 42.6380 38.4708 38.4708 38.4708 38.4708 50.3587 50.3587 50.3587 50.3587 0.0000
C1 51.0784 0.0000 35.5106 52.0384 29.1548 37.2022 39.0000 80.4114 65.7875 61.0983 82.8794 58.0000 64.0781 57.6281 88.2836 1.0000 53.5350 62.0081 79.0569 57.6975 61.0328 42.0000 68.7095 65.1460 32.6497 67.6757 51.0784 51.0784 51.0784 51.0784 26.0768 26.0768 26.0768 26.0768 25.1794 25.1794 25.1794 25.1794 58.5235 58.5235 58.5235 58.5235 61.6847 61.6847 61.6847 61.6847 74.3303 74.3303 74.3303 74.3303 81.6088 81.6088 81.6088 81.6088 81.2158 81.2158 81.2158 81.2158 98.4784 98.4784 98.4784 98.4784 74.4648 74.4648 74.4648 74.4648 89.8443 89.8443 89.8443 89.8443 74.0068 74.0068 74.0068 74.0068 92.3472 92.3472 92.3472 92.3472 61.4003 61.4003 61.4003 61.4003 61.4003 61.4003 61.4003 61.4003 48.0104 48.0104 48.0104 48.0104 43.3820 43.3820 43.3820 43.3820 30.8707 30.8707 30.8707 30.8707 15.6525 15.6525 15.6525 15.6525 13.1529 13.1529 13.1529 13.1529 14.3178 14.3178 14.3178 14.3178 51.0784
C2 29.7321 35.5106 0.0000 43.2782 6.4031 3.0000 36.0555 61.8466 43.7379 38.8330 49.7393 25.0799 40.3113 26.6833 69.6348 36.0555 18.0278 31.0483 48.3839 64.1405 50.4777 37.8021 45.2769 44.1475 5.3852 45.7056 29.7321 29.7321 29.7321 29.7321 9.4340 9.4340 9.4340 9.4340 22.5610 22.5610 22.5610 22.5610 23.0217 23.0217 23.0217 23.0217 29.0172 29.0172 29.0172 29.0172 41.1825 41.1825 41.1825 41.1825 46.2277 46.2277 46.2277 46.2277 49.2443 49.2443 49.2443 49.2443 68.0074 68.0074 68.0074 68.0074 50.0400 50.0400 50.0400 50.0400 67.1193 67.1193 67.1193 67.1193 62.1772 62.1772 62.1772 62.1772 76.2430 76.2430 76.2430 76.2430 47.8853 47.8853 47.8853 47.8853 61.7171 61.7171 61.7171 61.7171 41.0122 41.0122 41.0122 41.0122 52.9245 52.9245 52.9245 52.9245 43.9318 43.9318 43.9318 43.9318 37.3363 37.3363 37.3363 37.3363 28.6356 28.6356 28.6356 28.6356 27.2029 27.2029 27.2029 27.2029 29.7321
C3 18.6815 52.0384 43.2782 0.0000 43.5660 41.0366 13.1529 29.9666 22.3607 20.6155 53.9351 39.2938 24.0416 34.7131 37.3363 53.0377 48.7647 36.1248 44.9222 27.0000 9.0000 10.1980 25.9422 20.5913 38.6005 23.3238 18.6815 18.6815 18.6815 18.6815 42.9418 42.9418 42.9418 42.9418 59.6154 59.6154 59.6154 59.6154 51.0784 51.0784 51.0784 51.0784 66.3702 66.3702 66.3702 66.3702 48.0937 48.0937 48.0937 48.0937 64.1249 64.1249 64.1249 64.1249 49.4773 49.4773 49.4773 49.4773 59.6825 59.6825 59.6825 59.6825 31.0644 31.0644 31.0644 31.0644 41.6173 41.6173 41.6173 41.6173 22.0227 22.0227 22.0227 22.0227 40.4475 40.4475 40.4475 40.4475 10.2956 10.2956 10.2956 10.2956 20.2485 20.2485 20.2485 20.2485 4.1231 4.1231 4.1231 4.1231 24.6982 24.6982 24.6982 24.6982 28.3019 28.3019 28.3019 28.3019 39.0512 39.0512 39.0512 39.0512 39.0000 39.0000 39.0000 39.0000 56.2939 56.2939 56.2939 56.2939 18.6815
C4 32.3883 29.1548 6.4031 43.5660 0.0000 8.6023 34.6554 64.7765 47.0956 42.1070 55.7584 30.8869 44.0000 31.9531 72.6911 29.6816 24.4131 36.4005 53.8516 62.2013 51.4296 36.7967 49.0000 47.2652 6.0000 49.0918 32.3883 32.3883 32.3883 32.3883 3.1623 3.1623 3.1623 3.1623 18.0000 18.0000 18.0000 18.0000 29.4109 29.4109 29.4109 29.4109 34.1321 34.1321 34.1321 34.1321 47.1699 47.1699 47.1699 47.1699 52.6308 52.6308 52.6308 52.6308 55.0091 55.0091 55.0091 55.0091 73.5391 73.5391 73.5391 73.5391 54.0833 54.0833 54.0833 54.0833 71.0070 71.0070 71.0070 71.0070 63.6946 63.6946 63.6946 63.6946 78.8543 78.8543 78.8543 78.8543 49.3964 49.3964 49.3964 49.3964 60.8276 60.8276 60.8276 60.8276 40.8044 40.8044 40.8044 40.8044 50.1199 50.1199 50.1199 50.1199 40.1622 40.1622 40.1622 40.1622 32.0156 32.0156 32.0156 32.0156 23.0868 23.0868 23.0868 23.0868 21.0950 21.0950 21.0950 21.0950 32.3883
C5 26.9258 37.2022 3.0000 41.0366 8.6023 0.0000 34.4819 58.9406 40.7922 35.9026 47.1699 22.3607 37.3363 23.7697 66.7083 37.8021 16.5529 28.1603 45.5412 62.6498 48.0104 36.0555 42.2966 41.2311 5.0990 42.7551 26.9258 26.9258 26.9258 26.9258 11.3137 11.3137 11.3137 11.3137 25.4951 25.4951 25.4951 25.4951 21.4709 21.4709 21.4709 21.4709 29.2746 29.2746 29.2746 29.2746 38.5876 38.5876 38.5876 38.5876 44.4072 44.4072 44.4072 44.4072 46.5188 46.5188 46.5188 46.5188 65.1920 65.1920 65.1920 65.1920 47.0425 47.0425 47.0425 47.0425 64.1249 64.1249 64.1249 64.1249 59.5399 59.5399 59.5399 59.5399 73.3757 73.3757 73.3757 73.3757 45.2769 45.2769 45.2769 45.2769 59.8164 59.8164 59.8164 59.8164 38.9487 38.9487 38.9487 38.9487 51.8652 51.8652 51.8652 51.8652 43.4166 43.4166 43.4166 43.4166 37.8550 37.8550 37.8550 37.8550 29.4109 29.4109 29.4109 29.4109 29.6816 29.6816 29.6816 29.6816 26.9258
C6 21.5407 39.0000 36.0555 13.1529 34.6554 34.4819 0.0000 42.7200 31.8277 28.4253 59.6154 40.1123 32.0156 36.4966 50.2892 40.0000 46.0977 39.2938 51.9711 28.1780 22.0907 3.0000 35.3553 30.4795 30.8058 33.3017 21.5407 21.5407 21.5407 21.5407 33.3017 33.3017 33.3017 33.3017 48.8774 48.8774 48.8774 48.8774 49.4975 49.4975 49.4975 49.4975 62.6259 62.6259 62.6259 62.6259 52.4976 52.4976 52.4976 52.4976 66.6108 66.6108 66.6108 66.6108 55.9017 55.9017 55.9017 55.9017 68.8840 68.8840 68.8840 68.8840 41.0366 41.0366 41.0366 41.0366 53.7122 53.7122 53.7122 53.7122 35.0143 35.0143 35.0143 35.0143 53.6004 53.6004 53.6004 53.6004 23.0868 23.0868 23.0868 23.0868 26.2488 26.2488 26.2488 26.2488 9.0554 9.0554 9.0554 9.0554 19.0000 19.0000 19.0000 19.0000 17.0294 17.0294 17.0294 17.0294 25.9615 25.9615 25.9615 25.9615 26.0768 26.0768 26.0768 26.0768 44.2719 44.2719 44.2719 44.2719 21.5407
C7 32.3883 80.4114 61.8466 29.9666 64.7765 58.9406 42.7200 0.0000 18.3848 23.0868 43.4626 44.6542 22.3607 39.9625 8.0000 81.3941 58.3095 37.8021 33.1059 48.2597 22.2036 39.9249 18.0278 17.7200 58.8558 16.5529 32.3883 32.3883 32.3883 32.3883 65.3758 65.3758 65.3758 65.3758 82.6075 82.6075 82.6075 82.6075 58.0086 58.0086 58.0086 58.0086 75.2130 75.2130 75.2130 75.2130 42.4382 42.4382 42.4382 42.4382 59.6825 59.6825 59.6825 59.6825 38.0789 38.0789 38.0789 38.0789 38.2099 38.2099 38.2099 38.2099 16.4012 16.4012 16.4012 16.4012 13.0384 13.0384 13.0384 13.0384 14.8661 14.8661 14.8661 14.8661 14.7648 14.7648 14.7648 14.7648 19.6977 19.6977 19.6977 19.6977 37.7359 37.7359 37.7359 37.7359 34.0147 34.0147 34.0147 34.0147 52.4976 52.4976 52.4976 52.4976 58.1808 58.1808 58.1808 58.1808 68.6222 68.6222 68.6222 68.6222 67.2681 67.2681 67.2681 67.2681 82.0061 82.0061 82.0061 82.0061 32.3883
C8 15.1327 65.7875 43.7379 22.3607 47.0956 40.7922 31.8277 18.3848 0.0000 5.0000 33.0000 26.9072 4.2426 22.0227 25.9615 66.7308 40.2244 20.6155 23.1948 48.0521 20.0250 29.7321 3.6056 2.0000 41.1096 2.0000 15.1327 15.1327 15.1327 15.1327 48.0000 48.0000 48.0000 48.0000 65.0692 65.0692 65.0692 65.0692 40.3609 40.3609 40.3609 40.3609 57.4891 57.4891 57.4891 57.4891 28.8617 28.8617 28.8617 28.8617 46.1736 46.1736 46.1736 46.1736 28.0713 28.0713 28.0713 28.0713 37.4433 37.4433 37.4433 37.4433 9.2195 9.2195 9.2195 9.2195 24.3311 24.3311 24.3311 24.3311 24.1868 24.1868 24.1868 24.1868 33.1059 33.1059 33.1059 33.1059 15.0333 15.0333 15.0333 15.0333 39.1152 39.1152 39.1152 39.1152 25.2389 25.2389 25.2389 25.2389 47.0106 47.0106 47.0106 47.0106 48.7955 48.7955 48.7955 48.7955 56.0803 56.0803 56.0803 56.0803 52.9245 52.9245 52.9245 52.9245 65.4905 65.4905 65.4905 65.4905 15.1327
C9 10.1980 61.0983 38.8330 20.6155 42.1070 35.9026 28.4253 23.0868 5.0000 0.0000 33.3766 23.4307 3.6056 18.4391 30.8058 62.0322 36.2353 17.8885 24.3516 47.2652 20.3961 26.6271 7.6158 5.3852 36.1248 7.0000 10.1980 10.1980 10.1980 10.1980 43.0000 43.0000 43.0000 43.0000 60.0750 60.0750 60.0750 60.0750 36.7967 36.7967 36.7967 36.7967 53.7587 53.7587 53.7587 53.7587 28.0713 28.0713 28.0713 28.0713 44.9110 44.9110 44.9110 44.9110 28.8617 28.8617 28.8617 28.8617 40.4599 40.4599 40.4599 40.4599 13.4164 13.4164 13.4164 13.4164 29.2746 29.2746 29.2746 29.2746 27.0185 27.0185 27.0185 27.0185 37.6962 37.6962 37.6962 37.6962 15.5242 15.5242 15.5242 15.5242 39.0512 39.0512 39.0512 39.0512 22.8473 22.8473 22.8473 22.8473 44.7772 44.7772 44.7772 44.7772 45.4533 45.4533 45.4533 45.4533 51.8652 51.8652 51.8652 51.8652 48.3322 48.3322 48.3322 48.3322 60.5310 60.5310 60.5310 60.5310 10.1980
C10 38.0789 82.8794 49.7393 53.9351 55.7584 47.1699 59.6154 43.4626 33.0000 33.3766 0.0000 25.0000 30.1496 25.4951 47.1699 83.6301 34.4819 21.4009 10.4403 80.6226 53.0094 58.5235 30.0666 35.0000 50.8035 33.0606 38.0789 38.0789 38.0789 38.0789 58.2495 58.2495 58.2495 58.2495 71.5891 71.5891 71.5891 71.5891 30.5941 30.5941 30.5941 30.5941 44.1814 44.1814 44.1814 44.1814 8.6023 8.6023 8.6023 8.6023 17.8045 17.8045 17.8045 17.8045 5.3852 5.3852 5.3852 5.3852 21.0950 21.0950 21.0950 21.0950 27.8927 27.8927 27.8927 27.8927 37.6431 37.6431 37.6431 37.6431 55.3173 55.3173 55.3173 55.3173 55.7584 55.7584 55.7584 55.7584 48.0104 48.0104 48.0104 48.0104 72.0625 72.0625 72.0625 72.0625 55.7853 55.7853 55.7853 55.7853 77.4919 77.4919 77.4919 77.4919 76.0263 76.0263 76.0263 76.0263 78.4092 78.4092 78.4092 78.4092 72.1803 72.1803 72.1803 72.1803 76.8505 76.8505 76.8505 76.8505 38.0789
C11 20.6155 58.0000 25.0799 39.2938 30.8869 22.3607 40.1123 44.6542 26.9072 23.4307 25.0000 0.0000 22.6716 5.0000 51.4782 58.7282 13.9284 7.2801 23.5372 65.7647 42.4853 40.0000 26.6271 28.2843 25.8070 28.4253 20.6155 20.6155 20.6155 20.6155 33.2866 33.2866 33.2866 33.2866 47.4342 47.4342 47.4342 47.4342 13.4536 13.4536 13.4536 13.4536 30.6105 30.6105 30.6105 30.6105 16.4012 16.4012 16.4012 16.4012 26.6833 26.6833 26.6833 26.6833 24.1661 24.1661 24.1661 24.1661 43.0116 43.0116 43.0116 43.0116 29.5466 29.5466 29.5466 29.5466 46.1736 46.1736 46.1736 46.1736 50.4480 50.4480 50.4480 50.4480 59.3633 59.3633 59.3633 59.3633 38.0789 38.0789 38.0789 38.0789 59.4811 59.4811 59.4811 59.4811 39.4588 39.4588 39.4588 39.4588 59.0762 59.0762 59.0762 59.0762 54.8179 54.8179 54.8179 54.8179 54.7083 54.7083 54.7083 54.7083 47.8017 47.8017 47.8017 47.8017 51.9711 51.9711 51.9711 51.9711 20.6155
C12 13.0000 64.0781 40.3113 24.0416 44.0000 37.3363 32.0156 22.3607 4.2426 3.6056 30.1496 22.6716 0.0000 17.8045 29.7321 65.0000 36.0555 16.4012 20.8806 50.4876 23.0868 30.2324 5.0000 5.8310 38.0000 5.8310 13.0000 13.0000 13.0000 13.0000 45.0999 45.0999 45.0999 45.0999 62.0000 62.0000 62.0000 62.0000 36.1248 36.1248 36.1248 36.1248 53.2635 53.2635 53.2635 53.2635 25.3180 25.3180 25.3180 25.3180 42.4500 42.4500 42.4500 42.4500 25.4951 25.4951 25.4951 25.4951 36.8782 36.8782 36.8782 36.8782 10.4403 10.4403 10.4403 10.4403 27.0185 27.0185 27.0185 27.0185 28.3019 28.3019 28.3019 28.3019 37.1214 37.1214 37.1214 37.1214 18.1108 18.1108 18.1108 18.1108 42.0000 42.0000 42.0000 42.0000 26.4008 26.4008 26.4008 26.4008 48.3322 48.3322 48.3322 48.3322 49.0408 49.0408 49.0408 49.0408 55.2178 55.2178 55.2178 55.2178 51.4296 51.4296 51.4296 51.4296 62.9682 62.9682 62.9682 62.9682 13.0000
C13 16.1245 57.6281 26.6833 34.7131 31.9531 23.7697 36.4966 39.9625 22.0227 18.4391 25.4951 5.0000 17.8045 0.0000 46.9574 58.4123 18.3576 4.4721 21.9317 61.4003 37.5766 36.1248 21.9545 23.3452 26.4008 23.6008 16.1245 16.1245 16.1245 16.1245 34.0147 34.0147 34.0147 34.0147 49.2443 49.2443 49.2443 49.2443 18.3848 18.3848 18.3848 18.3848 35.4683 35.4683 35.4683 35.4683 17.2047 17.2047 17.2047 17.2047 30.1496 30.1496 30.1496 30.1496 23.6008 23.6008 23.6008 23.6008 41.6293 41.6293 41.6293 41.6293 25.2982 25.2982 25.2982 25.2982 42.2019 42.2019 42.2019 42.2019 45.4533 45.4533 45.4533 45.4533 54.7083 54.7083 54.7083 54.7083 33.1210 33.1210 33.1210 33.1210 54.8179 54.8179 54.8179 54.8179 35.1283 35.1283 35.1283 35.1283 55.3263 55.3263 55.3263 55.3263 51.8652 51.8652 51.8652 51.8652 53.0094 53.0094 53.0094 53.0094 46.6905 46.6905 46.6905 46.6905 52.8015 52.8015 52.8015 52.8015 16.1245
C14 40.3113 88.2836 69.6348 37.3363 72.6911 66.7083 50.2892 8.0000 25.9615 30.8058 47.1699 51.4782 29.7321 46.9574 0.0000 89.2693 65.2993 44.4185 37.2022 53.1507 29.0689 47.4342 25.0799 25.4951 66.7533 24.0416 40.3113 40.3113 40.3113 40.3113 73.3348 73.3348 73.3348 73.3348 90.5539 90.5539 90.5539 90.5539 64.6607 64.6607 64.6607 64.6607 81.8352 81.8352 81.8352 81.8352 47.4236 47.4236 47.4236 47.4236 64.2028 64.2028 64.2028 64.2028 41.8808 41.8808 41.8808 41.8808 38.2099 38.2099 38.2099 38.2099 22.2036 22.2036 22.2036 22.2036 11.0454 11.0454 11.0454 11.0454 19.1050 19.1050 19.1050 19.1050 8.6023 8.6023 8.6023 8.6023 27.2029 27.2029 27.2029 27.2029 42.5206 42.5206 42.5206 42.5206 41.4367 41.4367 41.4367 41.4367 58.8218 58.8218 58.8218 58.8218 65.3070 65.3070 65.3070 65.3070 76.2430 76.2430 76.2430 76.2430 75.1332 75.1332 75.1332 75.1332 90.0056 90.0056 90.0056 90.0056 40.3113
C15 52.0000 1.0000 36.0555 53.0377 29.6816 37.8021 40.0000 81.3941 66.7308 62.0322 83.6301 58.7282 65.0000 58.4123 89.2693 0.0000 54.0833 62.8013 79.8812 58.6003 62.0322 43.0000 69.6419 66.0984 33.3017 68.6222 52.0000 52.0000 52.0000 52.0000 26.6271 26.6271 26.6271 26.6271 25.0799 25.0799 25.0799 25.0799 59.0762 59.0762 59.0762 59.0762 61.9839 61.9839 61.9839 61.9839 75.0733 75.0733 75.0733 75.0733 82.2010 82.2010 82.2010 82.2010 82.0061 82.0061 82.0061 82.0061 99.3227 99.3227 99.3227 99.3227 75.3923 75.3923 75.3923 75.3923 90.8020 90.8020 90.8020 90.8020 75.0067 75.0067 75.0067 75.0067 93.3435 93.3435 93.3435 93.3435 62.3939 62.3939 62.3939 62.3939 62.3618 62.3618 62.3618 62.3618 49.0102 49.0102 49.0102 49.0102 44.2832 44.2832 44.2832 44.2832 31.7805 31.7805 31.7805 31.7805 16.5529 16.5529 16.5529 16.5529 14.1421 14.1421 14.1421 14.1421 14.1421 14.1421 14.1421 14.1421 52.0000
C16 30.8058 53.5350 18.0278 48.7647 24.4131 16.5529 46.0977 58.3095 40.2244 36.2353 34.4819 13.9284 36.0555 18.3576 65.2993 54.0833 0.0000 21.1896 36.0000 73.6817 53.6004 46.8402 40.3113 41.4005 21.5407 41.8808 30.8058 30.8058 30.8058 30.8058 27.4591 27.4591 27.4591 27.4591 37.7359 37.7359 37.7359 37.7359 5.0000 5.0000 5.0000 5.0000 17.8045 17.8045 17.8045 17.8045 26.4764 26.4764 26.4764 26.4764 28.3196 28.3196 28.3196 28.3196 35.3553 35.3553 35.3553 35.3553 54.5894 54.5894 54.5894 54.5894 43.4626 43.4626 43.4626 43.4626 60.0833 60.0833 60.0833 60.0833 62.9365 62.9365 62.9365 62.9365 73.0616 73.0616 73.0616 73.0616 49.6790 49.6790 49.6790 49.6790 68.8767 68.8767 68.8767 68.8767 47.9270 47.9270 47.9270 47.9270 64.7765 64.7765 64.7765 64.7765 58.0086 58.0086 58.0086 58.0086 54.1202 54.1202 54.1202 54.1202 45.8803 45.8803 45.8803 45.8803 44.5533 44.5533 44.5533 44.5533 30.8058
C17 18.1108 62.0081 31.0483 36.1248 36.4005 28.1603 39.2938 37.8021 20.6155 17.8885 21.4009 7.2801 16.4012 4.4721 44.4185 62.8013 21.1896 0.0000 17.4642 63.0714 37.9473 38.6394 19.8494 22.2036 30.8707 21.9317 18.1108 18.1108 18.1108 18.1108 38.4838 38.4838 38.4838 38.4838 53.6004 53.6004 53.6004 53.6004 20.2485 20.2485 20.2485 20.2485 37.4433 37.4433 37.4433 37.4433 13.4164 13.4164 13.4164 13.4164 28.0179 28.0179 28.0179 28.0179 19.2094 19.2094 19.2094 19.2094 37.1618 37.1618 37.1618 37.1618 22.3607 22.3607 22.3607 22.3607 38.8973 38.8973 38.8973 38.8973 44.6542 44.6542 44.6542 44.6542 52.4309 52.4309 52.4309 52.4309 33.2415 33.2415 33.2415 33.2415 55.9017 55.9017 55.9017 55.9017 37.0135 37.0135 37.0135 37.0135 57.8705 57.8705 57.8705 57.8705 55.1543 55.1543 55.1543 55.1543 57.0088 57.0088 57.0088 57.0088 50.9117 50.9117 50.9117 50.9117 57.2713 57.2713 57.2713 57.2713 18.1108
C18 30.8058 79.0569 48.3839 44.9222 53.8516 45.5412 51.9711 33.1059 23.1948 24.3516 10.4403 23.5372 20.8806 21.9317 37.2022 79.8812 36.0000 17.4642 0.0000 71.1969 43.1856 50.5371 20.0250 25.1794 48.3322 23.0217 30.8058 30.8058 30.8058 30.8058 55.9464 55.9464 55.9464 55.9464 70.8802 70.8802 70.8802 70.8802 33.2415 33.2415 33.2415 33.2415 49.0408 49.0408 49.0408 49.0408 11.1803 11.1803 11.1803 11.1803 27.0185 27.0185 27.0185 27.0185 5.0990 5.0990 5.0990 5.0990 19.6977 19.6977 19.6977 19.6977 17.4642 17.4642 17.4642 17.4642 28.3196 28.3196 28.3196 28.3196 44.9110 44.9110 44.9110 44.9110 45.8039 45.8039 45.8039 45.8039 38.2099 38.2099 38.2099 38.2099 62.2896 62.2896 62.2896 62.2896 47.1699 47.1699 47.1699 47.1699 69.0797 69.0797 69.0797 69.0797 68.7968 68.7968 68.7968 68.7968 72.8354 72.8354 72.8354 72.8354 67.4759 67.4759 67.4759 67.4759 74.7329 74.7329 74.7329 74.7329 30.8058
C19 45.2769 57.6975 64.1405 27.0000 62.2013 62.6498 28.1780 48.2597 48.0521 47.2652 80.6226 65.7647 50.4876 61.4003 53.1507 58.6003 73.6817 63.0714 71.1969 0.0000 28.4605 26.9258 51.4198 46.0977 58.8303 48.5077 45.2769 45.2769 45.2769 45.2769 60.4401 60.4401 60.4401 60.4401 74.3303 74.3303 74.3303 74.3303 76.6551 76.6551 76.6551 76.6551 90.6201 90.6201 90.6201 90.6201 75.0600 75.0600 75.0600 75.0600 91.0879 91.0879 91.0879 91.0879 75.9539 75.9539 75.9539 75.9539 83.9345 83.9345 83.9345 83.9345 55.6597 55.6597 55.6597 55.6597 61.2944 61.2944 61.2944 61.2944 34.0588 34.0588 34.0588 34.0588 51.8556 51.8556 51.8556 51.8556 33.2415 33.2415 33.2415 33.2415 10.6301 10.6301 10.6301 10.6301 26.3059 26.3059 26.3059 26.3059 14.3178 14.3178 14.3178 14.3178 26.8328 26.8328 26.8328 26.8328 42.0476 42.0476 42.0476 42.0476 47.4342 47.4342 47.4342 47.4342 67.4240 67.4240 67.4240 67.4240 45.2769
C20 22.8035 61.0328 50.4777 9.0000 51.4296 48.0104 22.0907 22.2036 20.0250 20.3961 53.0094 42.4853 23.0868 37.5766 29.0689 62.0322 53.6004 37.9473 43.1856 28.4605 0.0000 19.1050 23.1948 18.0278 46.1411 20.2237 22.8035 22.8035 22.8035 22.8035 51.0784 51.0784 51.0784 51.0784 68.0074 68.0074 68.0074 68.0074 55.2268 55.2268 55.2268 55.2268 71.4003 71.4003 71.4003 71.4003 48.3735 48.3735 48.3735 48.3735 65.3070 65.3070 65.3070 65.3070 48.0937 48.0937 48.0937 48.0937 55.5428 55.5428 55.5428 55.5428 27.2029 27.2029 27.2029 27.2029 34.6554 34.6554 34.6554 34.6554 13.0384 13.0384 13.0384 13.0384 31.5753 31.5753 31.5753 31.5753 5.0000 5.0000 5.0000 5.0000 19.1050 19.1050 19.1050 19.1050 13.0384 13.0384 13.0384 13.0384 30.4138 30.4138 30.4138 30.4138 36.2491 36.2491 36.2491 36.2491 47.8539 47.8539 47.8539 47.8539 48.0000 48.0000 48.0000 48.0000 65.1153 65.1153 65.1153 65.1153 22.8035
C21 20.6155 42.0000 37.8021 10.1980 36.7967 36.0555 3.0000 39.9249 29.7321 26.6271 58.5235 40.0000 30.2324 36.1248 47.4342 43.0000 46.8402 38.6394 50.5371 26.9258 19.1050 0.0000 33.3017 28.2843 32.6497 31.1127 20.6155 20.6155 20.6155 20.6155 35.6090 35.6090 35.6090 35.6090 51.4782 51.4782 51.4782 51.4782 50.0100 50.0100 50.0100 50.0100 63.6946 63.6946 63.6946 63.6946 51.6624 51.6624 51.6624 51.6624 66.2722 66.2722 66.2722 66.2722 54.6260 54.6260 54.6260 54.6260 67.0075 67.0075 67.0075 67.0075 38.8973 38.8973 38.8973 38.8973 51.1077 51.1077 51.1077 51.1077 32.0156 32.0156 32.0156 32.0156 50.6360 50.6360 50.6360 50.6360 20.2485 20.2485 20.2485 20.2485 24.0416 24.0416 24.0416 24.0416 6.0828 6.0828 6.0828 6.0828 19.2354 19.2354 19.2354 19.2354 19.1050 19.1050 19.1050 19.1050 28.8617 28.8617 28.8617 28.8617 29.0689 29.0689 29.0689 29.0689 47.1275 47.1275 47.1275 47.1275 20.6155
C22 17.7200 68.7095 45.2769 25.9422 49.0000 42.2966 35.3553 18.0278 3.6056 7.6158 30.0666 26.6271 5.0000 21.9545 25.0799 69.6419 40.3113 19.8494 20.0250 51.4198 23.1948 33.3017 0.0000 5.3852 43.0000 3.0000 17.7200 17.7200 17.7200 17.7200 50.0899 50.0899 50.0899 50.0899 67.0000 67.0000 67.0000 67.0000 40.0000 40.0000 40.0000 40.0000 57.2014 57.2014 57.2014 57.2014 26.5707 26.5707 26.5707 26.5707 44.0114 44.0114 44.0114 44.0114 25.0000 25.0000 25.0000 25.0000 33.8378 33.8378 33.8378 33.8378 5.8310 5.8310 5.8310 5.8310 22.0227 22.0227 22.0227 22.0227 26.0000 26.0000 26.0000 26.0000 32.7567 32.7567 32.7567 32.7567 18.2483 18.2483 18.2483 18.2483 42.2966 42.2966 42.2966 42.2966 28.8444 28.8444 28.8444 28.8444 50.6063 50.6063 50.6063 50.6063 52.3450 52.3450 52.3450 52.3450 59.3633 59.3633 59.3633 59.3633 55.9464 55.9464 55.9464 55.9464 67.8970 67.8970 67.8970 67.8970 17.7200
C23 15.0000 65.1460 44.1475 20.5913 47.2652 41.2311 30.4795 17.7200 2.0000 5.3852 35.0000 28.2843 5.8310 23.3452 25.4951 66.0984 41.4005 22.2036 25.1794 46.0977 18.0278 28.2843 5.3852 0.0000 41.3038 2.8284 15.0000 15.0000 15.0000 15.0000 48.0416 48.0416 48.0416 48.0416 65.1920 65.1920 65.1920 65.1920 41.7253 41.7253 41.7253 41.7253 58.7963 58.7963 58.7963 58.7963 30.8058 30.8058 30.8058 30.8058 48.0833 48.0833 48.0833 48.0833 30.0666 30.0666 30.0666 30.0666 39.1152 39.1152 39.1152 39.1152 10.6301 10.6301 10.6301 10.6301 24.7386 24.7386 24.7386 24.7386 22.4722 22.4722 22.4722 22.4722 32.3110 32.3110 32.3110 32.3110 13.0384 13.0384 13.0384 13.0384 37.1214 37.1214 37.1214 37.1214 23.6008 23.6008 23.6008 23.6008 45.2769 45.2769 45.2769 45.2769 47.3814 47.3814 47.3814 47.3814 55.0727 55.0727 55.0727 55.0727 52.2015 52.2015 52.2015 52.2015 65.2763 65.2763 65.2763 65.2763 15.0000
C24 26.4764 32.6497 5.3852 38.6005 6.0000 5.0990 30.8058 58.8558 41.1096 36.1248 50.8035 25.8070 38.0000 26.4008 66.7533 33.3017 21.5407 30.8707 48.3322 58.8303 46.1411 32.6497 43.0000 41.3038 0.0000 43.1045 26.4764 26.4764 26.4764 26.4764 7.6158 7.6158 7.6158 7.6158 24.0000 24.0000 24.0000 24.0000 26.4008 26.4008 26.4008 26.4008 34.1321 34.1321 34.1321 34.1321 42.2019 42.2019 42.2019 42.2019 49.0918 49.0918 49.0918 49.0918 49.7393 49.7393 49.7393 49.7393 68.0294 68.0294 68.0294 68.0294 48.0937 48.0937 48.0937 48.0937 65.0077 65.0077 65.0077 65.0077 58.1808 58.1808 58.1808 58.1808 73.0068 73.0068 73.0068 73.0068 43.8634 43.8634 43.8634 43.8634 56.6392 56.6392 56.6392 56.6392 36.1248 36.1248 36.1248 36.1248 47.5395 47.5395 47.5395 47.5395 38.6394 38.6394 38.6394 38.6394 32.7567 32.7567 32.7567 32.7567 24.3516 24.3516 24.3516 24.3516 26.4008 26.4008 26.4008 26.4008 26.4764
C25 17.1172 67.6757 45.7056 23.3238 49.0918 42.7551 33.3017 16.5529 2.0000 7.0000 33.0606 28.4253 5.8310 23.6008 24.0416 68.6222 41.8808 21.9317 23.0217 48.5077 20.2237 31.1127 3.0000 2.8284 43.1045 0.0000 17.1172 17.1172 17.1172 17.1172 50.0000 50.0000 50.0000 50.0000 67.0671 67.0671 67.0671 67.0671 41.8688 41.8688 41.8688 41.8688 59.0339 59.0339 59.0339 59.0339 29.4109 29.4109 29.4109 29.4109 46.8188 46.8188 46.8188 46.8188 28.0000 28.0000 28.0000 28.0000 36.3593 36.3593 36.3593 36.3593 7.8102 7.8102 7.8102 7.8102 22.3607 22.3607 22.3607 22.3607 23.2594 23.2594 23.2594 23.2594 31.3050 31.3050 31.3050 31.3050 15.2971 15.2971 15.2971 15.2971 39.3192 39.3192 39.3192 39.3192 26.4008 26.4008 26.4008 26.4008 48.0208 48.0208 48.0208 48.0208 50.2096 50.2096 50.2096 50.2096 57.8014 57.8014 57.8014 57.8014 54.7814 54.7814 54.7814 54.7814 67.4759 67.4759 67.4759 67.4759 17.1172
F26 0.0000 51.0784 29.7321 18.6815 32.3883 26.9258 21.5407 32.3883 15.1327 10.1980 38.0789 20.6155 13.0000 16.1245 40.3113 52.0000 30.8058 18.1108 30.8058 45.2769 22.8035 20.6155 17.7200 15.0000 26.4764 17.1172 0.0000 0.0000 0.0000 0.0000 33.0606 33.0606 33.0606 33.0606 50.2494 50.2494 50.2494 50.2494 32.6497 32.6497 32.6497 32.6497 48.6004 48.6004 48.6004 48.6004 31.0483 31.0483 31.0483 31.0483 46.0109 46.0109 46.0109 46.0109 34.4819 34.4819 34.4819 34.4819 48.8365 48.8365 48.8365 48.8365 23.4094 23.4094 23.4094 23.4094 39.4588 39.4588 39.4588 39.4588 33.0151 33.0151 33.0151 33.0151 46.5725 46.5725 46.5725 46.5725 19.1050 19.1050 19.1050 19.1050 38.8973 38.8973 38.8973 38.8973 19.0263 19.0263 19.0263 19.0263 39.8121 39.8121 39.8121 39.8121 38.0789 38.0789 38.0789 38.0789 42.6380 42.6380 42.6380 42.6380 38.4708 38.4708 38.4708 38.4708 50.3587 50.3587 50.3587 50.3587 0.0000
F26_1 0.0000 51.0784 29.7321 18.6815 32.3883 26.9258 21.5407 32.3883 15.1327 10.1980 38.0789 20.6155 13.0000 16.1245 40.3113 52.0000 30.8058 18.1108 30.8058 45.2769 22.8035 20.6155 17.7200 15.0000 26.4764 17.1172 0.0000 0.0000 0.0000 0.0000 33.0606 33.0606 33.0606 33.0606 50.2494 50.2494 50.2494 50.2494 32.6497 32.6497 32.6497 32.6497 48.6004 48.6004 48.6004 48.6004 31.0483 31.0483 31.0483 31.0483 46.0109 46.0109 46.0109 46.0109 34.4819 34.4819 34.4819 34.4819 48.8365 48.8365 48.8365 48.8365 23.4094 23.4094 23.4094 23.4094 39.4588 39.4588 39.4588 39.4588 33.0151 33.0151 33.0151 33.0151 46.5725 46.5725 46.5725 46.5725 19.1050 19.1050 19.1050 19.1050 38.8973 38.8973 38.8973 38.8973 19.0263 19.0263 19.0263 19.0263 39.8121 39.8121 39.8121 39.8121 38.0789 38.0789 38.0789 38.0789 42.6380 42.6380 42.6380 42.6380 38.4708 38.4708 38.4708 38.4708 50.3587 50.3587 50.3587 50.3587 0.0000
F26_2 0.0000 51.0784 29.7321 18.6815 32.3883 26.9258 21.5407 32.3883 15.1327 10.1980 38.0789 20.6155 13.0000 16.1245 40.3113 52.0000 30.8058 18.1108 30.8058 45.2769 22.8035 20.6155 17.7200 15.0000 26.4764 17.1172 0.0000 0.0000 0.0000 0.0000 33.0606 33.0606 33.0606 33.0606 50.2494 50.2494 50.2494 50.2494 32.6497 32.6497 32.6497 32.6497 48.6004 48.6004 48.6004 48.6004 31.0483 31.0483 31.0483 31.0483 46.0109 46.0109 46.0109 46.0109 34.4819 34.4819 34.4819 34.4819 48.8365 48.8365 48.8365 48.8365 23.4094 23.4094 23.4094 23.4094 39.4588 39.4588 39.4588 39.4588 33.0151 33.0151 33.0151 33.0151 46.5725 46.5725 46.5725 46.5725 19.1050 19.1050 19.1050 19.1050 38.8973 38.8973 38.8973 38.8973 19.0263 19.0263 19.0263 19.0263 39.8121 39.8121 39.8121 39.8121 38.0789 38.0789 38.0789 38.0789 42.6380 42.6380 42.6380 42.6380 38.4708 38.4708 38.4708 38.4708 50.3587 50.3587 50.3587 50.3587 0.0000
F26_3 0.0000 51.0784 29.7321 18.6815 32.3883 26.9258 21.5407 32.3883 15.1327 10.1980 38.0789 20.6155 13.0000 16.1245 40.3113 52.0000 30.8058 18.1108 30.8058 45.2769 22.8035 20.6155 17.7200 15.0000 26.4764 17.1172 0.0000 0.0000 0.0000 0.0000 33.0606 33.0606 33.0606 33.0606 50.2494 50.2494 50.2494 50.2494 32.6497 32.6497 32.6497 32.6497 48.6004 48.6004 48.6004 48.6004 31.0483 31.0483 31.0483 31.0483 46.0109 46.0109 46.0109 46.0109 34.4819 34.4819 34.4819 34.4819 48.8365 48.8365 48.8365 48.8365 23.4094 23.4094 23.4094 23.4094 39.4588 39.4588 39.4588 39.4588 33.0151 33.0151 33.0151 33.0151 46.5725 46.5725 46.5725 46.5725 19.1050 19.1050 19.1050 19.1050 38.8973 38.8973 38.8973 38.8973 19.0263 19.0263 19.0263 19.0263 39.8121 39.8121 39.8121 39.8121 38.0789 38.0789 38.0789 38.0789 42.6380 42.6380 42.6380 42.6380 38.4708 38.4708 38.4708 38.4708 50.3587 50.3587 50.3587 50.3587 0.0000
F27 33.0606 26.0768 9.4340 42.9418 3.1623 11.3137 33.3017 65.3758 48.0000 43.0000 58.2495 33.2866 45.0999 34.0147 73.3348 26.6271 27.4591 38.4838 55.9464 60.4401 51.0784 35.6090 50.0899 48.0416 7.6158 50.0000 33.0606 33.0606 33.0606 33.0606 0.0000 0.0000 0.0000 0.0000 17.2627 17.2627 17.2627 17.2627 32.4500 32.4500 32.4500 32.4500 37.2156 37.2156 37.2156 37.2156 49.6488 49.6488 49.6488 49.6488 55.6058 55.6058 55.6058 55.6058 57.3062 57.3062 57.3062 57.3062 75.6439 75.6439 75.6439 75.6439 55.3263 55.3263 55.3263 55.3263 72.1110 72.1110 72.1110 72.1110 63.5689 63.5689 63.5689 63.5689 79.2465 79.2465 79.2465 79.2465 49.3356 49.3356 49.3356 49.3356 59.5483 59.5483 59.5483 59.5483 39.9625 39.9625 39.9625 39.9625 48.0208 48.0208 48.0208 48.0208 37.6962 37.6962 37.6962 37.6962 29.0000 29.0000 29.0000 29.0000 20.0250 20.0250 20.0250 20.0250 18.7883 18.7883 18.7883 18.7883 33.0606
F27_1 33.0606 26.0768 9.4340 42.9418 3.1623 11.3137 33.3017 65.3758 48.0000 43.0000 58.2495 33.2866 45.0999 34.0147 73.3348 26.6271 27.4591 38.4838 55.9464 60.4401 51.0784 35.6090 50.0899 48.0416 7.6158 50.0000 33.0606 33.0606 33.0606 33.0606 0.0000 0.0000 0.0000 0.0000 17.2627 17.2627 17.2627 17.2627 32.4500 32.4500 32.4500 32.4500 37.2156 37.2156 37.2156 37.2156 49.6488 49.6488 49.6488 49.6488 55.6058 55.6058 55.6058 55.6058 57.3062 57.3062 57.3062 57.3062 75.6439 75.6439 75.6439 75.6439 55.3263 55.3263 55.3263 55.3263 72.1110 72.1110 72.1110 72.1110 63.5689 63.5689 63.5689 63.5689 79.2465 79.2465 79.2465 79.2465 49.3356 49.3356 49.3356 49.3356 59.5483 59.5483 59.5483 59.5483 39.9625 39.9625 39.9625 39.9625 48.0208 48.0208 48.0208 48.0208 37.6962 37.6962 37.6962 37.6962 29.0000 29.0000 29.0000 29.0000 20.0250 20.0250 20.0250 20.0250 18.7883 18.7883 18.7883 18.7883 33.0606
F27_2 33.0606 26.0768 9.4340 42.9418 3.1623 11.3137 33.3017 65.3758 48.0000 43.0000 58.2495 33.2866 45.0999 34.0147 73.3348 26.6271 27.4591 38.4838 55.9464 60.4401 51.0784 35.6090 50.0899 48.0416 7.6158 50.0000 33.0606 33.0606 33.0606 33.0606 0.0000 0.0000 0.0000 0.0000 17.2627 17.2627 17.2627 17.2627 32.4500 32.4500 32.4500 32.4500 37.2156 37.2156 37.2156 37.2156 49.6488 49.6488 49.6488 49.6488 55.6058 55.6058 55.6058 55.6058 57.3062 57.3062 57.3062 57.3062 75.6439 75.6439 75.6439 75.6439 55.3263 55.3263 55.3263 55.3263 72.1110 72.1110 72.1110 72.1110 63.5689 63.5689 63.5689 63.5689 79.2465 79.2465 79.2465 79.2465 49.3356 49.3356 49.3356 49.3356 59.5483 59.5483 59.5483 59.5483 39.9625 39.9625 39.9625 39.9625 48.0208 48.0208 48.0208 48.0208 37.6962 37.6962 37.6962 37.6962 29.0000 29.0000 29.0000 29.0000 20.0250 20.0250 20.0250 20.0250 18.7883 18.7883 18.7883 18.7883 33.0606
F27_3 33.0606 26.0768 9.4340 42.9418 3.1623 11.3137 33.3017 65.3758 48.0000 43.0000 58.2495 33.2866 45.0999 34.0147 73.3348 26.6271 27.4591 38.4838 55.9464 60.4401 51.0784 35.6090 50.0899 48.0416 7.6158 50.0000 33.0606 33.0606 33.0606 33.0606 0.0000 0.0000 0.0000 0.0000 17.2627 17.2627 17.2627 17.2627 32.4500 32.4500 32.4500 32.4500 37.2156 37.2156 37.2156 37.2156 49.6488 49.6488 49.6488 49.6488 55.6058 55.6058 55.6058 55.6058 57.3062 57.3062 57.3062 57.3062 75.6439 75.6439 75.6439 75.6439 55.3263 55.3263 55.3263 55.3263 72.1110 72.1110 72.1110 72.1110 63.5689 63.5689 63.5689 63.5689 79.2465 79.2465 79.2465 79.2465 49.3356 49.3356 49.3356 49.3356 59.5483 59.5483 59.5483 59.5483 39.9625 39.9625 39.9625 39.9625 48.0208 48.0208 48.0208 48.0208 37.6962 37.6962 37.6962 37.6962 29.0000 29.0000 29.0000 29.0000 20.0250 20.0250 20.0250 20.0250 18.7883 18.7883 18.7883 18.7883 33.0606
F28 50.2494 25.1794 22.5610 59.6154 18.0000 25.4951 48.8774 82.6075 65.0692 60.0750 71.5891 47.4342 62.0000 49.2443 90.5539 25.0799 37.7359 53.6004 70.8802 74.3303 68.0074 51.4782 67.0000 65.1920 24.0000 67.0671 50.2494 50.2494 50.2494 50.2494 17.2627 17.2627 17.2627 17.2627 0.0000 0.0000 0.0000 0.0000 42.4382 42.4382 42.4382 42.4382 39.9625 39.9625 39.9625 39.9625 63.1585 63.1585 63.1585 63.1585 65.4370 65.4370 65.4370 65.4370 71.5122 71.5122 71.5122 71.5122 90.4434 90.4434 90.4434 90.4434 72.0625 72.0625 72.0625 72.0625 89.0056 89.0056 89.0056 89.0056 80.6536 80.6536 80.6536 80.6536 96.5091 96.5091 96.5091 96.5091 66.4831 66.4831 66.4831 66.4831 74.8866 74.8866 74.8866 74.8866 56.3649 56.3649 56.3649 56.3649 60.8276 60.8276 60.8276 60.8276 49.0408 49.0408 49.0408 49.0408 36.2353 36.2353 36.2353 36.2353 28.0179 28.0179 28.0179 28.0179 11.0000 11.0000 11.0000 11.0000 50.2494
F28_1 50.2494 25.1794 22.5610 59.6154 18.0000 25.4951 48.8774 82.6075 65.0692 60.0750 71.5891 47.4342 62.0000 49.2443 90.5539 25.0799 37.7359 53.6004 70.8802 74.3303 68.0074 51.4782 67.0000 65.1920 24.0000 67.0671 50.2494 50.2494 50.2494 50.2494 17.2627 17.2627 17.2627 17.2627 0.0000 0.0000 0.0000 0.0000 42.4382 42.4382 42.4382 42.4382 39.9625 39.9625 39.9625 39.9625 63.1585 63.1585 63.1585 63.1585 65.4370 65.4370 65.4370 65.4370 71.5122 71.5122 71.5122 71.5122 90.4434 90.4434 90.4434 90.4434 72.0625 72.0625 72.0625 72.0625 89.0056 89.0056 89.0056 89.0056 80.6536 80.6536 80.6536 80.6536 96.5091 96.5091 96.5091 96.5091 66.4831 66.4831 66.4831 66.4831 74.8866 74.8866 74.8866 74.8866 56.3649 56.3649 56.3649 56.3649 60.8276 60.8276 60.8276 60.8276 49.0408 49.0408 49.0408 49.0408 36.2353 36.2353 36.2353 36.2353 28.0179 28.0179 28.0179 28.0179 11.0000 11.0000 11.0000 11.0000 50.2494
F28_2 50.2494 25.1794 22.5610 59.6154 18.0000 25.4951 48.8774 82.6075 65.0692 60.0750 71.5891 47.4342 62.0000 49.2443 90.5539 25.0799 37.7359 53.6004 70.8802 74.3303 68.0074 51.4782 67.0000 65.1920 24.0000 67.0671 50.2494 50.2494 50.2494 50.2494 17.2627 17.2627 17.2627 17.2627 0.0000 0.0000 0.0000 0.0000 42.4382 42.4382 42.4382 42.4382 39.9625 39.9625 39.9625 39.9625 63.1585 63.1585 63.1585 63.1585 65.4370 65.4370 65.4370 65.4370 71.5122 71.5122 71.5122 71.5122 90.4434 90.4434 90.4434 90.4434 72.0625 72.0625 72.0625 72.0625 89.0056 89.0056 89.0056 89.0056 80.6536 80.6536 80.6536 80.6536 96.5091 96.5091 96.5091 96.5091 66.4831 66.4831 66.4831 66.4831 74.8866 74.8866 74.8866 74.8866 56.3649 56.3649 56.3649 56.3649 60.8276 60.8276 60.8276 60.8276 49.0408 49.0408 49.0408 49.0408 36.2353 36.2353 36.2353 36.2353 28.0179 28.0179 28.0179 28.0179 11.0000 11.0000 11.0000 11.0000 50.2494
F28_3 50.2494 25.1794 22.5610 59.6154 18.0000 25.4951 48.8774 82.6075 65.0692 60.0750 71.5891 47.4342 62.0000 49.2443 90.5539 25.0799 37.7359 53.6004 70.8802 74.3303 68.0074 51.4782 67.0000 65.1920 24.0000 67.0671 50.2494 50.2494 50.2494 50.2494 17.2627 17.2627 17.2627 17.2627 0.0000 0.0000 0.0000 0.0000 42.4382 42.4382 42.4382 42.4382 39.9625 39.9625 39.9625 39.9625 63.1585 63.1585 63.1585 63.1585 65.4370 65.4370 65.4370 65.4370 71.5122 71.5122 71.5122 71.5122 90.4434 90.4434 90.4434 90.4434 72.0625 72.0625 72.0625 72.0625 89.0056 89.0056 89.0056 89.0056 80.6536 80.6536 80.6536 80.6536 96.5091 96.5091 96.5091 96.5091 66.4831 66.4831 66.4831 66.4831 74.8866 74.8866 74.8866 74.8866 56.3649 56.3649 56.3649 56.3649 60.8276 60.8276 60.8276 60.8276 49.0408 49.0408 49.0408 49.0408 36.2353 36.2353 36.2353 36.2353 28.0179 28.0179 28.0179 28.0179 11.0000 11.0000 11.0000 11.0000 50.2494
F29 32.6497 58.5235 23.0217 51.0784 29.4109 21.4709 49.4975 58.0086 40.3609 36.7967 30.5941 13.4536 36.1248 18.3848 64.6607 59.0762 5.0000 20.2485 33.2415 76.6551 55.2268 50.0100 40.0000 41.7253 26.4008 41.8688 32.6497 32.6497 32.6497 32.6497 32.4500 32.4500 32.4500 32.4500 42.4382 42.4382 42.4382 42.4382 0.0000 0.0000 0.0000 0.0000 17.2047 17.2047 17.2047 17.2047 23.0217 23.0217 23.0217 23.0217 23.3452 23.3452 23.3452 23.3452 32.0156 32.0156 32.0156 32.0156 51.1566 51.1566 51.1566 51.1566 42.5441 42.5441 42.5441 42.5441 58.6941 58.6941 58.6941 58.6941 63.7809 63.7809 63.7809 63.7809 72.6705 72.6705 72.6705 72.6705 51.0392 51.0392 51.0392 51.0392 71.3092 71.3092 71.3092 71.3092 50.5964 50.5964 50.5964 50.5964 68.3593 68.3593 68.3593 68.3593 62.1289 62.1289 62.1289 62.1289 58.8218 58.8218 58.8218 58.8218 50.6952 50.6952 50.6952 50.6952 49.4975 49.4975 49.4975 49.4975 32.6497
