# set
set V := C1 C2 C3 C4 C5 C6 C7 C8 C9 C10 C11 C12 C13 C14 C15 C16 C17 C18 C19 C20 C21 C22 C23 C24 C25 ;
set F := F26 F27 F28 F29 F30 F31 F32 F33 F34 F35 F36 F37 F38 F39 F40 F41 F42 F43 F44 F45 F46 F26_1 F26_2 F26_3 F27_1 F27_2 F27_3 F28_1 F28_2 F28_3 F29_1 F29_2 F29_3 F30_1 F30_2 F30_3 F31_1 F31_2 F31_3 F32_1 F32_2 F32_3 F33_1 F33_2 F33_3 F34_1 F34_2 F34_3 F35_1 F35_2 F35_3 F36_1 F36_2 F36_3 F37_1 F37_2 F37_3 F38_1 F38_2 F38_3 F39_1 F39_2 F39_3 F40_1 F40_2 F40_3 F41_1 F41_2 F41_3 F42_1 F42_2 F42_3 F43_1 F43_2 F43_3 F44_1 F44_2 F44_3 F45_1 F45_2 F45_3 F46_1 F46_2 F46_3 ;
set D0 := N0;
set Dσ := Nσ;

# param
param Cf := 200;		# ECV fixed cost
param C := 700;		# ECV max load
param Q := 118.12;		# ECV/BSV battery level
param h := 1;		# ECV consumption

param CB := 60;		# BSV fixed cost
param Qplun := 5;		# BSV max load
param hplun := 1;		# BSV consumption
param W := 236.24;		# BSV battery level

param Cde := 1;		# ECV cost per unit distance
param Cdb := 1;		# BSV cost per unit distance
param lamda := 0;	# battery swap time
param n := 25;		# number of customers
param g := 6.87;	# recharging rate
param Cr := 100;		# recharging cost
param Ct := 10;		# travel cost
param Cs ;		# battery swap cost

param m :=
N0 0
C1 20
C2 40
C3 20
C4 20
C5 10
C6 10
C7 10
C8 10
C9 40
C10 40
C11 10
C12 10
C13 10
C14 10
C15 20
C16 20
C17 20
C18 10
C19 10
C20 10
C21 20
C22 40
C23 20
C24 10
C25 10
F26 0
F26_1 0
F26_2 0
F26_3 0
F27 0
F27_1 0
F27_2 0
F27_3 0
F28 0
F28_1 0
F28_2 0
F28_3 0
F29 0
F29_1 0
F29_2 0
F29_3 0
F30 0
F30_1 0
F30_2 0
F30_3 0
F31 0
F31_1 0
F31_2 0
F31_3 0
F32 0
F32_1 0
F32_2 0
F32_3 0
F33 0
F33_1 0
F33_2 0
F33_3 0
F34 0
F34_1 0
F34_2 0
F34_3 0
F35 0
F35_1 0
F35_2 0
F35_3 0
F36 0
F36_1 0
F36_2 0
F36_3 0
F37 0
F37_1 0
F37_2 0
F37_3 0
F38 0
F38_1 0
F38_2 0
F38_3 0
F39 0
F39_1 0
F39_2 0
F39_3 0
F40 0
F40_1 0
F40_2 0
F40_3 0
F41 0
F41_1 0
F41_2 0
F41_3 0
F42 0
F42_1 0
F42_2 0
F42_3 0
F43 0
F43_1 0
F43_2 0
F43_3 0
F44 0
F44_1 0
F44_2 0
F44_3 0
F45 0
F45_1 0
F45_2 0
F45_3 0
F46 0
F46_1 0
F46_2 0
F46_3 0
Nσ 0
;

param e :=
N0 0
C1 0
C2 2216
C3 1256
C4 0
C5 0
C6 0
C7 0
C8 0
C9 0
C10 0
C11 0
C12 407
C13 0
C14 0
C15 0
C16 0
C17 0
C18 0
C19 0
C20 0
C21 0
C22 2504
C23 0
C24 0
C25 0
F26 0
F26_1 0
F26_2 0
F26_3 0
F27 0
F27_1 0
F27_2 0
F27_3 0
F28 0
F28_1 0
F28_2 0
F28_3 0
F29 0
F29_1 0
F29_2 0
F29_3 0
F30 0
F30_1 0
F30_2 0
F30_3 0
F31 0
F31_1 0
F31_2 0
F31_3 0
F32 0
F32_1 0
F32_2 0
F32_3 0
F33 0
F33_1 0
F33_2 0
F33_3 0
F34 0
F34_1 0
F34_2 0
F34_3 0
F35 0
F35_1 0
F35_2 0
F35_3 0
F36 0
F36_1 0
F36_2 0
F36_3 0
F37 0
F37_1 0
F37_2 0
F37_3 0
F38 0
F38_1 0
F38_2 0
F38_3 0
F39 0
F39_1 0
F39_2 0
F39_3 0
F40 0
F40_1 0
F40_2 0
F40_3 0
F41 0
F41_1 0
F41_2 0
F41_3 0
F42 0
F42_1 0
F42_2 0
F42_3 0
F43 0
F43_1 0
F43_2 0
F43_3 0
F44 0
F44_1 0
F44_2 0
F44_3 0
F45 0
F45_1 0
F45_2 0
F45_3 0
F46 0
F46_1 0
F46_2 0
F46_3 0
Nσ 0
;

param l :=
N0 3390
C1 3266
C2 2376
C3 1416
C4 3264
C5 3289
C6 3270
C7 3279
C8 3290
C9 3259
C10 3266
C11 3273
C12 567
C13 3277
C14 3276
C15 3260
C16 3273
C17 3288
C18 3282
C19 3274
C20 3283
C21 3260
C22 2664
C23 3259
C24 3278
C25 3260
F26 3390
F26_1 3390
F26_2 3390
F26_3 3390
F27 3390
F27_1 3390
F27_2 3390
F27_3 3390
F28 3390
F28_1 3390
F28_2 3390
F28_3 3390
F29 3390
F29_1 3390
F29_2 3390
F29_3 3390
F30 3390
F30_1 3390
F30_2 3390
F30_3 3390
F31 3390
F31_1 3390
F31_2 3390
F31_3 3390
F32 3390
F32_1 3390
F32_2 3390
F32_3 3390
F33 3390
F33_1 3390
F33_2 3390
F33_3 3390
F34 3390
F34_1 3390
F34_2 3390
F34_3 3390
F35 3390
F35_1 3390
F35_2 3390
F35_3 3390
F36 3390
F36_1 3390
F36_2 3390
F36_3 3390
F37 3390
F37_1 3390
F37_2 3390
F37_3 3390
F38 3390
F38_1 3390
F38_2 3390
F38_3 3390
F39 3390
F39_1 3390
F39_2 3390
F39_3 3390
F40 3390
F40_1 3390
F40_2 3390
F40_3 3390
F41 3390
F41_1 3390
F41_2 3390
F41_3 3390
F42 3390
F42_1 3390
F42_2 3390
F42_3 3390
F43 3390
F43_1 3390
F43_2 3390
F43_3 3390
F44 3390
F44_1 3390
F44_2 3390
F44_3 3390
F45 3390
F45_1 3390
F45_2 3390
F45_3 3390
F46 3390
F46_1 3390
F46_2 3390
F46_3 3390
Nσ 3390
;

param s :=
N0 0
C1 90
C2 90
C3 90
C4 90
C5 90
C6 90
C7 90
C8 90
C9 90
C10 90
C11 90
C12 90
C13 90
C14 90
C15 90
C16 90
C17 90
C18 90
C19 90
C20 90
C21 90
C22 90
C23 90
C24 90
C25 90
F26 0
F26_1 0
F26_2 0
F26_3 0
F27 0
F27_1 0
F27_2 0
F27_3 0
F28 0
F28_1 0
F28_2 0
F28_3 0
F29 0
F29_1 0
F29_2 0
F29_3 0
F30 0
F30_1 0
F30_2 0
F30_3 0
F31 0
F31_1 0
F31_2 0
F31_3 0
F32 0
F32_1 0
F32_2 0
F32_3 0
F33 0
F33_1 0
F33_2 0
F33_3 0
F34 0
F34_1 0
F34_2 0
F34_3 0
F35 0
F35_1 0
F35_2 0
F35_3 0
F36 0
F36_1 0
F36_2 0
F36_3 0
F37 0
F37_1 0
F37_2 0
F37_3 0
F38 0
F38_1 0
F38_2 0
F38_3 0
F39 0
F39_1 0
F39_2 0
F39_3 0
F40 0
F40_1 0
F40_2 0
F40_3 0
F41 0
F41_1 0
F41_2 0
F41_3 0
F42 0
F42_1 0
F42_2 0
F42_3 0
F43 0
F43_1 0
F43_2 0
F43_3 0
F44 0
F44_1 0
F44_2 0
F44_3 0
F45 0
F45_1 0
F45_2 0
F45_3 0
F46 0
F46_1 0
F46_2 0
F46_3 0
Nσ 0
;

param d : N0 C1 C2 C3 C4 C5 C6 C7 C8 C9 C10 C11 C12 C13 C14 C15 C16 C17 C18 C19 C20 C21 C22 C23 C24 C25 F26 F26_1 F26_2 F26_3 F27 F27_1 F27_2 F27_3 F28 F28_1 F28_2 F28_3 F29 F29_1 F29_2 F29_3 F30 F30_1 F30_2 F30_3 F31 F31_1 F31_2 F31_3 F32 F32_1 F32_2 F32_3 F33 F33_1 F33_2 F33_3 F34 F34_1 F34_2 F34_3 F35 F35_1 F35_2 F35_3 F36 F36_1 F36_2 F36_3 F37 F37_1 F37_2 F37_3 F38 F38_1 F38_2 F38_3 F39 F39_1 F39_2 F39_3 F40 F40_1 F40_2 F40_3 F41 F41_1 F41_2 F41_3 F42 F42_1 F42_2 F42_3 F43 F43_1 F43_2 F43_3 F44 F44_1 F44_2 F44_3 F45 F45_1 F45_2 F45_3 F46 F46_1 F46_2 F46_3 Nσ  :=
N0 0.0000 33.3017 36.0555 45.1774 35.3553 10.7703 29.0689 20.0998 10.0000 40.0500 33.5261 26.4764 33.5410 22.3607 23.8537 39.2938 26.9072 11.6619 17.1172 25.3180 16.7631 39.2938 24.0832 40.3113 21.2132 39.0512 0.0000 0.0000 0.0000 0.0000 33.0606 33.0606 33.0606 33.0606 50.2494 50.2494 50.2494 50.2494 32.6497 32.6497 32.6497 32.6497 48.6004 48.6004 48.6004 48.6004 31.0483 31.0483 31.0483 31.0483 46.0109 46.0109 46.0109 46.0109 34.4819 34.4819 34.4819 34.4819 48.8365 48.8365 48.8365 48.8365 23.4094 23.4094 23.4094 23.4094 39.4588 39.4588 39.4588 39.4588 33.0151 33.0151 33.0151 33.0151 46.5725 46.5725 46.5725 46.5725 19.1050 19.1050 19.1050 19.1050 38.8973 38.8973 38.8973 38.8973 19.0263 19.0263 19.0263 19.0263 39.8121 39.8121 39.8121 39.8121 38.0789 38.0789 38.0789 38.0789 42.6380 42.6380 42.6380 42.6380 38.4708 38.4708 38.4708 38.4708 50.3587 50.3587 50.3587 50.3587 0.0000
C1 33.3017 0.0000 5.3852 74.6726 3.0000 39.3573 44.4072 51.0000 27.7308 69.2892 36.4005 52.0000 37.3363 55.2178 57.0088 69.4622 40.3113 22.4722 23.5372 56.3560 19.2354 38.4838 9.8489 34.9857 40.6079 5.8310 33.3017 33.3017 33.3017 33.3017 59.6154 59.6154 59.6154 59.6154 74.7262 74.7262 74.7262 74.7262 37.2156 37.2156 37.2156 37.2156 52.8867 52.8867 52.8867 52.8867 14.8661 14.8661 14.8661 14.8661 29.6985 29.6985 29.6985 29.6985 7.0711 7.0711 7.0711 7.0711 16.1245 16.1245 16.1245 16.1245 17.0000 17.0000 17.0000 17.0000 25.4951 25.4951 25.4951 25.4951 44.2832 44.2832 44.2832 44.2832 43.5660 43.5660 43.5660 43.5660 38.8330 38.8330 38.8330 38.8330 62.8013 62.8013 62.8013 62.8013 48.7545 48.7545 48.7545 48.7545 70.6824 70.6824 70.6824 70.6824 71.0282 71.0282 71.0282 71.0282 75.6902 75.6902 75.6902 75.6902 70.6045 70.6045 70.6045 70.6045 78.3901 78.3901 78.3901 78.3901 33.3017
C2 36.0555 5.3852 0.0000 78.7464 7.0711 43.0813 43.4166 54.6260 31.6228 73.3757 41.7612 52.3546 35.0000 58.3095 59.9083 70.4557 39.2938 26.0000 28.1603 60.0083 20.5183 43.8634 14.1421 40.3113 45.2769 5.0000 36.0555 36.0555 36.0555 36.0555 59.9416 59.9416 59.9416 59.9416 74.3303 74.3303 74.3303 74.3303 35.0143 35.0143 35.0143 35.0143 49.8197 49.8197 49.8197 49.8197 12.0000 12.0000 12.0000 12.0000 24.8395 24.8395 24.8395 24.8395 3.0000 3.0000 3.0000 3.0000 16.2788 16.2788 16.2788 16.2788 22.0907 22.0907 22.0907 22.0907 30.6105 30.6105 30.6105 30.6105 49.4975 49.4975 49.4975 49.4975 48.8774 48.8774 48.8774 48.8774 43.4166 43.4166 43.4166 43.4166 67.4759 67.4759 67.4759 67.4759 52.5547 52.5547 52.5547 52.5547 74.4648 74.4648 74.4648 74.4648 74.0945 74.0945 74.0945 74.0945 77.8332 77.8332 77.8332 77.8332 72.2496 72.2496 72.2496 72.2496 78.7147 78.7147 78.7147 78.7147 36.0555
C3 45.1774 74.6726 78.7464 0.0000 75.7694 35.9026 66.4831 25.0799 47.1275 5.3852 50.2096 54.6260 75.8024 25.7099 26.5707 48.7955 66.4906 52.8867 51.4782 20.0000 61.6604 54.6717 64.8460 59.4643 35.5106 80.4114 45.1774 45.1774 45.1774 45.1774 55.2268 55.2268 55.2268 55.2268 67.9412 67.9412 67.9412 67.9412 74.8131 74.8131 74.8131 74.8131 87.6413 87.6413 87.6413 87.6413 75.9539 75.9539 75.9539 75.9539 91.1373 91.1373 91.1373 91.1373 77.8845 77.8845 77.8845 77.8845 87.6584 87.6584 87.6584 87.6584 59.0339 59.0339 59.0339 59.0339 66.7083 66.7083 66.7083 66.7083 40.4599 40.4599 40.4599 40.4599 59.0762 59.0762 59.0762 59.0762 36.7151 36.7151 36.7151 36.7151 17.8885 17.8885 17.8885 17.8885 26.4764 26.4764 26.4764 26.4764 7.2111 7.2111 7.2111 7.2111 19.2094 19.2094 19.2094 19.2094 34.1321 34.1321 34.1321 34.1321 40.3609 40.3609 40.3609 40.3609 60.3075 60.3075 60.3075 60.3075 45.1774
C4 35.3553 3.0000 7.0711 75.7694 0.0000 40.8167 47.3814 52.4786 29.1548 70.3847 35.6931 54.7814 40.3113 57.0088 58.8982 72.0694 43.2897 24.2074 24.3516 57.8014 21.9317 37.3363 11.4018 33.5410 41.2311 5.0000 35.3553 35.3553 35.3553 35.3553 62.3939 62.3939 62.3939 62.3939 77.6209 77.6209 77.6209 77.6209 40.1995 40.1995 40.1995 40.1995 55.7853 55.7853 55.7853 55.7853 17.7200 17.7200 17.7200 17.7200 31.8904 31.8904 31.8904 31.8904 9.4340 9.4340 9.4340 9.4340 13.6015 13.6015 13.6015 13.6015 17.2627 17.2627 17.2627 17.2627 23.6008 23.6008 23.6008 23.6008 44.0454 44.0454 44.0454 44.0454 42.0595 42.0595 42.0595 42.0595 39.5601 39.5601 39.5601 39.5601 63.3482 63.3482 63.3482 63.3482 50.1199 50.1199 50.1199 50.1199 72.0069 72.0069 72.0069 72.0069 72.8011 72.8011 72.8011 72.8011 77.8974 77.8974 77.8974 77.8974 73.0068 73.0068 73.0068 73.0068 81.1542 81.1542 81.1542 81.1542 35.3553
C5 10.7703 39.3573 43.0813 35.9026 40.8167 0.0000 38.9487 11.6619 11.6619 30.5941 28.0000 33.5410 44.2832 17.2047 19.7231 42.0000 37.2022 17.0880 17.6918 17.0000 26.0192 34.0000 29.5296 36.3456 12.0830 45.1774 10.7703 10.7703 10.7703 10.7703 38.8973 38.8973 38.8973 38.8973 56.0446 56.0446 56.0446 56.0446 43.3820 43.3820 43.3820 43.3820 59.0762 59.0762 59.0762 59.0762 40.1995 40.1995 40.1995 40.1995 56.0803 56.0803 56.0803 56.0803 42.0595 42.0595 42.0595 42.0595 53.6004 53.6004 53.6004 53.6004 25.4558 25.4558 25.4558 25.4558 38.4838 38.4838 38.4838 38.4838 24.6982 24.6982 24.6982 24.6982 41.0488 41.0488 41.0488 41.0488 10.4403 10.4403 10.4403 10.4403 28.1603 28.1603 28.1603 28.1603 9.4868 9.4868 9.4868 9.4868 31.3847 31.3847 31.3847 31.3847 32.5269 32.5269 32.5269 32.5269 40.7185 40.7185 40.7185 40.7185 38.8330 38.8330 38.8330 38.8330 54.1479 54.1479 54.1479 54.1479 10.7703
C6 29.0689 44.4072 43.4166 66.4831 47.3814 38.9487 0.0000 43.8292 37.2156 62.2977 61.2944 14.5602 13.0384 40.8044 40.0250 33.1210 4.1231 34.5398 42.5441 47.5395 27.1662 66.6408 40.1123 66.4831 50.2494 48.2701 29.0689 29.0689 29.0689 29.0689 20.2485 20.2485 20.2485 20.2485 31.3050 31.3050 31.3050 31.3050 12.2066 12.2066 12.2066 12.2066 21.1896 21.1896 21.1896 21.1896 31.9531 31.9531 31.9531 31.9531 35.4683 35.4683 35.4683 35.4683 40.5216 40.5216 40.5216 40.5216 59.6657 59.6657 59.6657 59.6657 45.3542 45.3542 45.3542 45.3542 62.3699 62.3699 62.3699 62.3699 62.0081 62.0081 62.0081 62.0081 73.8241 73.8241 73.8241 73.8241 48.1664 48.1664 48.1664 48.1664 65.5134 65.5134 65.5134 65.5134 44.4185 44.4185 44.4185 44.4185 59.6657 59.6657 59.6657 59.6657 52.0865 52.0865 52.0865 52.0865 47.2969 47.2969 47.2969 47.2969 38.8973 38.8973 38.8973 38.8973 37.5366 37.5366 37.5366 37.5366 29.0689
C7 20.0998 51.0000 54.6260 25.0799 52.4786 11.6619 43.8292 0.0000 23.3238 20.0000 35.4401 34.6554 51.6624 8.0000 11.0000 37.3631 43.0813 28.6356 29.0689 5.3852 36.6742 41.2311 41.1825 44.5982 17.7200 56.8243 20.0998 20.0998 20.0998 20.0998 38.0132 38.0132 38.0132 38.0132 54.1202 54.1202 54.1202 54.1202 50.6952 50.6952 50.6952 50.6952 64.8845 64.8845 64.8845 64.8845 50.9902 50.9902 50.9902 50.9902 66.0681 66.0681 66.0681 66.0681 53.4883 53.4883 53.4883 53.4883 65.2150 65.2150 65.2150 65.2150 36.8782 36.8782 36.8782 36.8782 48.5489 48.5489 48.5489 48.5489 29.0172 29.0172 29.0172 29.0172 47.6760 47.6760 47.6760 47.6760 17.4642 17.4642 17.4642 17.4642 22.0227 22.0227 22.0227 22.0227 3.1623 3.1623 3.1623 3.1623 19.9249 19.9249 19.9249 19.9249 21.4009 21.4009 21.4009 21.4009 31.7805 31.7805 31.7805 31.7805 32.0624 32.0624 32.0624 32.0624 50.0000 50.0000 50.0000 50.0000 20.0998
C8 10.0000 27.7308 31.6228 47.1275 29.1548 11.6619 37.2156 23.3238 0.0000 41.7612 24.1661 36.3456 39.0512 28.2843 30.4795 49.0306 34.4093 6.0000 7.2801 28.6531 16.7631 29.7321 17.8885 30.4138 15.8114 33.5410 10.0000 10.0000 10.0000 10.0000 43.0465 43.0465 43.0465 43.0465 60.2080 60.2080 60.2080 60.2080 38.2884 38.2884 38.2884 38.2884 55.1543 55.1543 55.1543 55.1543 30.0666 30.0666 30.0666 30.0666 46.8722 46.8722 46.8722 46.8722 30.8058 30.8058 30.8058 30.8058 42.0119 42.0119 42.0119 42.0119 14.4222 14.4222 14.4222 14.4222 29.6142 29.6142 29.6142 29.6142 25.4951 25.4951 25.4951 25.4951 37.0000 37.0000 37.0000 37.0000 13.6015 13.6015 13.6015 13.6015 37.0540 37.0540 37.0540 37.0540 21.0238 21.0238 21.0238 21.0238 42.9535 42.9535 42.9535 42.9535 43.9318 43.9318 43.9318 43.9318 50.7740 50.7740 50.7740 50.7740 47.5395 47.5395 47.5395 47.5395 60.2993 60.2993 60.2993 60.2993 10.0000
C9 40.0500 69.2892 73.3757 5.3852 70.3847 30.5941 62.2977 20.0000 41.7612 0.0000 45.3431 51.0000 71.1969 21.5407 22.8254 46.8615 62.0967 47.5395 46.0977 15.1327 56.4358 50.0000 59.4643 54.6717 30.2324 75.0267 40.0500 40.0500 40.0500 40.0500 52.2015 52.2015 52.2015 52.2015 65.7951 65.7951 65.7951 65.7951 70.2140 70.2140 70.2140 70.2140 83.4865 83.4865 83.4865 83.4865 70.7107 70.7107 70.7107 70.7107 86.0523 86.0523 86.0523 86.0523 72.5328 72.5328 72.5328 72.5328 82.2982 82.2982 82.2982 82.2982 53.6656 53.6656 53.6656 53.6656 61.6198 61.6198 61.6198 61.6198 35.8050 35.8050 35.8050 35.8050 54.7083 54.7083 54.7083 54.7083 31.3847 31.3847 31.3847 31.3847 14.3178 14.3178 14.3178 14.3178 21.2132 21.2132 21.2132 21.2132 6.0828 6.0828 6.0828 6.0828 18.3848 18.3848 18.3848 18.3848 33.6155 33.6155 33.6155 33.6155 38.8330 38.8330 38.8330 38.8330 58.8218 58.8218 58.8218 58.8218 40.0500
C10 33.5261 36.4005 41.7612 50.2096 35.6931 28.0000 61.2944 35.4401 24.1661 45.3431 0.0000 59.9083 61.7171 43.1741 46.0977 70.0000 58.3095 27.2029 19.2094 39.0000 37.4833 6.0000 29.5296 9.4340 17.7200 40.6079 33.5261 33.5261 33.5261 33.5261 66.0984 66.0984 66.0984 66.0984 83.3607 83.3607 83.3607 83.3607 61.0737 61.0737 61.0737 61.0737 78.2432 78.2432 78.2432 78.2432 46.6476 46.6476 46.6476 46.6476 64.0078 64.0078 64.0078 64.0078 42.7200 42.7200 42.7200 42.7200 43.1856 43.1856 43.1856 43.1856 20.5913 20.5913 20.5913 20.5913 17.4642 17.4642 17.4642 17.4642 10.2956 10.2956 10.2956 10.2956 13.1529 13.1529 13.1529 13.1529 18.2483 18.2483 18.2483 18.2483 33.6006 33.6006 33.6006 33.6006 32.2800 32.2800 32.2800 32.2800 49.4065 49.4065 49.4065 49.4065 55.9464 55.9464 55.9464 55.9464 67.1863 67.1863 67.1863 67.1863 66.4831 66.4831 66.4831 66.4831 82.0975 82.0975 82.0975 82.0975 33.5261
C11 26.4764 52.0000 52.3546 54.6260 54.7814 33.5410 14.5602 34.6554 36.3456 51.0000 59.9083 0.0000 27.3130 29.6816 28.1780 19.2094 17.0000 36.0139 43.1045 37.2022 32.8938 65.7343 45.3542 66.7533 45.6180 56.7979 26.4764 26.4764 26.4764 26.4764 7.6158 7.6158 7.6158 7.6158 24.0000 24.0000 24.0000 24.0000 26.4008 26.4008 26.4008 26.4008 34.1321 34.1321 34.1321 34.1321 42.2019 42.2019 42.2019 42.2019 49.0918 49.0918 49.0918 49.0918 49.7393 49.7393 49.7393 49.7393 68.0294 68.0294 68.0294 68.0294 48.0937 48.0937 48.0937 48.0937 65.0077 65.0077 65.0077 65.0077 58.1808 58.1808 58.1808 58.1808 73.0068 73.0068 73.0068 73.0068 43.8634 43.8634 43.8634 43.8634 56.6392 56.6392 56.6392 56.6392 36.1248 36.1248 36.1248 36.1248 47.5395 47.5395 47.5395 47.5395 38.6394 38.6394 38.6394 38.6394 32.7567 32.7567 32.7567 32.7567 24.3516 24.3516 24.3516 24.3516 26.4008 26.4008 26.4008 26.4008 26.4764
C12 33.5410 37.3363 35.0000 75.8024 40.3113 44.2832 13.0384 51.6624 39.0512 71.1969 61.7171 27.3130 0.0000 50.2494 50.0400 46.1411 10.4403 34.6554 42.5206 56.0892 24.4131 66.4003 35.8469 65.1920 54.0833 40.0000 33.5410 33.5410 33.5410 33.5410 33.2866 33.2866 33.2866 33.2866 43.0116 43.0116 43.0116 43.0116 1.0000 1.0000 1.0000 1.0000 16.6433 16.6433 16.6433 16.6433 23.0000 23.0000 23.0000 23.0000 22.6274 22.6274 22.6274 22.6274 32.0000 32.0000 32.0000 32.0000 51.0882 51.0882 51.0882 51.0882 43.0465 43.0465 43.0465 43.0465 59.0931 59.0931 59.0931 59.0931 64.5368 64.5368 64.5368 64.5368 73.2393 73.2393 73.2393 73.2393 51.8652 51.8652 51.8652 51.8652 72.2357 72.2357 72.2357 72.2357 51.5461 51.5461 51.5461 51.5461 69.3542 69.3542 69.3542 69.3542 63.1269 63.1269 63.1269 63.1269 59.7746 59.7746 59.7746 59.7746 51.6236 51.6236 51.6236 51.6236 50.2096 50.2096 50.2096 50.2096 33.5410
C13 22.3607 55.2178 58.3095 25.7099 57.0088 17.2047 40.8044 8.0000 28.2843 21.5407 43.1741 29.6816 50.2494 0.0000 3.0000 29.7321 40.7922 32.8024 34.8281 7.8102 39.0000 49.0306 45.6070 52.2015 25.4951 61.0328 22.3607 22.3607 22.3607 22.3607 31.8277 31.8277 31.8277 31.8277 47.1699 47.1699 47.1699 47.1699 49.2544 49.2544 49.2544 49.2544 61.9839 61.9839 61.9839 61.9839 53.1413 53.1413 53.1413 53.1413 66.9104 66.9104 66.9104 66.9104 56.8243 56.8243 56.8243 56.8243 70.1783 70.1783 70.1783 70.1783 42.5206 42.5206 42.5206 42.5206 55.4707 55.4707 55.4707 55.4707 37.0135 37.0135 37.0135 37.0135 55.5788 55.5788 55.5788 55.5788 25.0000 25.0000 25.0000 25.0000 27.8029 27.8029 27.8029 27.8029 11.0454 11.0454 11.0454 11.0454 19.1050 19.1050 19.1050 19.1050 15.8114 15.8114 15.8114 15.8114 24.0416 24.0416 24.0416 24.0416 24.0832 24.0832 24.0832 24.0832 42.3792 42.3792 42.3792 42.3792 22.3607
C14 23.8537 57.0088 59.9083 26.5707 58.8982 19.7231 40.0250 11.0000 30.4795 22.8254 46.0977 28.1780 50.0400 3.0000 0.0000 26.9258 40.3113 34.7131 37.2022 10.2956 40.2492 51.9711 47.5079 55.0818 28.4429 62.8013 23.8537 23.8537 23.8537 23.8537 29.7321 29.7321 29.7321 29.7321 44.6542 44.6542 44.6542 44.6542 49.0408 49.0408 49.0408 49.0408 61.1310 61.1310 61.1310 61.1310 54.2310 54.2310 54.2310 54.2310 67.4685 67.4685 67.4685 67.4685 58.3095 58.3095 58.3095 58.3095 72.1803 72.1803 72.1803 72.1803 44.8219 44.8219 44.8219 44.8219 58.1378 58.1378 58.1378 58.1378 40.0125 40.0125 40.0125 40.0125 58.5491 58.5491 58.5491 58.5491 27.8927 27.8927 27.8927 27.8927 30.2324 30.2324 30.2324 30.2324 14.0357 14.0357 14.0357 14.0357 19.6469 19.6469 19.6469 19.6469 14.3178 14.3178 14.3178 14.3178 21.1896 21.1896 21.1896 21.1896 21.0950 21.0950 21.0950 21.0950 39.5601 39.5601 39.5601 39.5601 23.8537
C15 39.2938 69.4622 70.4557 48.7955 72.0694 42.0000 33.1210 37.3631 49.0306 46.8615 70.0000 19.2094 46.1411 29.7321 26.9258 0.0000 36.0555 50.5964 56.2939 37.1618 50.2494 76.0000 61.7414 78.1601 53.2353 74.6257 39.2938 39.2938 39.2938 39.2938 13.0000 13.0000 13.0000 13.0000 19.2094 19.2094 19.2094 19.2094 45.2769 45.2769 45.2769 45.2769 49.8197 49.8197 49.8197 49.8197 60.9590 60.9590 60.9590 60.9590 68.2422 68.2422 68.2422 68.2422 68.0074 68.0074 68.0074 68.0074 85.5862 85.5862 85.5862 85.5862 62.6418 62.6418 62.6418 62.6418 78.6448 78.6448 78.6448 78.6448 65.6201 65.6201 65.6201 65.6201 83.0241 83.0241 83.0241 83.0241 52.0865 52.0865 52.0865 52.0865 56.8243 56.8243 56.8243 56.8243 40.0250 40.0250 40.0250 40.0250 41.7253 41.7253 41.7253 41.7253 29.8329 29.8329 29.8329 29.8329 17.7200 17.7200 17.7200 17.7200 8.9443 8.9443 8.9443 8.9443 12.6491 12.6491 12.6491 12.6491 39.2938
C16 26.9072 40.3113 39.2938 66.4906 43.2897 37.2022 4.1231 43.0813 34.4093 62.0967 58.3095 17.0000 10.4403 40.7922 40.3113 36.0555 0.0000 31.3050 39.3573 47.1275 23.3452 63.5295 36.2215 63.1585 48.1041 44.1475 26.9072 26.9072 26.9072 26.9072 23.4307 23.4307 23.4307 23.4307 35.3412 35.3412 35.3412 35.3412 9.4868 9.4868 9.4868 9.4868 21.9545 21.9545 21.9545 21.9545 27.8568 27.8568 27.8568 27.8568 32.2025 32.2025 32.2025 32.2025 36.4005 36.4005 36.4005 36.4005 55.5428 55.5428 55.5428 55.5428 41.7612 41.7612 41.7612 41.7612 58.6941 58.6941 58.6941 58.6941 59.5483 59.5483 59.5483 59.5483 70.6612 70.6612 70.6612 70.6612 45.9674 45.9674 45.9674 45.9674 64.4127 64.4127 64.4127 64.4127 43.3820 43.3820 43.3820 43.3820 59.8415 59.8415 59.8415 59.8415 53.0094 53.0094 53.0094 53.0094 49.3356 49.3356 49.3356 49.3356 41.2311 41.2311 41.2311 41.2311 41.2311 41.2311 41.2311 41.2311 26.9072
C17 11.6619 22.4722 26.0000 52.8867 24.2074 17.0880 34.5398 28.6356 6.0000 47.5395 27.2029 36.0139 34.6554 32.8024 34.7131 50.5964 31.3050 0.0000 8.0623 34.0147 11.1803 32.2490 12.8062 31.9531 21.5870 28.3019 11.6619 11.6619 11.6619 11.6619 43.1856 43.1856 43.1856 43.1856 60.0083 60.0083 60.0083 60.0083 33.9706 33.9706 33.9706 33.9706 51.0882 51.0882 51.0882 51.0882 24.0832 24.0832 24.0832 24.0832 41.0000 41.0000 41.0000 41.0000 25.0000 25.0000 25.0000 25.0000 37.4833 37.4833 37.4833 37.4833 12.1655 12.1655 12.1655 12.1655 29.0000 29.0000 29.0000 29.0000 30.2324 30.2324 30.2324 30.2324 39.3573 39.3573 39.3573 39.3573 19.4165 19.4165 19.4165 19.4165 43.0465 43.0465 43.0465 43.0465 26.5707 26.5707 26.5707 26.5707 48.4665 48.4665 48.4665 48.4665 48.6004 48.6004 48.6004 48.6004 54.2033 54.2033 54.2033 54.2033 50.1199 50.1199 50.1199 50.1199 61.1882 61.1882 61.1882 61.1882 11.6619
C18 17.1172 23.5372 28.1603 51.4782 24.3516 17.6918 42.5441 29.0689 7.2801 46.0977 19.2094 43.1045 42.5206 34.8281 37.2022 56.2939 39.3573 8.0623 0.0000 34.2053 18.4391 24.1868 14.0357 24.0416 17.1172 29.1204 17.1172 17.1172 17.1172 17.1172 50.0000 50.0000 50.0000 50.0000 67.0671 67.0671 67.0671 67.0671 41.8688 41.8688 41.8688 41.8688 59.0339 59.0339 59.0339 59.0339 29.4109 29.4109 29.4109 29.4109 46.8188 46.8188 46.8188 46.8188 28.0000 28.0000 28.0000 28.0000 36.3593 36.3593 36.3593 36.3593 7.8102 7.8102 7.8102 7.8102 22.3607 22.3607 22.3607 22.3607 23.2594 23.2594 23.2594 23.2594 31.3050 31.3050 31.3050 31.3050 15.2971 15.2971 15.2971 15.2971 39.3192 39.3192 39.3192 39.3192 26.4008 26.4008 26.4008 26.4008 48.0208 48.0208 48.0208 48.0208 50.2096 50.2096 50.2096 50.2096 57.8014 57.8014 57.8014 57.8014 54.7814 54.7814 54.7814 54.7814 67.4759 67.4759 67.4759 67.4759 17.1172
C19 25.3180 56.3560 60.0083 20.0000 57.8014 17.0000 47.5395 5.3852 28.6531 15.1327 39.0000 37.2022 56.0892 7.8102 10.2956 37.1618 47.1275 34.0147 34.2053 0.0000 41.9762 44.5982 46.5296 48.3322 21.4709 62.1772 25.3180 25.3180 25.3180 25.3180 39.6232 39.6232 39.6232 39.6232 54.9181 54.9181 54.9181 54.9181 55.1090 55.1090 55.1090 55.1090 68.7095 68.7095 68.7095 68.7095 56.2939 56.2939 56.2939 56.2939 71.1758 71.1758 71.1758 71.1758 58.8727 58.8727 58.8727 58.8727 70.4557 70.4557 70.4557 70.4557 42.0119 42.0119 42.0119 42.0119 53.0094 53.0094 53.0094 53.0094 31.5753 31.5753 31.5753 31.5753 50.6952 50.6952 50.6952 50.6952 21.6333 21.6333 21.6333 21.6333 20.0000 20.0000 20.0000 20.0000 7.8102 7.8102 7.8102 7.8102 14.5602 14.5602 14.5602 14.5602 17.0000 17.0000 17.0000 17.0000 29.0689 29.0689 29.0689 29.0689 30.8058 30.8058 30.8058 30.8058 49.7695 49.7695 49.7695 49.7695 25.3180
C20 16.7631 19.2354 20.5183 61.6604 21.9317 26.0192 27.1662 36.6742 16.7631 56.4358 37.4833 32.8938 24.4131 39.0000 40.2492 50.2494 23.3452 11.1803 18.4391 41.9762 0.0000 42.0119 13.0000 40.8167 32.5730 24.4131 16.7631 16.7631 16.7631 16.7631 40.4969 40.4969 40.4969 40.4969 56.0892 56.0892 56.0892 56.0892 23.8537 23.8537 23.8537 23.8537 41.0488 41.0488 41.0488 41.0488 14.3178 14.3178 14.3178 14.3178 30.2655 30.2655 30.2655 30.2655 18.4391 18.4391 18.4391 18.4391 35.3553 35.3553 35.3553 35.3553 18.7883 18.7883 18.7883 18.7883 35.4401 35.4401 35.4401 35.4401 41.3401 41.3401 41.3401 41.3401 48.8262 48.8262 48.8262 48.8262 30.3645 30.3645 30.3645 30.3645 53.4603 53.4603 53.4603 53.4603 35.2278 35.2278 35.2278 35.2278 56.5155 56.5155 56.5155 56.5155 54.5619 54.5619 54.5619 54.5619 57.3847 57.3847 57.3847 57.3847 51.7397 51.7397 51.7397 51.7397 59.2368 59.2368 59.2368 59.2368 16.7631
C21 39.2938 38.4838 43.8634 54.6717 37.3363 34.0000 66.6408 41.2311 29.7321 50.0000 6.0000 65.7343 66.4003 49.0306 51.9711 76.0000 63.5295 32.2490 24.1868 44.5982 42.0119 0.0000 32.8024 5.3852 23.5372 42.0595 39.2938 39.2938 39.2938 39.2938 72.0069 72.0069 72.0069 72.0069 89.2693 89.2693 89.2693 89.2693 65.8027 65.8027 65.8027 65.8027 83.0060 83.0060 83.0060 83.0060 50.0000 50.0000 50.0000 50.0000 67.1193 67.1193 67.1193 67.1193 45.1774 45.1774 45.1774 45.1774 43.0465 43.0465 43.0465 43.0465 24.0832 24.0832 24.0832 24.0832 16.0312 16.0312 16.0312 16.0312 14.2127 14.2127 14.2127 14.2127 7.2801 7.2801 7.2801 7.2801 24.1868 24.1868 24.1868 24.1868 37.4833 37.4833 37.4833 37.4833 38.0789 38.0789 38.0789 38.0789 54.3783 54.3783 54.3783 54.3783 61.4654 61.4654 61.4654 61.4654 73.0068 73.0068 73.0068 73.0068 72.4431 72.4431 72.4431 72.4431 88.0909 88.0909 88.0909 88.0909 39.2938
C22 24.0832 9.8489 14.1421 64.8460 11.4018 29.5296 40.1123 41.1825 17.8885 59.4643 29.5296 45.3542 35.8469 45.6070 47.5079 61.7414 36.2215 12.8062 14.0357 46.5296 13.0000 32.8024 0.0000 30.4138 31.1448 15.6525 24.0832 24.0832 24.0832 24.0832 52.8867 52.8867 52.8867 52.8867 68.8840 68.8840 68.8840 68.8840 35.4683 35.4683 35.4683 35.4683 52.3259 52.3259 52.3259 52.3259 17.2047 17.2047 17.2047 17.2047 34.4819 34.4819 34.4819 34.4819 14.0357 14.0357 14.0357 14.0357 24.7588 24.7588 24.7588 24.7588 8.9443 8.9443 8.9443 8.9443 23.2594 23.2594 23.2594 23.2594 36.1386 36.1386 36.1386 36.1386 38.8973 38.8973 38.8973 38.8973 29.2746 29.2746 29.2746 29.2746 53.3385 53.3385 53.3385 53.3385 38.9102 38.9102 38.9102 38.9102 60.8358 60.8358 60.8358 60.8358 61.4003 61.4003 61.4003 61.4003 66.7083 66.7083 66.7083 66.7083 62.1289 62.1289 62.1289 62.1289 71.4703 71.4703 71.4703 71.4703 24.0832
C23 40.3113 34.9857 40.3113 59.4643 33.5410 36.3456 66.4831 44.5982 30.4138 54.6717 9.4340 66.7533 65.1920 52.2015 55.0818 78.1601 63.1585 31.9531 24.0416 48.3322 40.8167 5.3852 30.4138 0.0000 26.9258 38.0789 40.3113 40.3113 40.3113 40.3113 73.3348 73.3348 73.3348 73.3348 90.5539 90.5539 90.5539 90.5539 64.6607 64.6607 64.6607 64.6607 81.8352 81.8352 81.8352 81.8352 47.4236 47.4236 47.4236 47.4236 64.2028 64.2028 64.2028 64.2028 41.8808 41.8808 41.8808 41.8808 38.2099 38.2099 38.2099 38.2099 22.2036 22.2036 22.2036 22.2036 11.0454 11.0454 11.0454 11.0454 19.1050 19.1050 19.1050 19.1050 8.6023 8.6023 8.6023 8.6023 27.2029 27.2029 27.2029 27.2029 42.5206 42.5206 42.5206 42.5206 41.4367 41.4367 41.4367 41.4367 58.8218 58.8218 58.8218 58.8218 65.3070 65.3070 65.3070 65.3070 76.2430 76.2430 76.2430 76.2430 75.1332 75.1332 75.1332 75.1332 90.0056 90.0056 90.0056 90.0056 40.3113
C24 21.2132 40.6079 45.2769 35.5106 41.2311 12.0830 50.2494 17.7200 15.8114 30.2324 17.7200 45.6180 54.0833 25.4951 28.4429 53.2353 48.1041 21.5870 17.1172 21.4709 32.5730 23.5372 31.1448 26.9258 0.0000 46.0977 21.2132 21.2132 21.2132 21.2132 50.9215 50.9215 50.9215 50.9215 68.0074 68.0074 68.0074 68.0074 53.2541 53.2541 53.2541 53.2541 69.6563 69.6563 69.6563 69.6563 45.5412 45.5412 45.5412 45.5412 62.5859 62.5859 62.5859 62.5859 45.0444 45.0444 45.0444 45.0444 52.3927 52.3927 52.3927 52.3927 24.0416 24.0416 24.0416 24.0416 31.8904 31.8904 31.8904 31.8904 12.6491 12.6491 12.6491 12.6491 30.1496 30.1496 30.1496 30.1496 2.2361 2.2361 2.2361 2.2361 22.2036 22.2036 22.2036 22.2036 14.5602 14.5602 14.5602 14.5602 33.2415 33.2415 33.2415 33.2415 38.4708 38.4708 38.4708 38.4708 49.4773 49.4773 49.4773 49.4773 49.0918 49.0918 49.0918 49.0918 65.6201 65.6201 65.6201 65.6201 21.2132
C25 39.0512 5.8310 5.0000 80.4114 5.0000 45.1774 48.2701 56.8243 33.5410 75.0267 40.6079 56.7979 40.0000 61.0328 62.8013 74.6257 44.1475 28.3019 29.1204 62.1772 24.4131 42.0595 15.6525 38.0789 46.0977 0.0000 39.0512 39.0512 39.0512 39.0512 64.4050 64.4050 64.4050 64.4050 79.0569 79.0569 79.0569 79.0569 40.0125 40.0125 40.0125 40.0125 54.7449 54.7449 54.7449 54.7449 17.0000 17.0000 17.0000 17.0000 28.8444 28.8444 28.8444 28.8444 8.0000 8.0000 8.0000 8.0000 11.4018 11.4018 11.4018 11.4018 22.2036 22.2036 22.2036 22.2036 27.7849 27.7849 27.7849 27.7849 49.0408 49.0408 49.0408 49.0408 46.5188 46.5188 46.5188 46.5188 44.3847 44.3847 44.3847 44.3847 68.2495 68.2495 68.2495 68.2495 54.5619 54.5619 54.5619 54.5619 76.4853 76.4853 76.4853 76.4853 76.8440 76.8440 76.8440 76.8440 81.3204 81.3204 81.3204 81.3204 76.0592 76.0592 76.0592 76.0592 83.1925 83.1925 83.1925 83.1925 39.0512
F26 0.0000 33.3017 36.0555 45.1774 35.3553 10.7703 29.0689 20.0998 10.0000 40.0500 33.5261 26.4764 33.5410 22.3607 23.8537 39.2938 26.9072 11.6619 17.1172 25.3180 16.7631 39.2938 24.0832 40.3113 21.2132 39.0512 0.0000 0.0000 0.0000 0.0000 33.0606 33.0606 33.0606 33.0606 50.2494 50.2494 50.2494 50.2494 32.6497 32.6497 32.6497 32.6497 48.6004 48.6004 48.6004 48.6004 31.0483 31.0483 31.0483 31.0483 46.0109 46.0109 46.0109 46.0109 34.4819 34.4819 34.4819 34.4819 48.8365 48.8365 48.8365 48.8365 23.4094 23.4094 23.4094 23.4094 39.4588 39.4588 39.4588 39.4588 33.0151 33.0151 33.0151 33.0151 46.5725 46.5725 46.5725 46.5725 19.1050 19.1050 19.1050 19.1050 38.8973 38.8973 38.8973 38.8973 19.0263 19.0263 19.0263 19.0263 39.8121 39.8121 39.8121 39.8121 38.0789 38.0789 38.0789 38.0789 42.6380 42.6380 42.6380 42.6380 38.4708 38.4708 38.4708 38.4708 50.3587 50.3587 50.3587 50.3587 0.0000
F26_1 0.0000 33.3017 36.0555 45.1774 35.3553 10.7703 29.0689 20.0998 10.0000 40.0500 33.5261 26.4764 33.5410 22.3607 23.8537 39.2938 26.9072 11.6619 17.1172 25.3180 16.7631 39.2938 24.0832 40.3113 21.2132 39.0512 0.0000 0.0000 0.0000 0.0000 33.0606 33.0606 33.0606 33.0606 50.2494 50.2494 50.2494 50.2494 32.6497 32.6497 32.6497 32.6497 48.6004 48.6004 48.6004 48.6004 31.0483 31.0483 31.0483 31.0483 46.0109 46.0109 46.0109 46.0109 34.4819 34.4819 34.4819 34.4819 48.8365 48.8365 48.8365 48.8365 23.4094 23.4094 23.4094 23.4094 39.4588 39.4588 39.4588 39.4588 33.0151 33.0151 33.0151 33.0151 46.5725 46.5725 46.5725 46.5725 19.1050 19.1050 19.1050 19.1050 38.8973 38.8973 38.8973 38.8973 19.0263 19.0263 19.0263 19.0263 39.8121 39.8121 39.8121 39.8121 38.0789 38.0789 38.0789 38.0789 42.6380 42.6380 42.6380 42.6380 38.4708 38.4708 38.4708 38.4708 50.3587 50.3587 50.3587 50.3587 0.0000
F26_2 0.0000 33.3017 36.0555 45.1774 35.3553 10.7703 29.0689 20.0998 10.0000 40.0500 33.5261 26.4764 33.5410 22.3607 23.8537 39.2938 26.9072 11.6619 17.1172 25.3180 16.7631 39.2938 24.0832 40.3113 21.2132 39.0512 0.0000 0.0000 0.0000 0.0000 33.0606 33.0606 33.0606 33.0606 50.2494 50.2494 50.2494 50.2494 32.6497 32.6497 32.6497 32.6497 48.6004 48.6004 48.6004 48.6004 31.0483 31.0483 31.0483 31.0483 46.0109 46.0109 46.0109 46.0109 34.4819 34.4819 34.4819 34.4819 48.8365 48.8365 48.8365 48.8365 23.4094 23.4094 23.4094 23.4094 39.4588 39.4588 39.4588 39.4588 33.0151 33.0151 33.0151 33.0151 46.5725 46.5725 46.5725 46.5725 19.1050 19.1050 19.1050 19.1050 38.8973 38.8973 38.8973 38.8973 19.0263 19.0263 19.0263 19.0263 39.8121 39.8121 39.8121 39.8121 38.0789 38.0789 38.0789 38.0789 42.6380 42.6380 42.6380 42.6380 38.4708 38.4708 38.4708 38.4708 50.3587 50.3587 50.3587 50.3587 0.0000
F26_3 0.0000 33.3017 36.0555 45.1774 35.3553 10.7703 29.0689 20.0998 10.0000 40.0500 33.5261 26.4764 33.5410 22.3607 23.8537 39.2938 26.9072 11.6619 17.1172 25.3180 16.7631 39.2938 24.0832 40.3113 21.2132 39.0512 0.0000 0.0000 0.0000 0.0000 33.0606 33.0606 33.0606 33.0606 50.2494 50.2494 50.2494 50.2494 32.6497 32.6497 32.6497 32.6497 48.6004 48.6004 48.6004 48.6004 31.0483 31.0483 31.0483 31.0483 46.0109 46.0109 46.0109 46.0109 34.4819 34.4819 34.4819 34.4819 48.8365 48.8365 48.8365 48.8365 23.4094 23.4094 23.4094 23.4094 39.4588 39.4588 39.4588 39.4588 33.0151 33.0151 33.0151 33.0151 46.5725 46.5725 46.5725 46.5725 19.1050 19.1050 19.1050 19.1050 38.8973 38.8973 38.8973 38.8973 19.0263 19.0263 19.0263 19.0263 39.8121 39.8121 39.8121 39.8121 38.0789 38.0789 38.0789 38.0789 42.6380 42.6380 42.6380 42.6380 38.4708 38.4708 38.4708 38.4708 50.3587 50.3587 50.3587 50.3587 0.0000
F27 33.0606 59.6154 59.9416 55.2268 62.3939 38.8973 20.2485 38.0132 43.0465 52.2015 66.0984 7.6158 33.2866 31.8277 29.7321 13.0000 23.4307 43.1856 50.0000 39.6232 40.4969 72.0069 52.8867 73.3348 50.9215 64.4050 33.0606 33.0606 33.0606 33.0606 0.0000 0.0000 0.0000 0.0000 17.2627 17.2627 17.2627 17.2627 32.4500 32.4500 32.4500 32.4500 37.2156 37.2156 37.2156 37.2156 49.6488 49.6488 49.6488 49.6488 55.6058 55.6058 55.6058 55.6058 57.3062 57.3062 57.3062 57.3062 75.6439 75.6439 75.6439 75.6439 55.3263 55.3263 55.3263 55.3263 72.1110 72.1110 72.1110 72.1110 63.5689 63.5689 63.5689 63.5689 79.2465 79.2465 79.2465 79.2465 49.3356 49.3356 49.3356 49.3356 59.5483 59.5483 59.5483 59.5483 39.9625 39.9625 39.9625 39.9625 48.0208 48.0208 48.0208 48.0208 37.6962 37.6962 37.6962 37.6962 29.0000 29.0000 29.0000 29.0000 20.0250 20.0250 20.0250 20.0250 18.7883 18.7883 18.7883 18.7883 33.0606
F27_1 33.0606 59.6154 59.9416 55.2268 62.3939 38.8973 20.2485 38.0132 43.0465 52.2015 66.0984 7.6158 33.2866 31.8277 29.7321 13.0000 23.4307 43.1856 50.0000 39.6232 40.4969 72.0069 52.8867 73.3348 50.9215 64.4050 33.0606 33.0606 33.0606 33.0606 0.0000 0.0000 0.0000 0.0000 17.2627 17.2627 17.2627 17.2627 32.4500 32.4500 32.4500 32.4500 37.2156 37.2156 37.2156 37.2156 49.6488 49.6488 49.6488 49.6488 55.6058 55.6058 55.6058 55.6058 57.3062 57.3062 57.3062 57.3062 75.6439 75.6439 75.6439 75.6439 55.3263 55.3263 55.3263 55.3263 72.1110 72.1110 72.1110 72.1110 63.5689 63.5689 63.5689 63.5689 79.2465 79.2465 79.2465 79.2465 49.3356 49.3356 49.3356 49.3356 59.5483 59.5483 59.5483 59.5483 39.9625 39.9625 39.9625 39.9625 48.0208 48.0208 48.0208 48.0208 37.6962 37.6962 37.6962 37.6962 29.0000 29.0000 29.0000 29.0000 20.0250 20.0250 20.0250 20.0250 18.7883 18.7883 18.7883 18.7883 33.0606
F27_2 33.0606 59.6154 59.9416 55.2268 62.3939 38.8973 20.2485 38.0132 43.0465 52.2015 66.0984 7.6158 33.2866 31.8277 29.7321 13.0000 23.4307 43.1856 50.0000 39.6232 40.4969 72.0069 52.8867 73.3348 50.9215 64.4050 33.0606 33.0606 33.0606 33.0606 0.0000 0.0000 0.0000 0.0000 17.2627 17.2627 17.2627 17.2627 32.4500 32.4500 32.4500 32.4500 37.2156 37.2156 37.2156 37.2156 49.6488 49.6488 49.6488 49.6488 55.6058 55.6058 55.6058 55.6058 57.3062 57.3062 57.3062 57.3062 75.6439 75.6439 75.6439 75.6439 55.3263 55.3263 55.3263 55.3263 72.1110 72.1110 72.1110 72.1110 63.5689 63.5689 63.5689 63.5689 79.2465 79.2465 79.2465 79.2465 49.3356 49.3356 49.3356 49.3356 59.5483 59.5483 59.5483 59.5483 39.9625 39.9625 39.9625 39.9625 48.0208 48.0208 48.0208 48.0208 37.6962 37.6962 37.6962 37.6962 29.0000 29.0000 29.0000 29.0000 20.0250 20.0250 20.0250 20.0250 18.7883 18.7883 18.7883 18.7883 33.0606
F27_3 33.0606 59.6154 59.9416 55.2268 62.3939 38.8973 20.2485 38.0132 43.0465 52.2015 66.0984 7.6158 33.2866 31.8277 29.7321 13.0000 23.4307 43.1856 50.0000 39.6232 40.4969 72.0069 52.8867 73.3348 50.9215 64.4050 33.0606 33.0606 33.0606 33.0606 0.0000 0.0000 0.0000 0.0000 17.2627 17.2627 17.2627 17.2627 32.4500 32.4500 32.4500 32.4500 37.2156 37.2156 37.2156 37.2156 49.6488 49.6488 49.6488 49.6488 55.6058 55.6058 55.6058 55.6058 57.3062 57.3062 57.3062 57.3062 75.6439 75.6439 75.6439 75.6439 55.3263 55.3263 55.3263 55.3263 72.1110 72.1110 72.1110 72.1110 63.5689 63.5689 63.5689 63.5689 79.2465 79.2465 79.2465 79.2465 49.3356 49.3356 49.3356 49.3356 59.5483 59.5483 59.5483 59.5483 39.9625 39.9625 39.9625 39.9625 48.0208 48.0208 48.0208 48.0208 37.6962 37.6962 37.6962 37.6962 29.0000 29.0000 29.0000 29.0000 20.0250 20.0250 20.0250 20.0250 18.7883 18.7883 18.7883 18.7883 33.0606
F28 50.2494 74.7262 74.3303 67.9412 77.6209 56.0446 31.3050 54.1202 60.2080 65.7951 83.3607 24.0000 43.0116 47.1699 44.6542 19.2094 35.3412 60.0083 67.0671 54.9181 56.0892 89.2693 68.8840 90.5539 68.0074 79.0569 50.2494 50.2494 50.2494 50.2494 17.2627 17.2627 17.2627 17.2627 0.0000 0.0000 0.0000 0.0000 42.4382 42.4382 42.4382 42.4382 39.9625 39.9625 39.9625 39.9625 63.1585 63.1585 63.1585 63.1585 65.4370 65.4370 65.4370 65.4370 71.5122 71.5122 71.5122 71.5122 90.4434 90.4434 90.4434 90.4434 72.0625 72.0625 72.0625 72.0625 89.0056 89.0056 89.0056 89.0056 80.6536 80.6536 80.6536 80.6536 96.5091 96.5091 96.5091 96.5091 66.4831 66.4831 66.4831 66.4831 74.8866 74.8866 74.8866 74.8866 56.3649 56.3649 56.3649 56.3649 60.8276 60.8276 60.8276 60.8276 49.0408 49.0408 49.0408 49.0408 36.2353 36.2353 36.2353 36.2353 28.0179 28.0179 28.0179 28.0179 11.0000 11.0000 11.0000 11.0000 50.2494
F28_1 50.2494 74.7262 74.3303 67.9412 77.6209 56.0446 31.3050 54.1202 60.2080 65.7951 83.3607 24.0000 43.0116 47.1699 44.6542 19.2094 35.3412 60.0083 67.0671 54.9181 56.0892 89.2693 68.8840 90.5539 68.0074 79.0569 50.2494 50.2494 50.2494 50.2494 17.2627 17.2627 17.2627 17.2627 0.0000 0.0000 0.0000 0.0000 42.4382 42.4382 42.4382 42.4382 39.9625 39.9625 39.9625 39.9625 63.1585 63.1585 63.1585 63.1585 65.4370 65.4370 65.4370 65.4370 71.5122 71.5122 71.5122 71.5122 90.4434 90.4434 90.4434 90.4434 72.0625 72.0625 72.0625 72.0625 89.0056 89.0056 89.0056 89.0056 80.6536 80.6536 80.6536 80.6536 96.5091 96.5091 96.5091 96.5091 66.4831 66.4831 66.4831 66.4831 74.8866 74.8866 74.8866 74.8866 56.3649 56.3649 56.3649 56.3649 60.8276 60.8276 60.8276 60.8276 49.0408 49.0408 49.0408 49.0408 36.2353 36.2353 36.2353 36.2353 28.0179 28.0179 28.0179 28.0179 11.0000 11.0000 11.0000 11.0000 50.2494
F28_2 50.2494 74.7262 74.3303 67.9412 77.6209 56.0446 31.3050 54.1202 60.2080 65.7951 83.3607 24.0000 43.0116 47.1699 44.6542 19.2094 35.3412 60.0083 67.0671 54.9181 56.0892 89.2693 68.8840 90.5539 68.0074 79.0569 50.2494 50.2494 50.2494 50.2494 17.2627 17.2627 17.2627 17.2627 0.0000 0.0000 0.0000 0.0000 42.4382 42.4382 42.4382 42.4382 39.9625 39.9625 39.9625 39.9625 63.1585 63.1585 63.1585 63.1585 65.4370 65.4370 65.4370 65.4370 71.5122 71.5122 71.5122 71.5122 90.4434 90.4434 90.4434 90.4434 72.0625 72.0625 72.0625 72.0625 89.0056 89.0056 89.0056 89.0056 80.6536 80.6536 80.6536 80.6536 96.5091 96.5091 96.5091 96.5091 66.4831 66.4831 66.4831 66.4831 74.8866 74.8866 74.8866 74.8866 56.3649 56.3649 56.3649 56.3649 60.8276 60.8276 60.8276 60.8276 49.0408 49.0408 49.0408 49.0408 36.2353 36.2353 36.2353 36.2353 28.0179 28.0179 28.0179 28.0179 11.0000 11.0000 11.0000 11.0000 50.2494
F28_3 50.2494 74.7262 74.3303 67.9412 77.6209 56.0446 31.3050 54.1202 60.2080 65.7951 83.3607 24.0000 43.0116 47.1699 44.6542 19.2094 35.3412 60.0083 67.0671 54.9181 56.0892 89.2693 68.8840 90.5539 68.0074 79.0569 50.2494 50.2494 50.2494 50.2494 17.2627 17.2627 17.2627 17.2627 0.0000 0.0000 0.0000 0.0000 42.4382 42.4382 42.4382 42.4382 39.9625 39.9625 39.9625 39.9625 63.1585 63.1585 63.1585 63.1585 65.4370 65.4370 65.4370 65.4370 71.5122 71.5122 71.5122 71.5122 90.4434 90.4434 90.4434 90.4434 72.0625 72.0625 72.0625 72.0625 89.0056 89.0056 89.0056 89.0056 80.6536 80.6536 80.6536 80.6536 96.5091 96.5091 96.5091 96.5091 66.4831 66.4831 66.4831 66.4831 74.8866 74.8866 74.8866 74.8866 56.3649 56.3649 56.3649 56.3649 60.8276 60.8276 60.8276 60.8276 49.0408 49.0408 49.0408 49.0408 36.2353 36.2353 36.2353 36.2353 28.0179 28.0179 28.0179 28.0179 11.0000 11.0000 11.0000 11.0000 50.2494
F29 32.6497 37.2156 35.0143 74.8131 40.1995 43.3820 12.2066 50.6952 38.2884 70.2140 61.0737 26.4008 1.0000 49.2544 49.0408 45.2769 9.4868 33.9706 41.8688 55.1090 23.8537 65.8027 35.4683 64.6607 53.2541 40.0125 32.6497 32.6497 32.6497 32.6497 32.4500 32.4500 32.4500 32.4500 42.4382 42.4382 42.4382 42.4382 0.0000 0.0000 0.0000 0.0000 17.2047 17.2047 17.2047 17.2047 23.0217 23.0217 23.0217 23.0217 23.3452 23.3452 23.3452 23.3452 32.0156 32.0156 32.0156 32.0156 51.1566 51.1566 51.1566 51.1566 42.5441 42.5441 42.5441 42.5441 58.6941 58.6941 58.6941 58.6941 63.7809 63.7809 63.7809 63.7809 72.6705 72.6705 72.6705 72.6705 51.0392 51.0392 51.0392 51.0392 71.3092 71.3092 71.3092 71.3092 50.5964 50.5964 50.5964 50.5964 68.3593 68.3593 68.3593 68.3593 62.1289 62.1289 62.1289 62.1289 58.8218 58.8218 58.8218 58.8218 50.6952 50.6952 50.6952 50.6952 49.4975 49.4975 49.4975 49.4975 32.6497
