# set
set V := C1 C2 C3 C4 C5 C6 C7 C8 C9 C10 C11 C12 C13 C14 C15 C16 C17 C18 C19 C20 C21 C22 C23 C24 C25 ;
set F := F26 F27 F28 F29 F30 F31 F32 F33 F34 F35 F36 F37 F38 F39 F40 F41 F42 F43 F44 F45 F46 F26_1 F26_2 F26_3 F27_1 F27_2 F27_3 F28_1 F28_2 F28_3 F29_1 F29_2 F29_3 F30_1 F30_2 F30_3 F31_1 F31_2 F31_3 F32_1 F32_2 F32_3 F33_1 F33_2 F33_3 F34_1 F34_2 F34_3 F35_1 F35_2 F35_3 F36_1 F36_2 F36_3 F37_1 F37_2 F37_3 F38_1 F38_2 F38_3 F39_1 F39_2 F39_3 F40_1 F40_2 F40_3 F41_1 F41_2 F41_3 F42_1 F42_2 F42_3 F43_1 F43_2 F43_3 F44_1 F44_2 F44_3 F45_1 F45_2 F45_3 F46_1 F46_2 F46_3 ;
set D0 := N0;
set Dσ := Nσ;

# param
param Cf := 200;		# ECV fixed cost
param C := 700;		# ECV max load
param Q := 117.78;		# ECV/BSV battery level
param h := 1;		# ECV consumption

param CB := 60;		# BSV fixed cost
param Qplun := 5;		# BSV max load
param hplun := 1;		# BSV consumption
param W := 235.56;		# BSV battery level

param Cde := 1;		# ECV cost per unit distance
param Cdb := 1;		# BSV cost per unit distance
param lamda := 0;	# battery swap time
param n := 25;		# number of customers
param g := 6.87;	# recharging rate
param Cr := 100;		# recharging cost
param Ct := 10;		# travel cost
param Cs ;		# battery swap cost

param m :=
N0 0
C1 10
C2 10
C3 10
C4 10
C5 30
C6 10
C7 20
C8 10
C9 10
C10 10
C11 10
C12 10
C13 10
C14 10
C15 20
C16 30
C17 20
C18 20
C19 30
C20 10
C21 10
C22 10
C23 40
C24 10
C25 10
F26 0
F26_1 0
F26_2 0
F26_3 0
F27 0
F27_1 0
F27_2 0
F27_3 0
F28 0
F28_1 0
F28_2 0
F28_3 0
F29 0
F29_1 0
F29_2 0
F29_3 0
F30 0
F30_1 0
F30_2 0
F30_3 0
F31 0
F31_1 0
F31_2 0
F31_3 0
F32 0
F32_1 0
F32_2 0
F32_3 0
F33 0
F33_1 0
F33_2 0
F33_3 0
F34 0
F34_1 0
F34_2 0
F34_3 0
F35 0
F35_1 0
F35_2 0
F35_3 0
F36 0
F36_1 0
F36_2 0
F36_3 0
F37 0
F37_1 0
F37_2 0
F37_3 0
F38 0
F38_1 0
F38_2 0
F38_3 0
F39 0
F39_1 0
F39_2 0
F39_3 0
F40 0
F40_1 0
F40_2 0
F40_3 0
F41 0
F41_1 0
F41_2 0
F41_3 0
F42 0
F42_1 0
F42_2 0
F42_3 0
F43 0
F43_1 0
F43_2 0
F43_3 0
F44 0
F44_1 0
F44_2 0
F44_3 0
F45 0
F45_1 0
F45_2 0
F45_3 0
F46 0
F46_1 0
F46_2 0
F46_3 0
Nσ 0
;

param e :=
N0 0
C1 36
C2 15
C3 1752
C4 2921
C5 133
C6 508
C7 2903
C8 318
C9 2820
C10 2120
C11 231
C12 12
C13 1550
C14 791
C15 1561
C16 1270
C17 2722
C18 40
C19 513
C20 2051
C21 1275
C22 1739
C23 2424
C24 1946
C25 10
F26 0
F26_1 0
F26_2 0
F26_3 0
F27 0
F27_1 0
F27_2 0
F27_3 0
F28 0
F28_1 0
F28_2 0
F28_3 0
F29 0
F29_1 0
F29_2 0
F29_3 0
F30 0
F30_1 0
F30_2 0
F30_3 0
F31 0
F31_1 0
F31_2 0
F31_3 0
F32 0
F32_1 0
F32_2 0
F32_3 0
F33 0
F33_1 0
F33_2 0
F33_3 0
F34 0
F34_1 0
F34_2 0
F34_3 0
F35 0
F35_1 0
F35_2 0
F35_3 0
F36 0
F36_1 0
F36_2 0
F36_3 0
F37 0
F37_1 0
F37_2 0
F37_3 0
F38 0
F38_1 0
F38_2 0
F38_3 0
F39 0
F39_1 0
F39_2 0
F39_3 0
F40 0
F40_1 0
F40_2 0
F40_3 0
F41 0
F41_1 0
F41_2 0
F41_3 0
F42 0
F42_1 0
F42_2 0
F42_3 0
F43 0
F43_1 0
F43_2 0
F43_3 0
F44 0
F44_1 0
F44_2 0
F44_3 0
F45 0
F45_1 0
F45_2 0
F45_3 0
F46 0
F46_1 0
F46_2 0
F46_3 0
Nσ 0
;

param l :=
N0 3390
C1 356
C2 335
C3 2072
C4 3241
C5 453
C6 828
C7 3223
C8 638
C9 3140
C10 2440
C11 551
C12 332
C13 1870
C14 1111
C15 1881
C16 1590
C17 3042
C18 360
C19 833
C20 2371
C21 1595
C22 2059
C23 2744
C24 2266
C25 330
F26 3390
F26_1 3390
F26_2 3390
F26_3 3390
F27 3390
F27_1 3390
F27_2 3390
F27_3 3390
F28 3390
F28_1 3390
F28_2 3390
F28_3 3390
F29 3390
F29_1 3390
F29_2 3390
F29_3 3390
F30 3390
F30_1 3390
F30_2 3390
F30_3 3390
F31 3390
F31_1 3390
F31_2 3390
F31_3 3390
F32 3390
F32_1 3390
F32_2 3390
F32_3 3390
F33 3390
F33_1 3390
F33_2 3390
F33_3 3390
F34 3390
F34_1 3390
F34_2 3390
F34_3 3390
F35 3390
F35_1 3390
F35_2 3390
F35_3 3390
F36 3390
F36_1 3390
F36_2 3390
F36_3 3390
F37 3390
F37_1 3390
F37_2 3390
F37_3 3390
F38 3390
F38_1 3390
F38_2 3390
F38_3 3390
F39 3390
F39_1 3390
F39_2 3390
F39_3 3390
F40 3390
F40_1 3390
F40_2 3390
F40_3 3390
F41 3390
F41_1 3390
F41_2 3390
F41_3 3390
F42 3390
F42_1 3390
F42_2 3390
F42_3 3390
F43 3390
F43_1 3390
F43_2 3390
F43_3 3390
F44 3390
F44_1 3390
F44_2 3390
F44_3 3390
F45 3390
F45_1 3390
F45_2 3390
F45_3 3390
F46 3390
F46_1 3390
F46_2 3390
F46_3 3390
Nσ 3390
;

param s :=
N0 0
C1 90
C2 90
C3 90
C4 90
C5 90
C6 90
C7 90
C8 90
C9 90
C10 90
C11 90
C12 90
C13 90
C14 90
C15 90
C16 90
C17 90
C18 90
C19 90
C20 90
C21 90
C22 90
C23 90
C24 90
C25 90
F26 0
F26_1 0
F26_2 0
F26_3 0
F27 0
F27_1 0
F27_2 0
F27_3 0
F28 0
F28_1 0
F28_2 0
F28_3 0
F29 0
F29_1 0
F29_2 0
F29_3 0
F30 0
F30_1 0
F30_2 0
F30_3 0
F31 0
F31_1 0
F31_2 0
F31_3 0
F32 0
F32_1 0
F32_2 0
F32_3 0
F33 0
F33_1 0
F33_2 0
F33_3 0
F34 0
F34_1 0
F34_2 0
F34_3 0
F35 0
F35_1 0
F35_2 0
F35_3 0
F36 0
F36_1 0
F36_2 0
F36_3 0
F37 0
F37_1 0
F37_2 0
F37_3 0
F38 0
F38_1 0
F38_2 0
F38_3 0
F39 0
F39_1 0
F39_2 0
F39_3 0
F40 0
F40_1 0
F40_2 0
F40_3 0
F41 0
F41_1 0
F41_2 0
F41_3 0
F42 0
F42_1 0
F42_2 0
F42_3 0
F43 0
F43_1 0
F43_2 0
F43_3 0
F44 0
F44_1 0
F44_2 0
F44_3 0
F45 0
F45_1 0
F45_2 0
F45_3 0
F46 0
F46_1 0
F46_2 0
F46_3 0
Nσ 0
;

param d : N0 C1 C2 C3 C4 C5 C6 C7 C8 C9 C10 C11 C12 C13 C14 C15 C16 C17 C18 C19 C20 C21 C22 C23 C24 C25 F26 F26_1 F26_2 F26_3 F27 F27_1 F27_2 F27_3 F28 F28_1 F28_2 F28_3 F29 F29_1 F29_2 F29_3 F30 F30_1 F30_2 F30_3 F31 F31_1 F31_2 F31_3 F32 F32_1 F32_2 F32_3 F33 F33_1 F33_2 F33_3 F34 F34_1 F34_2 F34_3 F35 F35_1 F35_2 F35_3 F36 F36_1 F36_2 F36_3 F37 F37_1 F37_2 F37_3 F38 F38_1 F38_2 F38_3 F39 F39_1 F39_2 F39_3 F40 F40_1 F40_2 F40_3 F41 F41_1 F41_2 F41_3 F42 F42_1 F42_2 F42_3 F43 F43_1 F43_2 F43_3 F44 F44_1 F44_2 F44_3 F45 F45_1 F45_2 F45_3 F46 F46_1 F46_2 F46_3 Nσ  :=
N0 0.0000 15.0000 15.1327 32.3883 24.1661 20.6155 16.5529 11.6619 20.0000 32.3883 25.0000 27.7308 12.2066 40.0500 25.3180 31.0483 45.0000 39.2938 18.0278 31.6228 52.2015 21.2603 32.2490 24.0832 39.3573 10.0000 0.0000 0.0000 0.0000 0.0000 33.0606 33.0606 33.0606 33.0606 50.2494 50.2494 50.2494 50.2494 32.6497 32.6497 32.6497 32.6497 48.6004 48.6004 48.6004 48.6004 31.0483 31.0483 31.0483 31.0483 46.0109 46.0109 46.0109 46.0109 34.4819 34.4819 34.4819 34.4819 48.8365 48.8365 48.8365 48.8365 23.4094 23.4094 23.4094 23.4094 39.4588 39.4588 39.4588 39.4588 33.0151 33.0151 33.0151 33.0151 46.5725 46.5725 46.5725 46.5725 19.1050 19.1050 19.1050 19.1050 38.8973 38.8973 38.8973 38.8973 19.0263 19.0263 19.0263 19.0263 39.8121 39.8121 39.8121 39.8121 38.0789 38.0789 38.0789 38.0789 42.6380 42.6380 42.6380 42.6380 38.4708 38.4708 38.4708 38.4708 50.3587 50.3587 50.3587 50.3587 0.0000
C1 15.0000 0.0000 22.6716 47.2652 38.3275 28.2843 26.6271 7.8102 5.0000 47.2652 20.0000 36.7967 24.1661 42.0595 31.4006 45.7056 47.4342 53.9351 29.1548 18.0278 66.7083 34.0147 33.8378 16.2788 35.1283 5.0000 15.0000 15.0000 15.0000 15.0000 48.0416 48.0416 48.0416 48.0416 65.1920 65.1920 65.1920 65.1920 41.7253 41.7253 41.7253 41.7253 58.7963 58.7963 58.7963 58.7963 30.8058 30.8058 30.8058 30.8058 48.0833 48.0833 48.0833 48.0833 30.0666 30.0666 30.0666 30.0666 39.1152 39.1152 39.1152 39.1152 10.6301 10.6301 10.6301 10.6301 24.7386 24.7386 24.7386 24.7386 22.4722 22.4722 22.4722 22.4722 32.3110 32.3110 32.3110 32.3110 13.0384 13.0384 13.0384 13.0384 37.1214 37.1214 37.1214 37.1214 23.6008 23.6008 23.6008 23.6008 45.2769 45.2769 45.2769 45.2769 47.3814 47.3814 47.3814 47.3814 55.0727 55.0727 55.0727 55.0727 52.2015 52.2015 52.2015 52.2015 65.2763 65.2763 65.2763 65.2763 15.0000
C2 15.1327 22.6716 0.0000 31.6228 32.0156 5.8310 30.4138 15.0000 26.6271 36.0555 38.9102 14.1421 25.4951 55.1453 40.0500 28.8617 60.0333 43.8292 31.0483 40.6079 56.6039 14.0357 47.3814 20.0250 28.2843 19.2094 15.1327 15.1327 15.1327 15.1327 33.6155 33.6155 33.6155 33.6155 49.0306 49.0306 49.0306 49.0306 19.1050 19.1050 19.1050 19.1050 36.1248 36.1248 36.1248 36.1248 18.0278 18.0278 18.0278 18.0278 31.1448 31.1448 31.1448 31.1448 24.2074 24.2074 24.2074 24.2074 42.0476 42.0476 42.0476 42.0476 25.0000 25.0000 25.0000 25.0000 41.9762 41.9762 41.9762 41.9762 44.6878 44.6878 44.6878 44.6878 54.2033 54.2033 54.2033 54.2033 32.2490 32.2490 32.2490 32.2490 53.8516 53.8516 53.8516 53.8516 34.1321 34.1321 34.1321 34.1321 54.3323 54.3323 54.3323 54.3323 50.9215 50.9215 50.9215 50.9215 52.2015 52.2015 52.2015 52.2015 45.9674 45.9674 45.9674 45.9674 52.3927 52.3927 52.3927 52.3927 15.1327
C3 32.3883 47.2652 31.6228 0.0000 18.0278 30.8869 32.0156 42.0119 52.2398 10.0000 53.2353 28.2843 29.1548 56.4004 41.0366 3.6056 59.3633 16.1555 29.7321 63.7887 26.9072 18.3576 51.6236 51.1957 58.3095 42.2966 32.3883 32.3883 32.3883 32.3883 3.1623 3.1623 3.1623 3.1623 18.0000 18.0000 18.0000 18.0000 29.4109 29.4109 29.4109 29.4109 34.1321 34.1321 34.1321 34.1321 47.1699 47.1699 47.1699 47.1699 52.6308 52.6308 52.6308 52.6308 55.0091 55.0091 55.0091 55.0091 73.5391 73.5391 73.5391 73.5391 54.0833 54.0833 54.0833 54.0833 71.0070 71.0070 71.0070 71.0070 63.6946 63.6946 63.6946 63.6946 78.8543 78.8543 78.8543 78.8543 49.3964 49.3964 49.3964 49.3964 60.8276 60.8276 60.8276 60.8276 40.8044 40.8044 40.8044 40.8044 50.1199 50.1199 50.1199 50.1199 40.1622 40.1622 40.1622 40.1622 32.0156 32.0156 32.0156 32.0156 23.0868 23.0868 23.0868 23.0868 21.0950 21.0950 21.0950 21.0950 32.3883
C4 24.1661 38.3275 32.0156 18.0278 0.0000 34.4819 15.8114 35.7771 43.1741 11.1803 38.3275 36.4005 15.0000 38.4187 23.4307 19.6977 41.3401 16.0000 13.0000 52.0000 28.4429 24.7386 34.0588 47.7074 60.2080 33.5261 24.1661 24.1661 24.1661 24.1661 16.2788 16.2788 16.2788 16.2788 31.7648 31.7648 31.7648 31.7648 39.6232 39.6232 39.6232 39.6232 49.4975 49.4975 49.4975 49.4975 50.0000 50.0000 50.0000 50.0000 60.5392 60.5392 60.5392 60.5392 55.8659 55.8659 55.8659 55.8659 72.2011 72.2011 72.2011 72.2011 47.5395 47.5395 47.5395 47.5395 63.0635 63.0635 63.0635 63.0635 49.8197 49.8197 49.8197 49.8197 67.0298 67.0298 67.0298 67.0298 36.1248 36.1248 36.1248 36.1248 43.4166 43.4166 43.4166 43.4166 24.6982 24.6982 24.6982 24.6982 32.2025 32.2025 32.2025 32.2025 23.1948 23.1948 23.1948 23.1948 20.2485 20.2485 20.2485 20.2485 14.4222 14.4222 14.4222 14.4222 28.2843 28.2843 28.2843 28.2843 24.1661
C5 20.6155 28.2843 5.8310 30.8869 34.4819 0.0000 35.0571 20.5183 32.0156 36.7967 44.7214 8.6023 30.0666 60.4070 45.0111 27.7308 65.1920 44.5982 35.3553 46.0977 57.0088 12.5300 52.7731 23.3452 27.4591 25.0000 20.6155 20.6155 20.6155 20.6155 33.2866 33.2866 33.2866 33.2866 47.4342 47.4342 47.4342 47.4342 13.4536 13.4536 13.4536 13.4536 30.6105 30.6105 30.6105 30.6105 16.4012 16.4012 16.4012 16.4012 26.6833 26.6833 26.6833 26.6833 24.1661 24.1661 24.1661 24.1661 43.0116 43.0116 43.0116 43.0116 29.5466 29.5466 29.5466 29.5466 46.1736 46.1736 46.1736 46.1736 50.4480 50.4480 50.4480 50.4480 59.3633 59.3633 59.3633 59.3633 38.0789 38.0789 38.0789 38.0789 59.4811 59.4811 59.4811 59.4811 39.4588 39.4588 39.4588 39.4588 59.0762 59.0762 59.0762 59.0762 54.8179 54.8179 54.8179 54.8179 54.7083 54.7083 54.7083 54.7083 47.8017 47.8017 47.8017 47.8017 51.9711 51.9711 51.9711 51.9711 20.6155
C6 16.5529 26.6271 30.4138 32.0156 15.8114 35.0571 0.0000 27.0185 30.8869 26.9258 22.5610 40.3113 5.0000 26.5707 10.4403 32.5269 30.8058 31.4006 3.0000 37.3363 43.0000 30.3645 20.2485 39.8246 55.9017 22.6716 16.5529 16.5529 16.5529 16.5529 31.0644 31.0644 31.0644 31.0644 47.4236 47.4236 47.4236 47.4236 44.7214 44.7214 44.7214 44.7214 58.3095 58.3095 58.3095 58.3095 47.4342 47.4342 47.4342 47.4342 61.5224 61.5224 61.5224 61.5224 51.0000 51.0000 51.0000 51.0000 64.4438 64.4438 64.4438 64.4438 37.0135 37.0135 37.0135 37.0135 50.5668 50.5668 50.5668 50.5668 34.2345 34.2345 34.2345 34.2345 52.0865 52.0865 52.0865 52.0865 21.0950 21.0950 21.0950 21.0950 29.0689 29.0689 29.0689 29.0689 8.9443 8.9443 8.9443 8.9443 24.0208 24.0208 24.0208 24.0208 21.6333 21.6333 21.6333 21.6333 28.6356 28.6356 28.6356 28.6356 27.1662 27.1662 27.1662 27.1662 43.9318 43.9318 43.9318 43.9318 16.5529
C7 11.6619 7.8102 15.0000 42.0119 35.7771 20.5183 27.0185 0.0000 11.6619 43.4166 26.4764 29.0689 23.3452 46.6905 34.0147 40.0500 51.9711 50.5964 29.0000 25.6125 63.5689 27.2029 38.4708 12.8062 30.0832 6.0000 11.6619 11.6619 11.6619 11.6619 43.1856 43.1856 43.1856 43.1856 60.0083 60.0083 60.0083 60.0083 33.9706 33.9706 33.9706 33.9706 51.0882 51.0882 51.0882 51.0882 24.0832 24.0832 24.0832 24.0832 41.0000 41.0000 41.0000 41.0000 25.0000 25.0000 25.0000 25.0000 37.4833 37.4833 37.4833 37.4833 12.1655 12.1655 12.1655 12.1655 29.0000 29.0000 29.0000 29.0000 30.2324 30.2324 30.2324 30.2324 39.3573 39.3573 39.3573 39.3573 19.4165 19.4165 19.4165 19.4165 43.0465 43.0465 43.0465 43.0465 26.5707 26.5707 26.5707 26.5707 48.4665 48.4665 48.4665 48.4665 48.6004 48.6004 48.6004 48.6004 54.2033 54.2033 54.2033 54.2033 50.1199 50.1199 50.1199 50.1199 61.1882 61.1882 61.1882 61.1882 11.6619
C8 20.0000 5.0000 26.6271 52.2398 43.1741 32.0156 30.8869 11.6619 0.0000 52.2398 20.6155 40.6079 28.7924 43.8634 34.6554 50.6360 49.2443 58.8558 33.5410 14.1421 71.5891 38.6264 35.7771 16.1245 35.0571 10.0000 20.0000 20.0000 20.0000 20.0000 53.0377 53.0377 53.0377 53.0377 70.1783 70.1783 70.1783 70.1783 45.4533 45.4533 45.4533 45.4533 62.6259 62.6259 62.6259 62.6259 32.3110 32.3110 32.3110 32.3110 49.7695 49.7695 49.7695 49.7695 30.1496 30.1496 30.1496 30.1496 36.6742 36.6742 36.6742 36.6742 8.2462 8.2462 8.2462 8.2462 19.9249 19.9249 19.9249 19.9249 20.2485 20.2485 20.2485 20.2485 27.7308 27.7308 27.7308 27.7308 14.3178 14.3178 14.3178 14.3178 37.8550 37.8550 37.8550 37.8550 26.8701 26.8701 26.8701 26.8701 48.0104 48.0104 48.0104 48.0104 51.0882 51.0882 51.0882 51.0882 59.4811 59.4811 59.4811 59.4811 56.9210 56.9210 56.9210 56.9210 70.2567 70.2567 70.2567 70.2567 20.0000
C9 32.3883 47.2652 36.0555 10.0000 11.1803 36.7967 26.9258 43.4166 52.2398 0.0000 49.3356 36.0555 25.4951 48.7955 34.4093 13.1529 51.2250 7.8102 24.1661 62.2013 20.5913 24.8395 45.0000 54.2310 64.0312 42.2966 32.3883 32.3883 32.3883 32.3883 7.0711 7.0711 7.0711 7.0711 20.5913 20.5913 20.5913 20.5913 38.0132 38.0132 38.0132 38.0132 44.1022 44.1022 44.1022 44.1022 53.1507 53.1507 53.1507 53.1507 60.7454 60.7454 60.7454 60.7454 60.2163 60.2163 60.2163 60.2163 77.8974 77.8974 77.8974 77.8974 55.5428 55.5428 55.5428 55.5428 71.8471 71.8471 71.8471 71.8471 60.6383 60.6383 60.6383 60.6383 77.3175 77.3175 77.3175 77.3175 46.6905 46.6905 46.6905 46.6905 54.4059 54.4059 54.4059 54.4059 35.8469 35.8469 35.8469 35.8469 41.6173 41.6173 41.6173 41.6173 30.8707 30.8707 30.8707 30.8707 22.0227 22.0227 22.0227 22.0227 13.1529 13.1529 13.1529 13.1529 18.0278 18.0278 18.0278 18.0278 32.3883
C10 25.0000 20.0000 38.9102 53.2353 38.3275 44.7214 22.5610 26.4764 20.6155 49.3356 0.0000 52.4786 24.1661 23.8537 19.6469 53.0000 29.1548 53.9351 25.4951 18.0278 65.1920 46.0109 16.2788 36.1248 55.0818 20.6155 25.0000 25.0000 25.0000 25.0000 52.8015 52.8015 52.8015 52.8015 69.6419 69.6419 69.6419 69.6419 57.4543 57.4543 57.4543 57.4543 73.6003 73.6003 73.6003 73.6003 50.4876 50.4876 50.4876 50.4876 67.4685 67.4685 67.4685 67.4685 50.0400 50.0400 50.0400 50.0400 57.0088 57.0088 57.0088 57.0088 28.8617 28.8617 28.8617 28.8617 35.3836 35.3836 35.3836 35.3836 12.0416 12.0416 12.0416 12.0416 31.0483 31.0483 31.0483 31.0483 7.0711 7.0711 7.0711 7.0711 17.2627 17.2627 17.2627 17.2627 14.0357 14.0357 14.0357 14.0357 29.8329 29.8329 29.8329 29.8329 36.4005 36.4005 36.4005 36.4005 48.5077 48.5077 48.5077 48.5077 49.0408 49.0408 49.0408 49.0408 66.4906 66.4906 66.4906 66.4906 25.0000
C11 27.7308 36.7967 14.1421 28.2843 36.4005 8.6023 40.3113 29.0689 40.6079 36.0555 52.4786 0.0000 35.3553 66.4906 50.6360 24.7588 71.0211 43.6005 40.0500 54.6717 55.1725 11.7047 59.2030 31.3209 31.6228 33.3017 27.7308 27.7308 27.7308 27.7308 31.1448 31.1448 31.1448 31.1448 42.9418 42.9418 42.9418 42.9418 5.0000 5.0000 5.0000 5.0000 22.0227 22.0227 22.0227 22.0227 20.6155 20.6155 20.6155 20.6155 24.6982 24.6982 24.6982 24.6982 29.4279 29.4279 29.4279 29.4279 48.6621 48.6621 48.6621 48.6621 38.0132 38.0132 38.0132 38.0132 54.4243 54.4243 54.4243 54.4243 58.7963 58.7963 58.7963 58.7963 67.9559 67.9559 67.9559 67.9559 46.0435 46.0435 46.0435 46.0435 66.4831 66.4831 66.4831 66.4831 45.8803 45.8803 45.8803 45.8803 64.1249 64.1249 64.1249 64.1249 58.4209 58.4209 58.4209 58.4209 56.0803 56.0803 56.0803 56.0803 48.3011 48.3011 48.3011 48.3011 49.0408 49.0408 49.0408 49.0408 27.7308
C12 12.2066 24.1661 25.4951 29.1548 15.0000 30.0666 5.0000 23.3452 28.7924 25.4951 24.1661 35.3553 0.0000 31.3209 15.2971 29.2062 35.6931 31.0000 5.8310 37.0000 43.2897 25.6320 24.5967 36.0694 51.4782 19.7231 12.2066 12.2066 12.2066 12.2066 28.6356 28.6356 28.6356 28.6356 45.5412 45.5412 45.5412 45.5412 39.8121 39.8121 39.8121 39.8121 53.7122 53.7122 53.7122 53.7122 42.7200 42.7200 42.7200 42.7200 56.5685 56.5685 56.5685 56.5685 46.6476 46.6476 46.6476 46.6476 60.8112 60.8112 60.8112 60.8112 34.1321 34.1321 34.1321 34.1321 48.7032 48.7032 48.7032 48.7032 35.1710 35.1710 35.1710 35.1710 52.0384 52.0384 52.0384 52.0384 21.2132 21.2132 21.2132 21.2132 33.0151 33.0151 33.0151 33.0151 12.0416 12.0416 12.0416 12.0416 29.0172 29.0172 29.0172 29.0172 25.9422 25.9422 25.9422 25.9422 31.0644 31.0644 31.0644 31.0644 28.1603 28.1603 28.1603 28.1603 43.1856 43.1856 43.1856 43.1856 12.2066
C13 40.0500 42.0595 55.1453 56.4004 38.4187 60.4070 26.5707 46.6905 43.8634 48.7955 23.8537 66.4906 31.3209 0.0000 16.1555 57.6888 5.3852 50.0000 27.7308 41.0366 57.6975 56.9210 8.2462 58.2409 76.6877 40.7922 40.0500 40.0500 40.0500 40.0500 54.6717 54.6717 54.6717 54.6717 68.7677 68.7677 68.7677 68.7677 71.0634 71.0634 71.0634 71.0634 84.8646 84.8646 84.8646 84.8646 70.2567 70.2567 70.2567 70.2567 86.0058 86.0058 86.0058 86.0058 71.5891 71.5891 71.5891 71.5891 80.5295 80.5295 80.5295 80.5295 52.0000 52.0000 52.0000 52.0000 59.0339 59.0339 59.0339 59.0339 32.6497 32.6497 32.6497 32.6497 51.3128 51.3128 51.3128 51.3128 29.5466 29.5466 29.5466 29.5466 10.4403 10.4403 10.4403 10.4403 21.0238 21.0238 21.0238 21.0238 10.0499 10.0499 10.0499 10.0499 22.1359 22.1359 22.1359 22.1359 37.3363 37.3363 37.3363 37.3363 42.1900 42.1900 42.1900 42.1900 62.1289 62.1289 62.1289 62.1289 40.0500
C14 25.3180 31.4006 40.0500 41.0366 23.4307 45.0111 10.4403 34.0147 34.6554 34.4093 19.6469 50.6360 15.2971 16.1555 0.0000 42.0119 20.3961 37.1618 11.6619 37.1618 47.0744 40.8044 10.6301 46.5296 63.9062 28.6531 25.3180 25.3180 25.3180 25.3180 39.6232 39.6232 39.6232 39.6232 54.9181 54.9181 54.9181 54.9181 55.1090 55.1090 55.1090 55.1090 68.7095 68.7095 68.7095 68.7095 56.2939 56.2939 56.2939 56.2939 71.1758 71.1758 71.1758 71.1758 58.8727 58.8727 58.8727 58.8727 70.4557 70.4557 70.4557 70.4557 42.0119 42.0119 42.0119 42.0119 53.0094 53.0094 53.0094 53.0094 31.5753 31.5753 31.5753 31.5753 50.6952 50.6952 50.6952 50.6952 21.6333 21.6333 21.6333 21.6333 20.0000 20.0000 20.0000 20.0000 7.8102 7.8102 7.8102 7.8102 14.5602 14.5602 14.5602 14.5602 17.0000 17.0000 17.0000 17.0000 29.0689 29.0689 29.0689 29.0689 30.8058 30.8058 30.8058 30.8058 49.7695 49.7695 49.7695 49.7695 25.3180
C15 31.0483 45.7056 28.8617 3.6056 19.6977 27.7308 32.5269 40.0500 50.6360 13.1529 53.0000 24.7588 29.2062 57.6888 42.0119 0.0000 60.9016 19.6977 30.4795 62.6418 30.4795 15.2315 52.4976 48.6621 55.0727 40.7922 31.0483 31.0483 31.0483 31.0483 6.7082 6.7082 6.7082 6.7082 20.2237 20.2237 20.2237 20.2237 25.8070 25.8070 25.8070 25.8070 31.0161 31.0161 31.0161 31.0161 43.9090 43.9090 43.9090 43.9090 49.0408 49.0408 49.0408 49.0408 51.8941 51.8941 51.8941 51.8941 70.5762 70.5762 70.5762 70.5762 52.0000 52.0000 52.0000 52.0000 69.0290 69.0290 69.0290 69.0290 63.0714 63.0714 63.0714 63.0714 77.6209 77.6209 77.6209 77.6209 48.7545 48.7545 48.7545 48.7545 61.5549 61.5549 61.5549 61.5549 41.1096 41.1096 41.1096 41.1096 51.8941 51.8941 51.8941 51.8941 42.4500 42.4500 42.4500 42.4500 35.1283 35.1283 35.1283 35.1283 26.3059 26.3059 26.3059 26.3059 24.4131 24.4131 24.4131 24.4131 31.0483
C16 45.0000 47.4342 60.0333 59.3633 41.3401 65.1920 30.8058 51.9711 49.2443 51.2250 29.1548 71.0211 35.6931 5.3852 20.3961 60.9016 0.0000 51.6624 31.6228 46.0977 58.3095 61.1310 13.6015 63.6003 82.0000 46.0977 45.0000 45.0000 45.0000 45.0000 57.4282 57.4282 57.4282 57.4282 70.7107 70.7107 70.7107 70.7107 75.5050 75.5050 75.5050 75.5050 88.8651 88.8651 88.8651 88.8651 75.4255 75.4255 75.4255 75.4255 91.0055 91.0055 91.0055 91.0055 76.9025 76.9025 76.9025 76.9025 85.9069 85.9069 85.9069 85.9069 57.3847 57.3847 57.3847 57.3847 64.2028 64.2028 64.2028 64.2028 37.4833 37.4833 37.4833 37.4833 55.8032 55.8032 55.8032 55.8032 34.9285 34.9285 34.9285 34.9285 14.4222 14.4222 14.4222 14.4222 26.0192 26.0192 26.0192 26.0192 10.0000 10.0000 10.0000 10.0000 22.4722 22.4722 22.4722 22.4722 37.5899 37.5899 37.5899 37.5899 43.4166 43.4166 43.4166 43.4166 63.4114 63.4114 63.4114 63.4114 45.0000
C17 39.2938 53.9351 43.8292 16.1555 16.0000 44.5982 31.4006 50.5964 58.8558 7.8102 53.9351 43.6005 31.0000 50.0000 37.1618 19.6977 51.6624 0.0000 28.4429 68.0000 13.0000 32.5576 47.4131 61.7414 71.8401 49.0306 39.2938 39.2938 39.2938 39.2938 13.0000 13.0000 13.0000 13.0000 19.2094 19.2094 19.2094 19.2094 45.2769 45.2769 45.2769 45.2769 49.8197 49.8197 49.8197 49.8197 60.9590 60.9590 60.9590 60.9590 68.2422 68.2422 68.2422 68.2422 68.0074 68.0074 68.0074 68.0074 85.5862 85.5862 85.5862 85.5862 62.6418 62.6418 62.6418 62.6418 78.6448 78.6448 78.6448 78.6448 65.6201 65.6201 65.6201 65.6201 83.0241 83.0241 83.0241 83.0241 52.0865 52.0865 52.0865 52.0865 56.8243 56.8243 56.8243 56.8243 40.0250 40.0250 40.0250 40.0250 41.7253 41.7253 41.7253 41.7253 29.8329 29.8329 29.8329 29.8329 17.7200 17.7200 17.7200 17.7200 8.9443 8.9443 8.9443 8.9443 12.6491 12.6491 12.6491 12.6491 39.2938
C18 18.0278 29.1548 31.0483 29.7321 13.0000 35.3553 3.0000 29.0000 33.5410 24.1661 25.4951 40.0500 5.8310 27.7308 11.6619 30.4795 31.6228 28.4429 0.0000 40.3113 40.0000 29.6142 22.0227 41.7732 57.3062 25.0000 18.0278 18.0278 18.0278 18.0278 28.6007 28.6007 28.6007 28.6007 44.7214 44.7214 44.7214 44.7214 44.2832 44.2832 44.2832 44.2832 57.2451 57.2451 57.2451 57.2451 48.4665 48.4665 48.4665 48.4665 61.9839 61.9839 61.9839 61.9839 52.4786 52.4786 52.4786 52.4786 66.4831 66.4831 66.4831 66.4831 39.4081 39.4081 39.4081 39.4081 53.3104 53.3104 53.3104 53.3104 37.2156 37.2156 37.2156 37.2156 55.0818 55.0818 55.0818 55.0818 24.0832 24.0832 24.0832 24.0832 31.1127 31.1127 31.1127 31.1127 11.7047 11.7047 11.7047 11.7047 24.0832 24.0832 24.0832 24.0832 20.1246 20.1246 20.1246 20.1246 25.9422 25.9422 25.9422 25.9422 24.1868 24.1868 24.1868 24.1868 41.0000 41.0000 41.0000 41.0000 18.0278
C19 31.6228 18.0278 40.6079 63.7887 52.0000 46.0977 37.3363 25.6125 14.1421 62.2013 18.0278 54.6717 37.0000 41.0366 37.1618 62.6418 46.0977 68.0000 40.3113 0.0000 80.1561 51.8845 34.0588 28.6356 46.5725 22.3607 31.6228 31.6228 31.6228 31.6228 64.1327 64.1327 64.1327 64.1327 81.3941 81.3941 81.3941 81.3941 59.5483 59.5483 59.5483 59.5483 76.6942 76.6942 76.6942 76.6942 45.6508 45.6508 45.6508 45.6508 63.0635 63.0635 63.0635 63.0635 42.0595 42.0595 42.0595 42.0595 43.4166 43.4166 43.4166 43.4166 19.6977 19.6977 19.6977 19.6977 18.3576 18.3576 18.3576 18.3576 9.4868 9.4868 9.4868 9.4868 15.1327 15.1327 15.1327 15.1327 16.2788 16.2788 16.2788 16.2788 32.4500 32.4500 32.4500 32.4500 30.3645 30.3645 30.3645 30.3645 47.8017 47.8017 47.8017 47.8017 54.1295 54.1295 54.1295 54.1295 65.2534 65.2534 65.2534 65.2534 64.4981 64.4981 64.4981 64.4981 80.0999 80.0999 80.0999 80.0999 31.6228
C20 52.2015 66.7083 56.6039 26.9072 28.4429 57.0088 43.0000 63.5689 71.5891 20.5913 65.1920 55.1725 43.2897 57.6975 47.0744 30.4795 58.3095 13.0000 40.0000 80.1561 0.0000 44.6878 56.6127 74.7329 84.4038 61.8466 52.2015 52.2015 52.2015 52.2015 24.0416 24.0416 24.0416 24.0416 20.0000 20.0000 20.0000 20.0000 56.2228 56.2228 56.2228 56.2228 57.9396 57.9396 57.9396 57.9396 73.4098 73.4098 73.4098 73.4098 79.5110 79.5110 79.5110 79.5110 80.7094 80.7094 80.7094 80.7094 98.4886 98.4886 98.4886 98.4886 75.5844 75.5844 75.5844 75.5844 91.4440 91.4440 91.4440 91.4440 77.1038 77.1038 77.1038 77.1038 95.0474 95.0474 95.0474 95.0474 64.0312 64.0312 64.0312 64.0312 65.7875 65.7875 65.7875 65.7875 51.1566 51.1566 51.1566 51.1566 48.3735 48.3735 48.3735 48.3735 35.8469 35.8469 35.8469 35.8469 20.8087 20.8087 20.8087 20.8087 16.2788 16.2788 16.2788 16.2788 9.0000 9.0000 9.0000 9.0000 52.2015
C21 21.2603 34.0147 14.0357 18.3576 24.7386 12.5300 30.3645 27.2029 38.6264 24.8395 46.0109 11.7047 25.6320 56.9210 40.8044 15.2315 61.1310 32.5576 29.6142 51.8845 44.6878 0.0000 50.1597 34.0588 39.9625 29.5296 21.2603 21.2603 21.2603 21.2603 20.8087 20.8087 20.8087 20.8087 35.1710 35.1710 35.1710 35.1710 15.0333 15.0333 15.0333 15.0333 28.1780 28.1780 28.1780 28.1780 28.8444 28.8444 28.8444 28.8444 36.2353 36.2353 36.2353 36.2353 36.6742 36.6742 36.6742 36.6742 55.3624 55.3624 55.3624 55.3624 38.4708 38.4708 38.4708 38.4708 55.5788 55.5788 55.5788 55.5788 54.2033 54.2033 54.2033 54.2033 66.3099 66.3099 66.3099 66.3099 40.3609 40.3609 40.3609 40.3609 58.1808 58.1808 58.1808 58.1808 37.1214 37.1214 37.1214 37.1214 53.6004 53.6004 53.6004 53.6004 47.0956 47.0956 47.0956 47.0956 44.3847 44.3847 44.3847 44.3847 36.7151 36.7151 36.7151 36.7151 39.4462 39.4462 39.4462 39.4462 21.2603
C22 32.2490 33.8378 47.3814 51.6236 34.0588 52.7731 20.2485 38.4708 35.7771 45.0000 16.2788 59.2030 24.5967 8.2462 10.6301 52.4976 13.6015 47.4131 22.0227 34.0588 56.6127 50.1597 0.0000 50.0000 68.4471 32.5576 32.2490 32.2490 32.2490 32.2490 50.2494 50.2494 50.2494 50.2494 65.4599 65.4599 65.4599 65.4599 63.8905 63.8905 63.8905 63.8905 78.2943 78.2943 78.2943 78.2943 62.1289 62.1289 62.1289 62.1289 78.0577 78.0577 78.0577 78.0577 63.3482 63.3482 63.3482 63.3482 72.4500 72.4500 72.4500 72.4500 43.8634 43.8634 43.8634 43.8634 51.6624 51.6624 51.6624 51.6624 26.4197 26.4197 26.4197 26.4197 45.6180 45.6180 45.6180 45.6180 21.4709 21.4709 21.4709 21.4709 9.4340 9.4340 9.4340 9.4340 13.3417 13.3417 13.3417 13.3417 13.8924 13.8924 13.8924 13.8924 23.0217 23.0217 23.0217 23.0217 37.3363 37.3363 37.3363 37.3363 40.4969 40.4969 40.4969 40.4969 59.9333 59.9333 59.9333 59.9333 32.2490
C23 24.0832 16.2788 20.0250 51.1957 47.7074 23.3452 39.8246 12.8062 16.1245 54.2310 36.1248 31.3209 36.0694 58.2409 46.5296 48.6621 63.6003 61.7414 41.7732 28.6356 74.7329 34.0588 50.0000 0.0000 19.0000 17.8885 24.0832 24.0832 24.0832 24.0832 52.8867 52.8867 52.8867 52.8867 68.8840 68.8840 68.8840 68.8840 35.4683 35.4683 35.4683 35.4683 52.3259 52.3259 52.3259 52.3259 17.2047 17.2047 17.2047 17.2047 34.4819 34.4819 34.4819 34.4819 14.0357 14.0357 14.0357 14.0357 24.7588 24.7588 24.7588 24.7588 8.9443 8.9443 8.9443 8.9443 23.2594 23.2594 23.2594 23.2594 36.1386 36.1386 36.1386 36.1386 38.8973 38.8973 38.8973 38.8973 29.2746 29.2746 29.2746 29.2746 53.3385 53.3385 53.3385 53.3385 38.9102 38.9102 38.9102 38.9102 60.8358 60.8358 60.8358 60.8358 61.4003 61.4003 61.4003 61.4003 66.7083 66.7083 66.7083 66.7083 62.1289 62.1289 62.1289 62.1289 71.4703 71.4703 71.4703 71.4703 24.0832
C24 39.3573 35.1283 28.2843 58.3095 60.2080 27.4591 55.9017 30.0832 35.0571 64.0312 55.0818 31.6228 51.4782 76.6877 63.9062 55.0727 82.0000 71.8401 57.3062 46.5725 84.4038 39.9625 68.4471 19.0000 0.0000 35.9026 39.3573 39.3573 39.3573 39.3573 60.7454 60.7454 60.7454 60.7454 74.3236 74.3236 74.3236 74.3236 33.5410 33.5410 33.5410 33.5410 47.1699 47.1699 47.1699 47.1699 11.1803 11.1803 11.1803 11.1803 20.2485 20.2485 20.2485 20.2485 5.0990 5.0990 5.0990 5.0990 18.1108 18.1108 18.1108 18.1108 27.2947 27.2947 27.2947 27.2947 35.8050 35.8050 35.8050 35.8050 54.7449 54.7449 54.7449 54.7449 54.2033 54.2033 54.2033 54.2033 48.1664 48.1664 48.1664 48.1664 72.2496 72.2496 72.2496 72.2496 56.6127 56.6127 56.6127 56.6127 78.4347 78.4347 78.4347 78.4347 77.4145 77.4145 77.4145 77.4145 80.2808 80.2808 80.2808 80.2808 74.2496 74.2496 74.2496 74.2496 79.4040 79.4040 79.4040 79.4040 39.3573
C25 10.0000 5.0000 19.2094 42.2966 33.5261 25.0000 22.6716 6.0000 10.0000 42.2966 20.6155 33.3017 19.7231 40.7922 28.6531 40.7922 46.0977 49.0306 25.0000 22.3607 61.8466 29.5296 32.5576 17.8885 35.9026 0.0000 10.0000 10.0000 10.0000 10.0000 43.0465 43.0465 43.0465 43.0465 60.2080 60.2080 60.2080 60.2080 38.2884 38.2884 38.2884 38.2884 55.1543 55.1543 55.1543 55.1543 30.0666 30.0666 30.0666 30.0666 46.8722 46.8722 46.8722 46.8722 30.8058 30.8058 30.8058 30.8058 42.0119 42.0119 42.0119 42.0119 14.4222 14.4222 14.4222 14.4222 29.6142 29.6142 29.6142 29.6142 25.4951 25.4951 25.4951 25.4951 37.0000 37.0000 37.0000 37.0000 13.6015 13.6015 13.6015 13.6015 37.0540 37.0540 37.0540 37.0540 21.0238 21.0238 21.0238 21.0238 42.9535 42.9535 42.9535 42.9535 43.9318 43.9318 43.9318 43.9318 50.7740 50.7740 50.7740 50.7740 47.5395 47.5395 47.5395 47.5395 60.2993 60.2993 60.2993 60.2993 10.0000
F26 0.0000 15.0000 15.1327 32.3883 24.1661 20.6155 16.5529 11.6619 20.0000 32.3883 25.0000 27.7308 12.2066 40.0500 25.3180 31.0483 45.0000 39.2938 18.0278 31.6228 52.2015 21.2603 32.2490 24.0832 39.3573 10.0000 0.0000 0.0000 0.0000 0.0000 33.0606 33.0606 33.0606 33.0606 50.2494 50.2494 50.2494 50.2494 32.6497 32.6497 32.6497 32.6497 48.6004 48.6004 48.6004 48.6004 31.0483 31.0483 31.0483 31.0483 46.0109 46.0109 46.0109 46.0109 34.4819 34.4819 34.4819 34.4819 48.8365 48.8365 48.8365 48.8365 23.4094 23.4094 23.4094 23.4094 39.4588 39.4588 39.4588 39.4588 33.0151 33.0151 33.0151 33.0151 46.5725 46.5725 46.5725 46.5725 19.1050 19.1050 19.1050 19.1050 38.8973 38.8973 38.8973 38.8973 19.0263 19.0263 19.0263 19.0263 39.8121 39.8121 39.8121 39.8121 38.0789 38.0789 38.0789 38.0789 42.6380 42.6380 42.6380 42.6380 38.4708 38.4708 38.4708 38.4708 50.3587 50.3587 50.3587 50.3587 0.0000
F26_1 0.0000 15.0000 15.1327 32.3883 24.1661 20.6155 16.5529 11.6619 20.0000 32.3883 25.0000 27.7308 12.2066 40.0500 25.3180 31.0483 45.0000 39.2938 18.0278 31.6228 52.2015 21.2603 32.2490 24.0832 39.3573 10.0000 0.0000 0.0000 0.0000 0.0000 33.0606 33.0606 33.0606 33.0606 50.2494 50.2494 50.2494 50.2494 32.6497 32.6497 32.6497 32.6497 48.6004 48.6004 48.6004 48.6004 31.0483 31.0483 31.0483 31.0483 46.0109 46.0109 46.0109 46.0109 34.4819 34.4819 34.4819 34.4819 48.8365 48.8365 48.8365 48.8365 23.4094 23.4094 23.4094 23.4094 39.4588 39.4588 39.4588 39.4588 33.0151 33.0151 33.0151 33.0151 46.5725 46.5725 46.5725 46.5725 19.1050 19.1050 19.1050 19.1050 38.8973 38.8973 38.8973 38.8973 19.0263 19.0263 19.0263 19.0263 39.8121 39.8121 39.8121 39.8121 38.0789 38.0789 38.0789 38.0789 42.6380 42.6380 42.6380 42.6380 38.4708 38.4708 38.4708 38.4708 50.3587 50.3587 50.3587 50.3587 0.0000
F26_2 0.0000 15.0000 15.1327 32.3883 24.1661 20.6155 16.5529 11.6619 20.0000 32.3883 25.0000 27.7308 12.2066 40.0500 25.3180 31.0483 45.0000 39.2938 18.0278 31.6228 52.2015 21.2603 32.2490 24.0832 39.3573 10.0000 0.0000 0.0000 0.0000 0.0000 33.0606 33.0606 33.0606 33.0606 50.2494 50.2494 50.2494 50.2494 32.6497 32.6497 32.6497 32.6497 48.6004 48.6004 48.6004 48.6004 31.0483 31.0483 31.0483 31.0483 46.0109 46.0109 46.0109 46.0109 34.4819 34.4819 34.4819 34.4819 48.8365 48.8365 48.8365 48.8365 23.4094 23.4094 23.4094 23.4094 39.4588 39.4588 39.4588 39.4588 33.0151 33.0151 33.0151 33.0151 46.5725 46.5725 46.5725 46.5725 19.1050 19.1050 19.1050 19.1050 38.8973 38.8973 38.8973 38.8973 19.0263 19.0263 19.0263 19.0263 39.8121 39.8121 39.8121 39.8121 38.0789 38.0789 38.0789 38.0789 42.6380 42.6380 42.6380 42.6380 38.4708 38.4708 38.4708 38.4708 50.3587 50.3587 50.3587 50.3587 0.0000
F26_3 0.0000 15.0000 15.1327 32.3883 24.1661 20.6155 16.5529 11.6619 20.0000 32.3883 25.0000 27.7308 12.2066 40.0500 25.3180 31.0483 45.0000 39.2938 18.0278 31.6228 52.2015 21.2603 32.2490 24.0832 39.3573 10.0000 0.0000 0.0000 0.0000 0.0000 33.0606 33.0606 33.0606 33.0606 50.2494 50.2494 50.2494 50.2494 32.6497 32.6497 32.6497 32.6497 48.6004 48.6004 48.6004 48.6004 31.0483 31.0483 31.0483 31.0483 46.0109 46.0109 46.0109 46.0109 34.4819 34.4819 34.4819 34.4819 48.8365 48.8365 48.8365 48.8365 23.4094 23.4094 23.4094 23.4094 39.4588 39.4588 39.4588 39.4588 33.0151 33.0151 33.0151 33.0151 46.5725 46.5725 46.5725 46.5725 19.1050 19.1050 19.1050 19.1050 38.8973 38.8973 38.8973 38.8973 19.0263 19.0263 19.0263 19.0263 39.8121 39.8121 39.8121 39.8121 38.0789 38.0789 38.0789 38.0789 42.6380 42.6380 42.6380 42.6380 38.4708 38.4708 38.4708 38.4708 50.3587 50.3587 50.3587 50.3587 0.0000
F27 33.0606 48.0416 33.6155 3.1623 16.2788 33.2866 31.0644 43.1856 53.0377 7.0711 52.8015 31.1448 28.6356 54.6717 39.6232 6.7082 57.4282 13.0000 28.6007 64.1327 24.0416 20.8087 50.2494 52.8867 60.7454 43.0465 33.0606 33.0606 33.0606 33.0606 0.0000 0.0000 0.0000 0.0000 17.2627 17.2627 17.2627 17.2627 32.4500 32.4500 32.4500 32.4500 37.2156 37.2156 37.2156 37.2156 49.6488 49.6488 49.6488 49.6488 55.6058 55.6058 55.6058 55.6058 57.3062 57.3062 57.3062 57.3062 75.6439 75.6439 75.6439 75.6439 55.3263 55.3263 55.3263 55.3263 72.1110 72.1110 72.1110 72.1110 63.5689 63.5689 63.5689 63.5689 79.2465 79.2465 79.2465 79.2465 49.3356 49.3356 49.3356 49.3356 59.5483 59.5483 59.5483 59.5483 39.9625 39.9625 39.9625 39.9625 48.0208 48.0208 48.0208 48.0208 37.6962 37.6962 37.6962 37.6962 29.0000 29.0000 29.0000 29.0000 20.0250 20.0250 20.0250 20.0250 18.7883 18.7883 18.7883 18.7883 33.0606
F27_1 33.0606 48.0416 33.6155 3.1623 16.2788 33.2866 31.0644 43.1856 53.0377 7.0711 52.8015 31.1448 28.6356 54.6717 39.6232 6.7082 57.4282 13.0000 28.6007 64.1327 24.0416 20.8087 50.2494 52.8867 60.7454 43.0465 33.0606 33.0606 33.0606 33.0606 0.0000 0.0000 0.0000 0.0000 17.2627 17.2627 17.2627 17.2627 32.4500 32.4500 32.4500 32.4500 37.2156 37.2156 37.2156 37.2156 49.6488 49.6488 49.6488 49.6488 55.6058 55.6058 55.6058 55.6058 57.3062 57.3062 57.3062 57.3062 75.6439 75.6439 75.6439 75.6439 55.3263 55.3263 55.3263 55.3263 72.1110 72.1110 72.1110 72.1110 63.5689 63.5689 63.5689 63.5689 79.2465 79.2465 79.2465 79.2465 49.3356 49.3356 49.3356 49.3356 59.5483 59.5483 59.5483 59.5483 39.9625 39.9625 39.9625 39.9625 48.0208 48.0208 48.0208 48.0208 37.6962 37.6962 37.6962 37.6962 29.0000 29.0000 29.0000 29.0000 20.0250 20.0250 20.0250 20.0250 18.7883 18.7883 18.7883 18.7883 33.0606
F27_2 33.0606 48.0416 33.6155 3.1623 16.2788 33.2866 31.0644 43.1856 53.0377 7.0711 52.8015 31.1448 28.6356 54.6717 39.6232 6.7082 57.4282 13.0000 28.6007 64.1327 24.0416 20.8087 50.2494 52.8867 60.7454 43.0465 33.0606 33.0606 33.0606 33.0606 0.0000 0.0000 0.0000 0.0000 17.2627 17.2627 17.2627 17.2627 32.4500 32.4500 32.4500 32.4500 37.2156 37.2156 37.2156 37.2156 49.6488 49.6488 49.6488 49.6488 55.6058 55.6058 55.6058 55.6058 57.3062 57.3062 57.3062 57.3062 75.6439 75.6439 75.6439 75.6439 55.3263 55.3263 55.3263 55.3263 72.1110 72.1110 72.1110 72.1110 63.5689 63.5689 63.5689 63.5689 79.2465 79.2465 79.2465 79.2465 49.3356 49.3356 49.3356 49.3356 59.5483 59.5483 59.5483 59.5483 39.9625 39.9625 39.9625 39.9625 48.0208 48.0208 48.0208 48.0208 37.6962 37.6962 37.6962 37.6962 29.0000 29.0000 29.0000 29.0000 20.0250 20.0250 20.0250 20.0250 18.7883 18.7883 18.7883 18.7883 33.0606
F27_3 33.0606 48.0416 33.6155 3.1623 16.2788 33.2866 31.0644 43.1856 53.0377 7.0711 52.8015 31.1448 28.6356 54.6717 39.6232 6.7082 57.4282 13.0000 28.6007 64.1327 24.0416 20.8087 50.2494 52.8867 60.7454 43.0465 33.0606 33.0606 33.0606 33.0606 0.0000 0.0000 0.0000 0.0000 17.2627 17.2627 17.2627 17.2627 32.4500 32.4500 32.4500 32.4500 37.2156 37.2156 37.2156 37.2156 49.6488 49.6488 49.6488 49.6488 55.6058 55.6058 55.6058 55.6058 57.3062 57.3062 57.3062 57.3062 75.6439 75.6439 75.6439 75.6439 55.3263 55.3263 55.3263 55.3263 72.1110 72.1110 72.1110 72.1110 63.5689 63.5689 63.5689 63.5689 79.2465 79.2465 79.2465 79.2465 49.3356 49.3356 49.3356 49.3356 59.5483 59.5483 59.5483 59.5483 39.9625 39.9625 39.9625 39.9625 48.0208 48.0208 48.0208 48.0208 37.6962 37.6962 37.6962 37.6962 29.0000 29.0000 29.0000 29.0000 20.0250 20.0250 20.0250 20.0250 18.7883 18.7883 18.7883 18.7883 33.0606
F28 50.2494 65.1920 49.0306 18.0000 31.7648 47.4342 47.4236 60.0083 70.1783 20.5913 69.6419 42.9418 45.5412 68.7677 54.9181 20.2237 70.7107 19.2094 44.7214 81.3941 20.0000 35.1710 65.4599 68.8840 74.3236 60.2080 50.2494 50.2494 50.2494 50.2494 17.2627 17.2627 17.2627 17.2627 0.0000 0.0000 0.0000 0.0000 42.4382 42.4382 42.4382 42.4382 39.9625 39.9625 39.9625 39.9625 63.1585 63.1585 63.1585 63.1585 65.4370 65.4370 65.4370 65.4370 71.5122 71.5122 71.5122 71.5122 90.4434 90.4434 90.4434 90.4434 72.0625 72.0625 72.0625 72.0625 89.0056 89.0056 89.0056 89.0056 80.6536 80.6536 80.6536 80.6536 96.5091 96.5091 96.5091 96.5091 66.4831 66.4831 66.4831 66.4831 74.8866 74.8866 74.8866 74.8866 56.3649 56.3649 56.3649 56.3649 60.8276 60.8276 60.8276 60.8276 49.0408 49.0408 49.0408 49.0408 36.2353 36.2353 36.2353 36.2353 28.0179 28.0179 28.0179 28.0179 11.0000 11.0000 11.0000 11.0000 50.2494
F28_1 50.2494 65.1920 49.0306 18.0000 31.7648 47.4342 47.4236 60.0083 70.1783 20.5913 69.6419 42.9418 45.5412 68.7677 54.9181 20.2237 70.7107 19.2094 44.7214 81.3941 20.0000 35.1710 65.4599 68.8840 74.3236 60.2080 50.2494 50.2494 50.2494 50.2494 17.2627 17.2627 17.2627 17.2627 0.0000 0.0000 0.0000 0.0000 42.4382 42.4382 42.4382 42.4382 39.9625 39.9625 39.9625 39.9625 63.1585 63.1585 63.1585 63.1585 65.4370 65.4370 65.4370 65.4370 71.5122 71.5122 71.5122 71.5122 90.4434 90.4434 90.4434 90.4434 72.0625 72.0625 72.0625 72.0625 89.0056 89.0056 89.0056 89.0056 80.6536 80.6536 80.6536 80.6536 96.5091 96.5091 96.5091 96.5091 66.4831 66.4831 66.4831 66.4831 74.8866 74.8866 74.8866 74.8866 56.3649 56.3649 56.3649 56.3649 60.8276 60.8276 60.8276 60.8276 49.0408 49.0408 49.0408 49.0408 36.2353 36.2353 36.2353 36.2353 28.0179 28.0179 28.0179 28.0179 11.0000 11.0000 11.0000 11.0000 50.2494
F28_2 50.2494 65.1920 49.0306 18.0000 31.7648 47.4342 47.4236 60.0083 70.1783 20.5913 69.6419 42.9418 45.5412 68.7677 54.9181 20.2237 70.7107 19.2094 44.7214 81.3941 20.0000 35.1710 65.4599 68.8840 74.3236 60.2080 50.2494 50.2494 50.2494 50.2494 17.2627 17.2627 17.2627 17.2627 0.0000 0.0000 0.0000 0.0000 42.4382 42.4382 42.4382 42.4382 39.9625 39.9625 39.9625 39.9625 63.1585 63.1585 63.1585 63.1585 65.4370 65.4370 65.4370 65.4370 71.5122 71.5122 71.5122 71.5122 90.4434 90.4434 90.4434 90.4434 72.0625 72.0625 72.0625 72.0625 89.0056 89.0056 89.0056 89.0056 80.6536 80.6536 80.6536 80.6536 96.5091 96.5091 96.5091 96.5091 66.4831 66.4831 66.4831 66.4831 74.8866 74.8866 74.8866 74.8866 56.3649 56.3649 56.3649 56.3649 60.8276 60.8276 60.8276 60.8276 49.0408 49.0408 49.0408 49.0408 36.2353 36.2353 36.2353 36.2353 28.0179 28.0179 28.0179 28.0179 11.0000 11.0000 11.0000 11.0000 50.2494
F28_3 50.2494 65.1920 49.0306 18.0000 31.7648 47.4342 47.4236 60.0083 70.1783 20.5913 69.6419 42.9418 45.5412 68.7677 54.9181 20.2237 70.7107 19.2094 44.7214 81.3941 20.0000 35.1710 65.4599 68.8840 74.3236 60.2080 50.2494 50.2494 50.2494 50.2494 17.2627 17.2627 17.2627 17.2627 0.0000 0.0000 0.0000 0.0000 42.4382 42.4382 42.4382 42.4382 39.9625 39.9625 39.9625 39.9625 63.1585 63.1585 63.1585 63.1585 65.4370 65.4370 65.4370 65.4370 71.5122 71.5122 71.5122 71.5122 90.4434 90.4434 90.4434 90.4434 72.0625 72.0625 72.0625 72.0625 89.0056 89.0056 89.0056 89.0056 80.6536 80.6536 80.6536 80.6536 96.5091 96.5091 96.5091 96.5091 66.4831 66.4831 66.4831 66.4831 74.8866 74.8866 74.8866 74.8866 56.3649 56.3649 56.3649 56.3649 60.8276 60.8276 60.8276 60.8276 49.0408 49.0408 49.0408 49.0408 36.2353 36.2353 36.2353 36.2353 28.0179 28.0179 28.0179 28.0179 11.0000 11.0000 11.0000 11.0000 50.2494
