# set
set V := C1 C2 C3 C4 C5 C6 C7 C8 C9 C10 C11 C12 C13 C14 C15 C16 C17 C18 C19 C20 C21 C22 C23 C24 C25 ;
set F := F26 F27 F28 F29 F30 F31 F32 F33 F34 F35 F36 F37 F38 F39 F40 F41 F42 F43 F44 F45 F46 F26_1 F26_2 F26_3 F27_1 F27_2 F27_3 F28_1 F28_2 F28_3 F29_1 F29_2 F29_3 F30_1 F30_2 F30_3 F31_1 F31_2 F31_3 F32_1 F32_2 F32_3 F33_1 F33_2 F33_3 F34_1 F34_2 F34_3 F35_1 F35_2 F35_3 F36_1 F36_2 F36_3 F37_1 F37_2 F37_3 F38_1 F38_2 F38_3 F39_1 F39_2 F39_3 F40_1 F40_2 F40_3 F41_1 F41_2 F41_3 F42_1 F42_2 F42_3 F43_1 F43_2 F43_3 F44_1 F44_2 F44_3 F45_1 F45_2 F45_3 F46_1 F46_2 F46_3 ;
set D0 := N0;
set Dσ := Nσ;

# param
param Cf := 200;		# ECV fixed cost
param C := 200;		# ECV max load
param Q := 65.8;		# ECV/BSV battery level
param h := 1;		# ECV consumption

param CB := 60;		# BSV fixed cost
param Qplun := 5;		# BSV max load
param hplun := 1;		# BSV consumption
param W := 131.6;		# BSV battery level

param Cde := 1;		# ECV cost per unit distance
param Cdb := 1;		# BSV cost per unit distance
param lamda := 0;	# battery swap time
param n := 25;		# number of customers
param g := 1.38;	# recharging rate
param Cr := 100;		# recharging cost
param Ct := 10;		# travel cost
param Cs ;		# battery swap cost

param m :=
N0 0
C1 19
C2 18
C3 16
C4 16
C5 41
C6 30
C7 10
C8 15
C9 3
C10 11
C11 13
C12 36
C13 16
C14 8
C15 18
C16 11
C17 12
C18 18
C19 23
C20 3
C21 1
C22 7
C23 17
C24 7
C25 13
F26 0
F26_1 0
F26_2 0
F26_3 0
F27 0
F27_1 0
F27_2 0
F27_3 0
F28 0
F28_1 0
F28_2 0
F28_3 0
F29 0
F29_1 0
F29_2 0
F29_3 0
F30 0
F30_1 0
F30_2 0
F30_3 0
F31 0
F31_1 0
F31_2 0
F31_3 0
F32 0
F32_1 0
F32_2 0
F32_3 0
F33 0
F33_1 0
F33_2 0
F33_3 0
F34 0
F34_1 0
F34_2 0
F34_3 0
F35 0
F35_1 0
F35_2 0
F35_3 0
F36 0
F36_1 0
F36_2 0
F36_3 0
F37 0
F37_1 0
F37_2 0
F37_3 0
F38 0
F38_1 0
F38_2 0
F38_3 0
F39 0
F39_1 0
F39_2 0
F39_3 0
F40 0
F40_1 0
F40_2 0
F40_3 0
F41 0
F41_1 0
F41_2 0
F41_3 0
F42 0
F42_1 0
F42_2 0
F42_3 0
F43 0
F43_1 0
F43_2 0
F43_3 0
F44 0
F44_1 0
F44_2 0
F44_3 0
F45 0
F45_1 0
F45_2 0
F45_3 0
F46 0
F46_1 0
F46_2 0
F46_3 0
Nσ 0
;

param e :=
N0 0
C1 29
C2 27
C3 29
C4 107
C5 23
C6 93
C7 34
C8 39
C9 71
C10 18
C11 29
C12 27
C13 88
C14 42
C15 76
C16 24
C17 92
C18 59
C19 147
C20 76
C21 25
C22 93
C23 58
C24 82
C25 54
F26 0
F26_1 0
F26_2 0
F26_3 0
F27 0
F27_1 0
F27_2 0
F27_3 0
F28 0
F28_1 0
F28_2 0
F28_3 0
F29 0
F29_1 0
F29_2 0
F29_3 0
F30 0
F30_1 0
F30_2 0
F30_3 0
F31 0
F31_1 0
F31_2 0
F31_3 0
F32 0
F32_1 0
F32_2 0
F32_3 0
F33 0
F33_1 0
F33_2 0
F33_3 0
F34 0
F34_1 0
F34_2 0
F34_3 0
F35 0
F35_1 0
F35_2 0
F35_3 0
F36 0
F36_1 0
F36_2 0
F36_3 0
F37 0
F37_1 0
F37_2 0
F37_3 0
F38 0
F38_1 0
F38_2 0
F38_3 0
F39 0
F39_1 0
F39_2 0
F39_3 0
F40 0
F40_1 0
F40_2 0
F40_3 0
F41 0
F41_1 0
F41_2 0
F41_3 0
F42 0
F42_1 0
F42_2 0
F42_3 0
F43 0
F43_1 0
F43_2 0
F43_3 0
F44 0
F44_1 0
F44_2 0
F44_3 0
F45 0
F45_1 0
F45_2 0
F45_3 0
F46 0
F46_1 0
F46_2 0
F46_3 0
Nσ 0
;

param l :=
N0 230
C1 139
C2 192
C3 99
C4 150
C5 177
C6 132
C7 172
C8 148
C9 130
C10 195
C11 132
C12 192
C13 115
C14 198
C15 127
C16 92
C17 183
C18 88
C19 180
C20 131
C21 194
C22 118
C23 208
C24 185
C25 187
F26 230
F26_1 230
F26_2 230
F26_3 230
F27 230
F27_1 230
F27_2 230
F27_3 230
F28 230
F28_1 230
F28_2 230
F28_3 230
F29 230
F29_1 230
F29_2 230
F29_3 230
F30 230
F30_1 230
F30_2 230
F30_3 230
F31 230
F31_1 230
F31_2 230
F31_3 230
F32 230
F32_1 230
F32_2 230
F32_3 230
F33 230
F33_1 230
F33_2 230
F33_3 230
F34 230
F34_1 230
F34_2 230
F34_3 230
F35 230
F35_1 230
F35_2 230
F35_3 230
F36 230
F36_1 230
F36_2 230
F36_3 230
F37 230
F37_1 230
F37_2 230
F37_3 230
F38 230
F38_1 230
F38_2 230
F38_3 230
F39 230
F39_1 230
F39_2 230
F39_3 230
F40 230
F40_1 230
F40_2 230
F40_3 230
F41 230
F41_1 230
F41_2 230
F41_3 230
F42 230
F42_1 230
F42_2 230
F42_3 230
F43 230
F43_1 230
F43_2 230
F43_3 230
F44 230
F44_1 230
F44_2 230
F44_3 230
F45 230
F45_1 230
F45_2 230
F45_3 230
F46 230
F46_1 230
F46_2 230
F46_3 230
Nσ 230
;

param s :=
N0 0
C1 10
C2 10
C3 10
C4 10
C5 10
C6 10
C7 10
C8 10
C9 10
C10 10
C11 10
C12 10
C13 10
C14 10
C15 10
C16 10
C17 10
C18 10
C19 10
C20 10
C21 10
C22 10
C23 10
C24 10
C25 10
F26 0
F26_1 0
F26_2 0
F26_3 0
F27 0
F27_1 0
F27_2 0
F27_3 0
F28 0
F28_1 0
F28_2 0
F28_3 0
F29 0
F29_1 0
F29_2 0
F29_3 0
F30 0
F30_1 0
F30_2 0
F30_3 0
F31 0
F31_1 0
F31_2 0
F31_3 0
F32 0
F32_1 0
F32_2 0
F32_3 0
F33 0
F33_1 0
F33_2 0
F33_3 0
F34 0
F34_1 0
F34_2 0
F34_3 0
F35 0
F35_1 0
F35_2 0
F35_3 0
F36 0
F36_1 0
F36_2 0
F36_3 0
F37 0
F37_1 0
F37_2 0
F37_3 0
F38 0
F38_1 0
F38_2 0
F38_3 0
F39 0
F39_1 0
F39_2 0
F39_3 0
F40 0
F40_1 0
F40_2 0
F40_3 0
F41 0
F41_1 0
F41_2 0
F41_3 0
F42 0
F42_1 0
F42_2 0
F42_3 0
F43 0
F43_1 0
F43_2 0
F43_3 0
F44 0
F44_1 0
F44_2 0
F44_3 0
F45 0
F45_1 0
F45_2 0
F45_3 0
F46 0
F46_1 0
F46_2 0
F46_3 0
Nσ 0
;

param d : N0 C1 C2 C3 C4 C5 C6 C7 C8 C9 C10 C11 C12 C13 C14 C15 C16 C17 C18 C19 C20 C21 C22 C23 C24 C25 F26 F26_1 F26_2 F26_3 F27 F27_1 F27_2 F27_3 F28 F28_1 F28_2 F28_3 F29 F29_1 F29_2 F29_3 F30 F30_1 F30_2 F30_3 F31 F31_1 F31_2 F31_3 F32 F32_1 F32_2 F32_3 F33 F33_1 F33_2 F33_3 F34 F34_1 F34_2 F34_3 F35 F35_1 F35_2 F35_3 F36 F36_1 F36_2 F36_3 F37 F37_1 F37_2 F37_3 F38 F38_1 F38_2 F38_3 F39 F39_1 F39_2 F39_3 F40 F40_1 F40_2 F40_3 F41 F41_1 F41_2 F41_3 F42 F42_1 F42_2 F42_3 F43 F43_1 F43_2 F43_3 F44 F44_1 F44_2 F44_3 F45 F45_1 F45_2 F45_3 F46 F46_1 F46_2 F46_3 Nσ  :=
N0 0.0000 29.1548 27.7849 29.1548 25.4951 23.0217 43.9318 34.9285 39.6611 31.0644 18.0278 25.4951 27.8029 32.0156 21.2132 26.9258 24.7588 17.2047 31.8904 11.1803 11.1803 25.6125 24.3311 11.1803 34.1760 22.3607 0.0000 0.0000 0.0000 0.0000 26.0768 26.0768 26.0768 26.0768 39.2046 39.2046 39.2046 39.2046 25.0599 25.0599 25.0599 25.0599 37.2022 37.2022 37.2022 37.2022 24.7386 24.7386 24.7386 24.7386 36.0139 36.0139 36.0139 36.0139 26.4197 26.4197 26.4197 26.4197 38.2099 38.2099 38.2099 38.2099 18.0278 18.0278 18.0278 18.0278 30.2655 30.2655 30.2655 30.2655 25.8070 25.8070 25.8070 25.8070 36.1386 36.1386 36.1386 36.1386 14.8661 14.8661 14.8661 14.8661 30.3645 30.3645 30.3645 30.3645 15.0333 15.0333 15.0333 15.0333 30.5941 30.5941 30.5941 30.5941 30.0167 30.0167 30.0167 30.0167 33.4215 33.4215 33.4215 33.4215 30.4138 30.4138 30.4138 30.4138 39.3192 39.3192 39.3192 39.3192 0.0000
C1 29.1548 0.0000 40.0250 18.4391 44.7214 6.3246 48.1664 51.8652 67.1789 60.2080 35.0000 4.4721 32.1403 60.2080 10.0000 36.4005 53.6004 15.0333 6.0828 20.6155 18.0278 5.0990 11.0454 36.4005 21.4009 51.4782 29.1548 29.1548 29.1548 29.1548 53.7587 53.7587 53.7587 53.7587 66.7608 66.7608 66.7608 66.7608 52.3259 52.3259 52.3259 52.3259 65.0692 65.0692 65.0692 65.0692 43.3820 43.3820 43.3820 43.3820 56.3649 56.3649 56.3649 56.3649 39.8497 39.8497 39.8497 39.8497 41.1096 41.1096 41.1096 41.1096 22.4722 22.4722 22.4722 22.4722 19.6469 19.6469 19.6469 19.6469 4.0000 4.0000 4.0000 4.0000 11.6619 11.6619 11.6619 11.6619 14.8661 14.8661 14.8661 14.8661 21.2603 21.2603 21.2603 21.2603 24.0000 24.0000 24.0000 24.0000 34.4384 34.4384 34.4384 34.4384 41.4849 41.4849 41.4849 41.4849 51.3517 51.3517 51.3517 51.3517 52.0096 52.0096 52.0096 52.0096 64.7765 64.7765 64.7765 64.7765 29.1548
C2 27.7849 40.0250 0.0000 50.7740 52.5547 34.7851 71.4003 62.0322 57.5587 42.7200 9.8489 39.2173 54.5619 49.3660 30.3645 4.1231 41.1947 26.0000 38.1182 23.6008 30.6105 34.9285 42.9418 19.4165 27.2029 34.5254 27.7849 27.7849 27.7849 27.7849 28.6356 28.6356 28.6356 28.6356 37.5366 37.5366 37.5366 37.5366 46.0435 46.0435 46.0435 46.0435 54.5894 54.5894 54.5894 54.5894 52.0000 52.0000 52.0000 52.0000 61.8466 61.8466 61.8466 61.8466 54.2033 54.2033 54.2033 54.2033 65.2993 65.2993 65.2993 65.2993 43.1393 43.1393 43.1393 43.1393 52.1536 52.1536 52.1536 52.1536 36.1386 36.1386 36.1386 36.1386 51.2445 51.2445 51.2445 51.2445 28.6531 28.6531 28.6531 28.6531 23.5372 23.5372 23.5372 23.5372 17.4929 17.4929 17.4929 17.4929 10.0000 10.0000 10.0000 10.0000 2.2361 2.2361 2.2361 2.2361 12.3693 12.3693 12.3693 12.3693 16.4012 16.4012 16.4012 16.4012 31.4006 31.4006 31.4006 31.4006 27.7849
C3 29.1548 18.4391 50.7740 0.0000 32.5576 18.8680 30.0000 37.4433 59.1692 56.7539 42.9535 15.2315 15.6525 53.7122 22.8035 48.0104 49.0408 25.4951 24.5153 27.2947 20.6155 21.0238 8.6023 39.8121 38.9102 49.4975 29.1548 29.1548 29.1548 29.1548 55.0091 55.0091 55.0091 55.0091 68.0074 68.0074 68.0074 68.0074 45.1885 45.1885 45.1885 45.1885 57.7062 57.7062 57.7062 57.7062 31.1448 31.1448 31.1448 31.1448 43.2782 43.2782 43.2782 43.2782 25.6125 25.6125 25.6125 25.6125 23.0217 23.0217 23.0217 23.0217 12.3693 12.3693 12.3693 12.3693 1.4142 1.4142 1.4142 1.4142 19.6977 19.6977 19.6977 19.6977 13.4164 13.4164 13.4164 13.4164 22.2036 22.2036 22.2036 22.2036 37.7359 37.7359 37.7359 37.7359 33.2866 33.2866 33.2866 33.2866 48.1041 48.1041 48.1041 48.1041 52.6972 52.6972 52.6972 52.6972 60.0083 60.0083 60.0083 60.0083 58.5235 58.5235 58.5235 58.5235 68.4690 68.4690 68.4690 68.4690 29.1548
C4 25.4951 44.7214 52.5547 32.5576 0.0000 40.4969 25.2982 9.4868 28.1603 32.0156 42.7200 40.2492 18.7883 25.0000 41.2311 52.2015 24.3516 39.3192 49.7695 35.0000 30.4138 43.6578 34.6699 33.5410 57.4282 29.1548 25.4951 25.4951 25.4951 25.4951 38.6005 38.6005 38.6005 38.6005 48.7545 48.7545 48.7545 48.7545 17.2627 17.2627 17.2627 17.2627 27.4591 27.4591 27.4591 27.4591 1.4142 1.4142 1.4142 1.4142 11.7047 11.7047 11.7047 11.7047 8.2462 8.2462 8.2462 8.2462 23.0217 23.0217 23.0217 23.0217 22.4722 22.4722 22.4722 22.4722 32.6497 32.6497 32.6497 32.6497 43.0813 43.0813 43.0813 43.0813 45.3431 45.3431 45.3431 45.3431 35.5106 35.5106 35.5106 35.5106 54.1479 54.1479 54.1479 54.1479 40.1995 40.1995 40.1995 40.1995 56.0892 56.0892 56.0892 56.0892 54.7814 54.7814 54.7814 54.7814 55.4707 55.4707 55.4707 55.4707 50.4480 50.4480 50.4480 50.4480 53.2541 53.2541 53.2541 53.2541 25.4951
C5 23.0217 6.3246 34.7851 18.8680 40.4969 0.0000 47.0744 48.2701 61.6198 54.0833 29.0689 4.4721 30.1496 54.4518 4.4721 31.3847 47.6340 9.0554 9.4340 14.3178 12.0416 3.1623 10.2956 30.0832 20.2485 45.2769 23.0217 23.0217 23.0217 23.0217 47.4342 47.4342 47.4342 47.4342 60.4401 60.4401 60.4401 60.4401 46.7547 46.7547 46.7547 46.7547 59.4138 59.4138 59.4138 59.4138 39.2173 39.2173 39.2173 39.2173 52.2015 52.2015 52.2015 52.2015 36.4966 36.4966 36.4966 36.4966 40.0250 40.0250 40.0250 40.0250 19.1050 19.1050 19.1050 19.1050 20.2485 20.2485 20.2485 20.2485 2.8284 2.8284 2.8284 2.8284 16.4924 16.4924 16.4924 16.4924 8.5440 8.5440 8.5440 8.5440 18.8680 18.8680 18.8680 18.8680 18.1108 18.1108 18.1108 18.1108 30.2324 30.2324 30.2324 30.2324 36.4005 36.4005 36.4005 36.4005 45.7056 45.7056 45.7056 45.7056 46.0109 46.0109 46.0109 46.0109 58.5491 58.5491 58.5491 58.5491 23.0217
C6 43.9318 48.1664 71.4003 30.0000 25.2982 47.0744 0.0000 21.0238 51.0000 57.2800 61.8466 44.4072 17.4642 49.6488 50.0000 69.8928 49.6488 50.6952 54.2310 49.2443 42.4853 49.8197 37.3363 54.4518 67.1863 54.1295 43.9318 43.9318 43.9318 43.9318 63.1348 63.1348 63.1348 63.1348 73.9256 73.9256 73.9256 73.9256 42.4500 42.4500 42.4500 42.4500 51.0882 51.0882 51.0882 51.0882 24.6982 24.6982 24.6982 24.6982 28.1603 28.1603 28.1603 28.1603 18.8680 18.8680 18.8680 18.8680 7.0711 7.0711 7.0711 7.0711 29.5466 29.5466 29.5466 29.5466 29.0172 29.0172 29.0172 29.0172 48.6621 48.6621 48.6621 48.6621 42.4264 42.4264 42.4264 42.4264 46.6154 46.6154 46.6154 46.6154 65.1460 65.1460 65.1460 65.1460 55.5698 55.5698 55.5698 55.5698 72.0694 72.0694 72.0694 72.0694 73.6003 73.6003 73.6003 73.6003 77.0779 77.0779 77.0779 77.0779 73.1095 73.1095 73.1095 73.1095 77.8974 77.8974 77.8974 77.8974 43.9318
C7 34.9285 51.8652 62.0322 37.4433 9.4868 48.2701 21.0238 0.0000 30.0167 38.0132 52.2015 47.4342 22.0227 29.4109 49.4975 61.6847 31.0644 48.0416 57.2800 44.1022 39.0512 51.4198 41.2311 42.9535 66.1211 36.8782 34.9285 34.9285 34.9285 34.9285 46.6905 46.6905 46.6905 46.6905 55.7584 55.7584 55.7584 55.7584 23.3238 23.3238 23.3238 23.3238 30.2655 30.2655 30.2655 30.2655 10.1980 10.1980 10.1980 10.1980 7.2801 7.2801 7.2801 7.2801 12.0830 12.0830 12.0830 12.0830 21.5407 21.5407 21.5407 21.5407 29.4109 29.4109 29.4109 29.4109 37.2022 37.2022 37.2022 37.2022 50.6952 50.6952 50.6952 50.6952 50.7740 50.7740 50.7740 50.7740 44.1022 44.1022 44.1022 44.1022 63.0079 63.0079 63.0079 63.0079 49.4975 49.4975 49.4975 49.4975 65.5134 65.5134 65.5134 65.5134 64.2573 64.2573 64.2573 64.2573 64.6607 64.6607 64.6607 64.6607 59.4054 59.4054 59.4054 59.4054 61.0737 61.0737 61.0737 61.0737 34.9285
C8 39.6611 67.1789 57.5587 59.1692 28.1603 61.6198 51.0000 30.0167 0.0000 16.4924 49.4773 62.9365 46.8188 8.2462 60.6053 59.2284 16.4924 56.8595 70.9366 50.7740 49.6790 64.5368 59.0339 39.8497 73.3553 23.0868 39.6611 39.6611 39.6611 39.6611 31.2570 31.2570 31.2570 31.2570 33.6155 33.6155 33.6155 33.6155 14.8661 14.8661 14.8661 14.8661 3.0000 3.0000 3.0000 3.0000 29.4109 29.4109 29.4109 29.4109 23.1948 23.1948 23.1948 23.1948 36.4005 36.4005 36.4005 36.4005 50.4876 50.4876 50.4876 50.4876 47.4342 47.4342 47.4342 47.4342 59.5399 59.5399 59.5399 59.5399 64.4438 64.4438 64.4438 64.4438 70.8025 70.8025 70.8025 70.8025 54.2033 54.2033 54.2033 54.2033 69.3181 69.3181 69.3181 69.3181 53.2259 53.2259 53.2259 53.2259 65.0000 65.0000 65.0000 65.0000 59.4138 59.4138 59.4138 59.4138 54.1479 54.1479 54.1479 54.1479 47.2652 47.2652 47.2652 47.2652 41.6293 41.6293 41.6293 41.6293 39.6611
C9 31.0644 60.2080 42.7200 56.7539 32.0156 54.0833 57.2800 38.0132 16.4924 0.0000 35.7771 56.4358 48.0000 10.0000 52.0096 44.9444 8.0000 47.5079 62.8013 41.1096 42.1900 56.6127 54.2310 27.2029 62.0081 9.2195 31.0644 31.0644 31.0644 31.0644 15.0000 15.0000 15.0000 15.0000 18.3848 18.3848 18.3848 18.3848 14.8661 14.8661 14.8661 14.8661 13.6015 13.6015 13.6015 13.6015 32.7567 32.7567 32.7567 32.7567 33.0151 33.0151 33.0151 33.0151 39.4588 39.4588 39.4588 39.4588 54.7449 54.7449 54.7449 54.7449 44.3847 44.3847 44.3847 44.3847 57.4891 57.4891 57.4891 57.4891 56.8595 56.8595 56.8595 56.8595 66.3099 66.3099 66.3099 66.3099 45.8039 45.8039 45.8039 45.8039 57.8014 57.8014 57.8014 57.8014 41.8688 41.8688 41.8688 41.8688 51.0784 51.0784 51.0784 51.0784 44.3847 44.3847 44.3847 44.3847 38.0000 38.0000 38.0000 38.0000 31.0161 31.0161 31.0161 31.0161 25.5539 25.5539 25.5539 25.5539 31.0644
C10 18.0278 35.0000 9.8489 42.9535 42.7200 29.0689 61.8466 52.2015 49.4773 35.7771 0.0000 33.2415 45.2548 41.2311 25.0000 10.0000 32.9848 20.0250 34.5254 15.8114 22.3607 30.0167 35.7351 10.0000 27.8029 26.9258 18.0278 18.0278 18.0278 18.0278 23.3452 23.3452 23.3452 23.3452 34.6699 34.6699 34.6699 34.6699 37.0540 37.0540 37.0540 37.0540 46.5725 46.5725 46.5725 46.5725 42.1545 42.1545 42.1545 42.1545 52.1728 52.1728 52.1728 52.1728 44.4185 44.4185 44.4185 44.4185 55.9017 55.9017 55.9017 55.9017 34.2053 34.2053 34.2053 34.2053 44.2832 44.2832 44.2832 44.2832 31.0000 31.0000 31.0000 31.0000 45.3982 45.3982 45.3982 45.3982 21.5870 21.5870 21.5870 21.5870 23.6008 23.6008 23.6008 23.6008 11.0000 11.0000 11.0000 11.0000 15.5242 15.5242 15.5242 15.5242 12.0830 12.0830 12.0830 12.0830 17.0880 17.0880 17.0880 17.0880 17.0294 17.0294 17.0294 17.0294 30.6757 30.6757 30.6757 30.6757 18.0278
C11 25.4951 4.4721 39.2173 15.2315 40.2492 4.4721 44.4072 47.4342 62.9365 56.4358 33.2415 0.0000 28.0179 56.0803 8.9443 35.8469 49.6488 13.3417 10.0499 18.0278 14.3178 5.8310 7.0711 33.5410 23.7065 47.8539 25.4951 25.4951 25.4951 25.4951 50.6952 50.6952 50.6952 50.6952 63.7887 63.7887 63.7887 63.7887 48.1041 48.1041 48.1041 48.1041 60.8769 60.8769 60.8769 60.8769 38.9102 38.9102 38.9102 38.9102 51.8941 51.8941 51.8941 51.8941 35.4401 35.4401 35.4401 35.4401 37.3363 37.3363 37.3363 37.3363 18.0278 18.0278 18.0278 18.0278 16.5529 16.5529 16.5529 16.5529 4.4721 4.4721 4.4721 4.4721 12.1655 12.1655 12.1655 12.1655 12.0416 12.0416 12.0416 12.0416 22.8035 22.8035 22.8035 22.8035 22.3607 22.3607 22.3607 22.3607 34.6699 34.6699 34.6699 34.6699 40.8534 40.8534 40.8534 40.8534 50.0100 50.0100 50.0100 50.0100 50.0899 50.0899 50.0899 50.0899 62.2896 62.2896 62.2896 62.2896 25.4951
C12 27.8029 32.1403 54.5619 15.6525 18.7883 30.1496 17.4642 22.0227 46.8188 48.0000 45.2548 28.0179 0.0000 42.7551 32.7567 52.8015 40.0000 33.2415 38.0526 31.9061 25.0599 33.0606 21.0950 38.8330 50.0100 42.5793 27.8029 27.8029 27.8029 27.8029 50.2892 50.2892 50.2892 50.2892 62.3699 62.3699 62.3699 62.3699 34.3657 34.3657 34.3657 34.3657 45.8803 45.8803 45.8803 45.8803 17.4642 17.4642 17.4642 17.4642 28.3196 28.3196 28.3196 28.3196 10.8167 10.8167 10.8167 10.8167 10.8167 10.8167 10.8167 10.8167 12.0830 12.0830 12.0830 12.0830 15.2643 15.2643 15.2643 15.2643 32.0156 32.0156 32.0156 32.0156 29.0689 29.0689 29.0689 29.0689 29.1548 29.1548 29.1548 29.1548 47.8017 47.8017 47.8017 47.8017 38.2753 38.2753 38.2753 38.2753 54.7083 54.7083 54.7083 54.7083 56.7274 56.7274 56.7274 56.7274 61.2209 61.2209 61.2209 61.2209 57.9828 57.9828 57.9828 57.9828 64.8460 64.8460 64.8460 64.8460 27.8029
C13 32.0156 60.2080 49.3660 53.7122 25.0000 54.4518 49.6488 29.4109 8.2462 10.0000 41.2311 56.0803 42.7551 0.0000 53.1507 50.9902 8.2462 49.2037 63.6553 43.0116 42.4264 57.2800 52.6972 31.6228 65.3682 15.0000 32.0156 32.0156 32.0156 32.0156 23.7697 23.7697 23.7697 23.7697 28.3196 28.3196 28.3196 28.3196 8.5440 8.5440 8.5440 8.5440 5.3852 5.3852 5.3852 5.3852 26.0192 26.0192 26.0192 26.0192 23.7065 23.7065 23.7065 23.7065 33.0606 33.0606 33.0606 33.0606 48.0104 48.0104 48.0104 48.0104 41.5933 41.5933 41.5933 41.5933 54.2310 54.2310 54.2310 54.2310 57.2800 57.2800 57.2800 57.2800 64.6607 64.6607 64.6607 64.6607 46.7547 46.7547 46.7547 46.7547 61.2944 61.2944 61.2944 61.2944 45.1774 45.1774 45.1774 45.1774 56.7539 56.7539 56.7539 56.7539 51.2445 51.2445 51.2445 51.2445 46.3897 46.3897 46.3897 46.3897 39.6232 39.6232 39.6232 39.6232 35.5106 35.5106 35.5106 35.5106 32.0156
C14 21.2132 10.0000 30.3645 22.8035 41.2311 4.4721 50.0000 49.4975 60.6053 52.0096 25.0000 8.9443 32.7567 53.1507 0.0000 26.9258 45.9674 5.0990 10.8167 11.1803 11.1803 5.0990 14.2127 26.9258 17.2627 43.0116 21.2132 21.2132 21.2132 21.2132 44.3847 44.3847 44.3847 44.3847 57.2451 57.2451 57.2451 57.2451 45.8039 45.8039 45.8039 45.8039 58.2580 58.2580 58.2580 58.2580 40.0250 40.0250 40.0250 40.0250 52.8867 52.8867 52.8867 52.8867 38.0526 38.0526 38.0526 38.0526 43.0116 43.0116 43.0116 43.0116 21.0950 21.0950 21.0950 21.0950 24.2074 24.2074 24.2074 24.2074 6.0000 6.0000 6.0000 6.0000 20.8806 20.8806 20.8806 20.8806 6.4031 6.4031 6.4031 6.4031 15.2315 15.2315 15.2315 15.2315 14.0000 14.0000 14.0000 14.0000 25.8070 25.8070 25.8070 25.8070 31.9531 31.9531 31.9531 31.9531 41.4367 41.4367 41.4367 41.4367 42.0119 42.0119 42.0119 42.0119 54.9181 54.9181 54.9181 54.9181 21.2132
C15 26.9258 36.4005 4.1231 48.0104 52.2015 31.3847 69.8928 61.6847 59.2284 44.9444 10.0000 35.8469 52.8015 50.9902 26.9258 0.0000 42.7551 22.8254 34.2345 21.2132 28.2843 31.3209 39.9625 20.0000 23.0868 36.4005 26.9258 26.9258 26.9258 26.9258 31.3847 31.3847 31.3847 31.3847 41.0122 41.0122 41.0122 41.0122 47.0425 47.0425 47.0425 47.0425 56.2939 56.2939 56.2939 56.2939 51.5461 51.5461 51.5461 51.5461 61.9839 61.9839 61.9839 61.9839 53.2259 53.2259 53.2259 53.2259 63.6003 63.6003 63.6003 63.6003 41.1096 41.1096 41.1096 41.1096 49.4065 49.4065 49.4065 49.4065 32.5730 32.5730 32.5730 32.5730 47.7598 47.7598 47.7598 47.7598 25.8070 25.8070 25.8070 25.8070 19.4165 19.4165 19.4165 19.4165 14.8661 14.8661 14.8661 14.8661 6.4031 6.4031 6.4031 6.4031 5.0990 5.0990 5.0990 5.0990 16.4924 16.4924 16.4924 16.4924 20.2485 20.2485 20.2485 20.2485 35.2278 35.2278 35.2278 35.2278 26.9258
C16 24.7588 53.6004 41.1947 49.0408 24.3516 47.6340 49.6488 31.0644 16.4924 8.0000 32.9848 49.6488 40.0000 8.2462 45.9674 42.7551 0.0000 41.7732 56.6392 35.4683 35.6090 50.3289 46.9574 23.4094 57.4543 7.2801 24.7588 24.7588 24.7588 24.7588 17.0000 17.0000 17.0000 17.0000 24.6982 24.6982 24.6982 24.6982 7.8102 7.8102 7.8102 7.8102 13.6015 13.6015 13.6015 13.6015 25.0000 25.0000 25.0000 25.0000 26.8701 26.8701 26.8701 26.8701 31.5753 31.5753 31.5753 31.5753 46.8722 46.8722 46.8722 46.8722 36.6879 36.6879 36.6879 36.6879 49.7293 49.7293 49.7293 49.7293 50.4480 50.4480 50.4480 50.4480 59.0339 59.0339 59.0339 59.0339 39.6232 39.6232 39.6232 39.6232 53.3385 53.3385 53.3385 53.3385 37.2156 37.2156 37.2156 37.2156 48.5077 48.5077 48.5077 48.5077 43.1045 43.1045 43.1045 43.1045 38.8330 38.8330 38.8330 38.8330 32.2800 32.2800 32.2800 32.2800 30.4138 30.4138 30.4138 30.4138 24.7588
C17 17.2047 15.0333 26.0000 25.4951 39.3192 9.0554 50.6952 48.0416 56.8595 47.5079 20.0250 13.3417 33.2415 49.2037 5.0990 22.8254 41.7732 0.0000 15.6525 6.4031 9.0000 10.1980 17.2047 21.9317 18.1108 38.4187 17.2047 17.2047 17.2047 17.2047 39.3954 39.3954 39.3954 39.3954 52.2015 52.2015 52.2015 52.2015 42.1900 42.1900 42.1900 42.1900 54.4059 54.4059 54.4059 54.4059 38.2099 38.2099 38.2099 38.2099 50.8035 50.8035 50.8035 50.8035 37.1214 37.1214 37.1214 37.1214 43.8634 43.8634 43.8634 43.8634 21.1896 21.1896 21.1896 21.1896 26.9072 26.9072 26.9072 26.9072 11.0454 11.0454 11.0454 11.0454 25.4951 25.4951 25.4951 25.4951 4.1231 4.1231 4.1231 4.1231 15.0333 15.0333 15.0333 15.0333 9.0554 9.0554 9.0554 9.0554 22.6274 22.6274 22.6274 22.6274 27.7308 27.7308 27.7308 27.7308 36.6742 36.6742 36.6742 36.6742 37.0000 37.0000 37.0000 37.0000 49.8197 49.8197 49.8197 49.8197 17.2047
C18 31.8904 6.0828 38.1182 24.5153 49.7695 9.4340 54.2310 57.2800 70.9366 62.8013 34.5254 10.0499 38.0526 63.6553 10.8167 34.2345 56.6392 15.6525 0.0000 21.9545 21.2603 6.4031 17.0000 37.5766 16.2788 53.8238 31.8904 31.8904 31.8904 31.8904 55.0364 55.0364 55.0364 55.0364 67.7791 67.7791 67.7791 67.7791 56.0803 56.0803 56.0803 56.0803 68.6804 68.6804 68.6804 68.6804 48.4665 48.4665 48.4665 48.4665 61.4654 61.4654 61.4654 61.4654 45.3542 45.3542 45.3542 45.3542 47.1699 47.1699 47.1699 47.1699 27.8927 27.8927 27.8927 27.8927 25.7099 25.7099 25.7099 25.7099 6.7082 6.7082 6.7082 6.7082 16.2788 16.2788 16.2788 16.2788 17.0294 17.0294 17.0294 17.0294 17.0000 17.0000 17.0000 17.0000 23.7697 23.7697 23.7697 23.7697 31.3209 31.3209 31.3209 31.3209 39.3192 39.3192 39.3192 39.3192 50.0000 50.0000 50.0000 50.0000 51.4782 51.4782 51.4782 51.4782 65.0000 65.0000 65.0000 65.0000 31.8904
C19 11.1803 20.6155 23.6008 27.2947 35.0000 14.3178 49.2443 44.1022 50.7740 41.1096 15.8114 18.0278 31.9061 43.0116 11.1803 21.2132 35.4683 6.4031 21.9545 0.0000 7.0711 16.1555 19.9249 15.8114 23.0868 32.0156 11.1803 11.1803 11.1803 11.1803 33.2415 33.2415 33.2415 33.2415 46.1736 46.1736 46.1736 46.1736 36.2353 36.2353 36.2353 36.2353 48.2597 48.2597 48.2597 48.2597 34.0147 34.0147 34.0147 34.0147 46.1736 46.1736 46.1736 46.1736 33.9559 33.9559 33.9559 33.9559 42.7200 42.7200 42.7200 42.7200 20.0000 20.0000 20.0000 20.0000 28.6531 28.6531 28.6531 28.6531 16.7631 16.7631 16.7631 16.7631 30.0167 30.0167 30.0167 30.0167 6.0000 6.0000 6.0000 6.0000 19.4165 19.4165 19.4165 19.4165 6.4031 6.4031 6.4031 6.4031 22.8254 22.8254 22.8254 22.8254 25.6125 25.6125 25.6125 25.6125 32.8938 32.8938 32.8938 32.8938 32.2490 32.2490 32.2490 32.2490 44.2832 44.2832 44.2832 44.2832 11.1803
C20 11.1803 18.0278 30.6105 20.6155 30.4138 12.0416 42.4853 39.0512 49.6790 42.1900 22.3607 14.3178 25.0599 42.4264 11.1803 28.2843 35.6090 9.0000 21.2603 7.0711 0.0000 14.8661 14.0357 20.0000 27.0740 33.5410 11.1803 11.1803 11.1803 11.1803 36.6742 36.6742 36.6742 36.6742 49.8197 49.8197 49.8197 49.8197 34.8281 34.8281 34.8281 34.8281 47.4236 47.4236 47.4236 47.4236 29.2746 29.2746 29.2746 29.2746 41.9762 41.9762 41.9762 41.9762 28.1603 28.1603 28.1603 28.1603 35.8469 35.8469 35.8469 35.8469 13.0384 13.0384 13.0384 13.0384 21.9317 21.9317 21.9317 21.9317 14.8661 14.8661 14.8661 14.8661 25.3180 25.3180 25.3180 25.3180 5.0990 5.0990 5.0990 5.0990 24.0208 24.0208 24.0208 24.0208 13.4536 13.4536 13.4536 13.4536 29.6816 29.6816 29.6816 29.6816 32.6497 32.6497 32.6497 32.6497 39.3954 39.3954 39.3954 39.3954 38.0789 38.0789 38.0789 38.0789 49.0000 49.0000 49.0000 49.0000 11.1803
C21 25.6125 5.0990 34.9285 21.0238 43.6578 3.1623 49.8197 51.4198 64.5368 56.6127 30.0167 5.8310 33.0606 57.2800 5.0990 31.3209 50.3289 10.1980 6.4031 16.1555 14.8661 0.0000 12.6491 31.9531 17.8885 47.7074 25.6125 25.6125 25.6125 25.6125 49.3964 49.3964 49.3964 49.3964 62.2977 62.2977 62.2977 62.2977 49.6790 49.6790 49.6790 49.6790 62.2896 62.2896 62.2896 62.2896 42.3792 42.3792 42.3792 42.3792 55.3624 55.3624 55.3624 55.3624 39.6232 39.6232 39.6232 39.6232 42.7551 42.7551 42.7551 42.7551 22.2036 22.2036 22.2036 22.2036 22.3607 22.3607 22.3607 22.3607 1.4142 1.4142 1.4142 1.4142 16.5529 16.5529 16.5529 16.5529 10.8167 10.8167 10.8167 10.8167 17.0294 17.0294 17.0294 17.0294 19.0263 19.0263 19.0263 19.0263 29.5296 29.5296 29.5296 29.5296 36.4005 36.4005 36.4005 36.4005 46.2709 46.2709 46.2709 46.2709 47.0425 47.0425 47.0425 47.0425 60.0167 60.0167 60.0167 60.0167 25.6125
C22 24.3311 11.0454 42.9418 8.6023 34.6699 10.2956 37.3363 41.2311 59.0339 54.2310 35.7351 7.0711 21.0950 52.6972 14.2127 39.9625 46.9574 17.2047 17.0000 19.9249 14.0357 12.6491 0.0000 34.0147 30.4631 46.1736 24.3311 24.3311 24.3311 24.3311 50.3587 50.3587 50.3587 50.3587 63.5059 63.5059 63.5059 63.5059 44.4072 44.4072 44.4072 44.4072 57.2014 57.2014 57.2014 57.2014 33.2866 33.2866 33.2866 33.2866 46.1411 46.1411 46.1411 46.1411 29.1548 29.1548 29.1548 29.1548 30.2655 30.2655 30.2655 30.2655 12.2066 12.2066 12.2066 12.2066 10.0000 10.0000 10.0000 10.0000 11.4018 11.4018 11.4018 11.4018 12.0830 12.0830 12.0830 12.0830 14.3178 14.3178 14.3178 14.3178 29.1548 29.1548 29.1548 29.1548 25.4951 25.4951 25.4951 25.4951 39.6989 39.6989 39.6989 39.6989 44.7772 44.7772 44.7772 44.7772 52.8110 52.8110 52.8110 52.8110 51.9711 51.9711 51.9711 51.9711 63.0079 63.0079 63.0079 63.0079 24.3311
C23 11.1803 36.4005 19.4165 39.8121 33.5410 30.0832 54.4518 42.9535 39.8497 27.2029 10.0000 33.5410 38.8330 31.6228 26.9258 20.0000 23.4094 21.9317 37.5766 15.8114 20.0000 31.9531 34.0147 0.0000 34.8281 18.0278 11.1803 11.1803 11.1803 11.1803 17.4642 17.4642 17.4642 17.4642 30.3645 30.3645 30.3645 30.3645 27.0740 27.0740 27.0740 27.0740 37.0000 37.0000 37.0000 37.0000 33.1210 33.1210 33.1210 33.1210 42.4500 42.4500 42.4500 42.4500 36.2353 36.2353 36.2353 36.2353 49.0408 49.0408 49.0408 49.0408 29.1548 29.1548 29.1548 29.1548 41.0000 41.0000 41.0000 41.0000 32.5730 32.5730 32.5730 32.5730 45.1774 45.1774 45.1774 45.1774 21.5870 21.5870 21.5870 21.5870 30.6105 30.6105 30.6105 30.6105 14.8661 14.8661 14.8661 14.8661 25.3180 25.3180 25.3180 25.3180 21.5870 21.5870 21.5870 21.5870 22.6274 22.6274 22.6274 22.6274 19.2354 19.2354 19.2354 19.2354 29.0000 29.0000 29.0000 29.0000 11.1803
C24 34.1760 21.4009 27.2029 38.9102 57.4282 20.2485 67.1863 66.1211 73.3553 62.0081 27.8029 23.7065 50.0100 65.3682 17.2627 23.0868 57.4543 18.1108 16.2788 23.0868 27.0740 17.8885 30.4631 34.8281 0.0000 52.8015 34.1760 34.1760 34.1760 34.1760 50.9902 50.9902 50.9902 50.9902 62.4260 62.4260 62.4260 62.4260 59.0931 59.0931 59.0931 59.0931 70.7107 70.7107 70.7107 70.7107 56.3205 56.3205 56.3205 56.3205 68.8840 68.8840 68.8840 68.8840 55.0091 55.0091 55.0091 55.0091 60.1664 60.1664 60.1664 60.1664 38.3275 38.3275 38.3275 38.3275 40.2492 40.2492 40.2492 40.2492 19.2354 19.2354 19.2354 19.2354 32.5269 32.5269 32.5269 32.5269 22.0227 22.0227 22.0227 22.0227 4.2426 4.2426 4.2426 4.2426 20.2485 20.2485 20.2485 20.2485 18.1108 18.1108 18.1108 18.1108 27.6586 27.6586 27.6586 27.6586 39.5601 39.5601 39.5601 39.5601 42.9535 42.9535 42.9535 42.9535 57.7062 57.7062 57.7062 57.7062 34.1760
C25 22.3607 51.4782 34.5254 49.4975 29.1548 45.2769 54.1295 36.8782 23.0868 9.2195 26.9258 47.8539 42.5793 15.0000 43.0116 36.4005 7.2801 38.4187 53.8238 32.0156 33.5410 47.7074 46.1736 18.0278 52.8015 0.0000 22.3607 22.3607 22.3607 22.3607 10.0000 10.0000 10.0000 10.0000 19.9249 19.9249 19.9249 19.9249 14.4222 14.4222 14.4222 14.4222 20.0998 20.0998 20.0998 20.0998 29.5296 29.5296 29.5296 29.5296 33.4215 33.4215 33.4215 33.4215 35.4683 35.4683 35.4683 35.4683 50.5964 50.5964 50.5964 50.5964 37.2156 37.2156 37.2156 37.2156 50.3587 50.3587 50.3587 50.3587 48.0208 48.0208 48.0208 48.0208 58.1893 58.1893 58.1893 58.1893 36.8917 36.8917 36.8917 36.8917 48.6004 48.6004 48.6004 48.6004 32.6497 32.6497 32.6497 32.6497 42.3792 42.3792 42.3792 42.3792 36.3456 36.3456 36.3456 36.3456 31.5753 31.5753 31.5753 31.5753 25.0000 25.0000 25.0000 25.0000 24.2074 24.2074 24.2074 24.2074 22.3607
F26 0.0000 29.1548 27.7849 29.1548 25.4951 23.0217 43.9318 34.9285 39.6611 31.0644 18.0278 25.4951 27.8029 32.0156 21.2132 26.9258 24.7588 17.2047 31.8904 11.1803 11.1803 25.6125 24.3311 11.1803 34.1760 22.3607 0.0000 0.0000 0.0000 0.0000 26.0768 26.0768 26.0768 26.0768 39.2046 39.2046 39.2046 39.2046 25.0599 25.0599 25.0599 25.0599 37.2022 37.2022 37.2022 37.2022 24.7386 24.7386 24.7386 24.7386 36.0139 36.0139 36.0139 36.0139 26.4197 26.4197 26.4197 26.4197 38.2099 38.2099 38.2099 38.2099 18.0278 18.0278 18.0278 18.0278 30.2655 30.2655 30.2655 30.2655 25.8070 25.8070 25.8070 25.8070 36.1386 36.1386 36.1386 36.1386 14.8661 14.8661 14.8661 14.8661 30.3645 30.3645 30.3645 30.3645 15.0333 15.0333 15.0333 15.0333 30.5941 30.5941 30.5941 30.5941 30.0167 30.0167 30.0167 30.0167 33.4215 33.4215 33.4215 33.4215 30.4138 30.4138 30.4138 30.4138 39.3192 39.3192 39.3192 39.3192 0.0000
F26_1 0.0000 29.1548 27.7849 29.1548 25.4951 23.0217 43.9318 34.9285 39.6611 31.0644 18.0278 25.4951 27.8029 32.0156 21.2132 26.9258 24.7588 17.2047 31.8904 11.1803 11.1803 25.6125 24.3311 11.1803 34.1760 22.3607 0.0000 0.0000 0.0000 0.0000 26.0768 26.0768 26.0768 26.0768 39.2046 39.2046 39.2046 39.2046 25.0599 25.0599 25.0599 25.0599 37.2022 37.2022 37.2022 37.2022 24.7386 24.7386 24.7386 24.7386 36.0139 36.0139 36.0139 36.0139 26.4197 26.4197 26.4197 26.4197 38.2099 38.2099 38.2099 38.2099 18.0278 18.0278 18.0278 18.0278 30.2655 30.2655 30.2655 30.2655 25.8070 25.8070 25.8070 25.8070 36.1386 36.1386 36.1386 36.1386 14.8661 14.8661 14.8661 14.8661 30.3645 30.3645 30.3645 30.3645 15.0333 15.0333 15.0333 15.0333 30.5941 30.5941 30.5941 30.5941 30.0167 30.0167 30.0167 30.0167 33.4215 33.4215 33.4215 33.4215 30.4138 30.4138 30.4138 30.4138 39.3192 39.3192 39.3192 39.3192 0.0000
F26_2 0.0000 29.1548 27.7849 29.1548 25.4951 23.0217 43.9318 34.9285 39.6611 31.0644 18.0278 25.4951 27.8029 32.0156 21.2132 26.9258 24.7588 17.2047 31.8904 11.1803 11.1803 25.6125 24.3311 11.1803 34.1760 22.3607 0.0000 0.0000 0.0000 0.0000 26.0768 26.0768 26.0768 26.0768 39.2046 39.2046 39.2046 39.2046 25.0599 25.0599 25.0599 25.0599 37.2022 37.2022 37.2022 37.2022 24.7386 24.7386 24.7386 24.7386 36.0139 36.0139 36.0139 36.0139 26.4197 26.4197 26.4197 26.4197 38.2099 38.2099 38.2099 38.2099 18.0278 18.0278 18.0278 18.0278 30.2655 30.2655 30.2655 30.2655 25.8070 25.8070 25.8070 25.8070 36.1386 36.1386 36.1386 36.1386 14.8661 14.8661 14.8661 14.8661 30.3645 30.3645 30.3645 30.3645 15.0333 15.0333 15.0333 15.0333 30.5941 30.5941 30.5941 30.5941 30.0167 30.0167 30.0167 30.0167 33.4215 33.4215 33.4215 33.4215 30.4138 30.4138 30.4138 30.4138 39.3192 39.3192 39.3192 39.3192 0.0000
F26_3 0.0000 29.1548 27.7849 29.1548 25.4951 23.0217 43.9318 34.9285 39.6611 31.0644 18.0278 25.4951 27.8029 32.0156 21.2132 26.9258 24.7588 17.2047 31.8904 11.1803 11.1803 25.6125 24.3311 11.1803 34.1760 22.3607 0.0000 0.0000 0.0000 0.0000 26.0768 26.0768 26.0768 26.0768 39.2046 39.2046 39.2046 39.2046 25.0599 25.0599 25.0599 25.0599 37.2022 37.2022 37.2022 37.2022 24.7386 24.7386 24.7386 24.7386 36.0139 36.0139 36.0139 36.0139 26.4197 26.4197 26.4197 26.4197 38.2099 38.2099 38.2099 38.2099 18.0278 18.0278 18.0278 18.0278 30.2655 30.2655 30.2655 30.2655 25.8070 25.8070 25.8070 25.8070 36.1386 36.1386 36.1386 36.1386 14.8661 14.8661 14.8661 14.8661 30.3645 30.3645 30.3645 30.3645 15.0333 15.0333 15.0333 15.0333 30.5941 30.5941 30.5941 30.5941 30.0167 30.0167 30.0167 30.0167 33.4215 33.4215 33.4215 33.4215 30.4138 30.4138 30.4138 30.4138 39.3192 39.3192 39.3192 39.3192 0.0000
F27 26.0768 53.7587 28.6356 55.0091 38.6005 47.4342 63.1348 46.6905 31.2570 15.0000 23.3452 50.6952 50.2892 23.7697 44.3847 31.3847 17.0000 39.3954 55.0364 33.2415 36.6742 49.3964 50.3587 17.4642 50.9902 10.0000 26.0768 26.0768 26.0768 26.0768 0.0000 0.0000 0.0000 0.0000 13.1529 13.1529 13.1529 13.1529 24.4131 24.4131 24.4131 24.4131 28.2843 28.2843 28.2843 28.2843 38.8330 38.8330 38.8330 38.8330 43.4166 43.4166 43.4166 43.4166 44.2945 44.2945 44.2945 44.2945 59.0931 59.0931 59.0931 59.0931 43.1856 43.1856 43.1856 43.1856 56.0357 56.0357 56.0357 56.0357 49.9800 49.9800 49.9800 49.9800 61.9839 61.9839 61.9839 61.9839 38.8973 38.8973 38.8973 38.8973 46.7547 46.7547 46.7547 46.7547 31.9061 31.9061 31.9061 31.9061 37.7359 37.7359 37.7359 37.7359 30.0832 30.0832 30.0832 30.0832 23.0000 23.0000 23.0000 23.0000 16.0312 16.0312 16.0312 16.0312 14.7648 14.7648 14.7648 14.7648 26.0768
F27_1 26.0768 53.7587 28.6356 55.0091 38.6005 47.4342 63.1348 46.6905 31.2570 15.0000 23.3452 50.6952 50.2892 23.7697 44.3847 31.3847 17.0000 39.3954 55.0364 33.2415 36.6742 49.3964 50.3587 17.4642 50.9902 10.0000 26.0768 26.0768 26.0768 26.0768 0.0000 0.0000 0.0000 0.0000 13.1529 13.1529 13.1529 13.1529 24.4131 24.4131 24.4131 24.4131 28.2843 28.2843 28.2843 28.2843 38.8330 38.8330 38.8330 38.8330 43.4166 43.4166 43.4166 43.4166 44.2945 44.2945 44.2945 44.2945 59.0931 59.0931 59.0931 59.0931 43.1856 43.1856 43.1856 43.1856 56.0357 56.0357 56.0357 56.0357 49.9800 49.9800 49.9800 49.9800 61.9839 61.9839 61.9839 61.9839 38.8973 38.8973 38.8973 38.8973 46.7547 46.7547 46.7547 46.7547 31.9061 31.9061 31.9061 31.9061 37.7359 37.7359 37.7359 37.7359 30.0832 30.0832 30.0832 30.0832 23.0000 23.0000 23.0000 23.0000 16.0312 16.0312 16.0312 16.0312 14.7648 14.7648 14.7648 14.7648 26.0768
F27_2 26.0768 53.7587 28.6356 55.0091 38.6005 47.4342 63.1348 46.6905 31.2570 15.0000 23.3452 50.6952 50.2892 23.7697 44.3847 31.3847 17.0000 39.3954 55.0364 33.2415 36.6742 49.3964 50.3587 17.4642 50.9902 10.0000 26.0768 26.0768 26.0768 26.0768 0.0000 0.0000 0.0000 0.0000 13.1529 13.1529 13.1529 13.1529 24.4131 24.4131 24.4131 24.4131 28.2843 28.2843 28.2843 28.2843 38.8330 38.8330 38.8330 38.8330 43.4166 43.4166 43.4166 43.4166 44.2945 44.2945 44.2945 44.2945 59.0931 59.0931 59.0931 59.0931 43.1856 43.1856 43.1856 43.1856 56.0357 56.0357 56.0357 56.0357 49.9800 49.9800 49.9800 49.9800 61.9839 61.9839 61.9839 61.9839 38.8973 38.8973 38.8973 38.8973 46.7547 46.7547 46.7547 46.7547 31.9061 31.9061 31.9061 31.9061 37.7359 37.7359 37.7359 37.7359 30.0832 30.0832 30.0832 30.0832 23.0000 23.0000 23.0000 23.0000 16.0312 16.0312 16.0312 16.0312 14.7648 14.7648 14.7648 14.7648 26.0768
F27_3 26.0768 53.7587 28.6356 55.0091 38.6005 47.4342 63.1348 46.6905 31.2570 15.0000 23.3452 50.6952 50.2892 23.7697 44.3847 31.3847 17.0000 39.3954 55.0364 33.2415 36.6742 49.3964 50.3587 17.4642 50.9902 10.0000 26.0768 26.0768 26.0768 26.0768 0.0000 0.0000 0.0000 0.0000 13.1529 13.1529 13.1529 13.1529 24.4131 24.4131 24.4131 24.4131 28.2843 28.2843 28.2843 28.2843 38.8330 38.8330 38.8330 38.8330 43.4166 43.4166 43.4166 43.4166 44.2945 44.2945 44.2945 44.2945 59.0931 59.0931 59.0931 59.0931 43.1856 43.1856 43.1856 43.1856 56.0357 56.0357 56.0357 56.0357 49.9800 49.9800 49.9800 49.9800 61.9839 61.9839 61.9839 61.9839 38.8973 38.8973 38.8973 38.8973 46.7547 46.7547 46.7547 46.7547 31.9061 31.9061 31.9061 31.9061 37.7359 37.7359 37.7359 37.7359 30.0832 30.0832 30.0832 30.0832 23.0000 23.0000 23.0000 23.0000 16.0312 16.0312 16.0312 16.0312 14.7648 14.7648 14.7648 14.7648 26.0768
F28 39.2046 66.7608 37.5366 68.0074 48.7545 60.4401 73.9256 55.7584 33.6155 18.3848 34.6699 63.7887 62.3699 28.3196 57.2451 41.0122 24.6982 52.2015 67.7791 46.1736 49.8197 62.2977 63.5059 30.3645 62.4260 19.9249 39.2046 39.2046 39.2046 39.2046 13.1529 13.1529 13.1529 13.1529 0.0000 0.0000 0.0000 0.0000 32.4500 32.4500 32.4500 32.4500 31.0644 31.0644 31.0644 31.0644 49.2443 49.2443 49.2443 49.2443 51.2250 51.2250 51.2250 51.2250 55.3624 55.3624 55.3624 55.3624 70.5195 70.5195 70.5195 70.5195 56.0357 56.0357 56.0357 56.0357 69.0000 69.0000 69.0000 69.0000 62.9365 62.9365 62.9365 62.9365 75.1332 75.1332 75.1332 75.1332 51.9230 51.9230 51.9230 51.9230 58.2495 58.2495 58.2495 58.2495 44.2832 44.2832 44.2832 44.2832 47.3814 47.3814 47.3814 47.3814 38.4187 38.4187 38.4187 38.4187 28.1780 28.1780 28.1780 28.1780 21.6333 21.6333 21.6333 21.6333 9.0000 9.0000 9.0000 9.0000 39.2046
F28_1 39.2046 66.7608 37.5366 68.0074 48.7545 60.4401 73.9256 55.7584 33.6155 18.3848 34.6699 63.7887 62.3699 28.3196 57.2451 41.0122 24.6982 52.2015 67.7791 46.1736 49.8197 62.2977 63.5059 30.3645 62.4260 19.9249 39.2046 39.2046 39.2046 39.2046 13.1529 13.1529 13.1529 13.1529 0.0000 0.0000 0.0000 0.0000 32.4500 32.4500 32.4500 32.4500 31.0644 31.0644 31.0644 31.0644 49.2443 49.2443 49.2443 49.2443 51.2250 51.2250 51.2250 51.2250 55.3624 55.3624 55.3624 55.3624 70.5195 70.5195 70.5195 70.5195 56.0357 56.0357 56.0357 56.0357 69.0000 69.0000 69.0000 69.0000 62.9365 62.9365 62.9365 62.9365 75.1332 75.1332 75.1332 75.1332 51.9230 51.9230 51.9230 51.9230 58.2495 58.2495 58.2495 58.2495 44.2832 44.2832 44.2832 44.2832 47.3814 47.3814 47.3814 47.3814 38.4187 38.4187 38.4187 38.4187 28.1780 28.1780 28.1780 28.1780 21.6333 21.6333 21.6333 21.6333 9.0000 9.0000 9.0000 9.0000 39.2046
F28_2 39.2046 66.7608 37.5366 68.0074 48.7545 60.4401 73.9256 55.7584 33.6155 18.3848 34.6699 63.7887 62.3699 28.3196 57.2451 41.0122 24.6982 52.2015 67.7791 46.1736 49.8197 62.2977 63.5059 30.3645 62.4260 19.9249 39.2046 39.2046 39.2046 39.2046 13.1529 13.1529 13.1529 13.1529 0.0000 0.0000 0.0000 0.0000 32.4500 32.4500 32.4500 32.4500 31.0644 31.0644 31.0644 31.0644 49.2443 49.2443 49.2443 49.2443 51.2250 51.2250 51.2250 51.2250 55.3624 55.3624 55.3624 55.3624 70.5195 70.5195 70.5195 70.5195 56.0357 56.0357 56.0357 56.0357 69.0000 69.0000 69.0000 69.0000 62.9365 62.9365 62.9365 62.9365 75.1332 75.1332 75.1332 75.1332 51.9230 51.9230 51.9230 51.9230 58.2495 58.2495 58.2495 58.2495 44.2832 44.2832 44.2832 44.2832 47.3814 47.3814 47.3814 47.3814 38.4187 38.4187 38.4187 38.4187 28.1780 28.1780 28.1780 28.1780 21.6333 21.6333 21.6333 21.6333 9.0000 9.0000 9.0000 9.0000 39.2046
F28_3 39.2046 66.7608 37.5366 68.0074 48.7545 60.4401 73.9256 55.7584 33.6155 18.3848 34.6699 63.7887 62.3699 28.3196 57.2451 41.0122 24.6982 52.2015 67.7791 46.1736 49.8197 62.2977 63.5059 30.3645 62.4260 19.9249 39.2046 39.2046 39.2046 39.2046 13.1529 13.1529 13.1529 13.1529 0.0000 0.0000 0.0000 0.0000 32.4500 32.4500 32.4500 32.4500 31.0644 31.0644 31.0644 31.0644 49.2443 49.2443 49.2443 49.2443 51.2250 51.2250 51.2250 51.2250 55.3624 55.3624 55.3624 55.3624 70.5195 70.5195 70.5195 70.5195 56.0357 56.0357 56.0357 56.0357 69.0000 69.0000 69.0000 69.0000 62.9365 62.9365 62.9365 62.9365 75.1332 75.1332 75.1332 75.1332 51.9230 51.9230 51.9230 51.9230 58.2495 58.2495 58.2495 58.2495 44.2832 44.2832 44.2832 44.2832 47.3814 47.3814 47.3814 47.3814 38.4187 38.4187 38.4187 38.4187 28.1780 28.1780 28.1780 28.1780 21.6333 21.6333 21.6333 21.6333 9.0000 9.0000 9.0000 9.0000 39.2046
F29 25.0599 52.3259 46.0435 45.1885 17.2627 46.7547 42.4500 23.3238 14.8661 14.8661 37.0540 48.1041 34.3657 8.5440 45.8039 47.0425 7.8102 42.1900 56.0803 36.2353 34.8281 49.6790 44.4072 27.0740 59.0931 14.4222 25.0599 25.0599 25.0599 25.0599 24.4131 24.4131 24.4131 24.4131 32.4500 32.4500 32.4500 32.4500 0.0000 0.0000 0.0000 0.0000 12.8062 12.8062 12.8062 12.8062 18.1108 18.1108 18.1108 18.1108 19.1050 19.1050 19.1050 19.1050 25.0200 25.0200 25.0200 25.0200 40.1995 40.1995 40.1995 40.1995 33.1210 33.1210 33.1210 33.1210 45.6946 45.6946 45.6946 45.6946 49.5782 49.5782 49.5782 49.5782 56.3028 56.3028 56.3028 56.3028 39.4081 39.4081 39.4081 39.4081 55.1543 55.1543 55.1543 55.1543 39.2173 39.2173 39.2173 39.2173 52.3450 52.3450 52.3450 52.3450 48.0937 48.0937 48.0937 48.0937 45.2217 45.2217 45.2217 45.2217 39.0000 39.0000 39.0000 39.0000 38.1838 38.1838 38.1838 38.1838 25.0599
