# set
set V := C1 C2 C3 C4 C5 C6 C7 C8 C9 C10 C11 C12 C13 C14 C15 C16 C17 C18 C19 C20 C21 C22 C23 C24 C25 ;
set F := F26 F27 F28 F29 F30 F31 F32 F33 F34 F35 F36 F37 F38 F39 F40 F41 F42 F43 F44 F45 F46 F26_1 F26_2 F26_3 F27_1 F27_2 F27_3 F28_1 F28_2 F28_3 F29_1 F29_2 F29_3 F30_1 F30_2 F30_3 F31_1 F31_2 F31_3 F32_1 F32_2 F32_3 F33_1 F33_2 F33_3 F34_1 F34_2 F34_3 F35_1 F35_2 F35_3 F36_1 F36_2 F36_3 F37_1 F37_2 F37_3 F38_1 F38_2 F38_3 F39_1 F39_2 F39_3 F40_1 F40_2 F40_3 F41_1 F41_2 F41_3 F42_1 F42_2 F42_3 F43_1 F43_2 F43_3 F44_1 F44_2 F44_3 F45_1 F45_2 F45_3 F46_1 F46_2 F46_3 ;
set D0 := N0;
set Dσ := Nσ;

# param
param Cf := 200;		# ECV fixed cost
param C := 1000;		# ECV max load
param Q := 181.23;		# ECV/BSV battery level
param h := 1;		# ECV consumption

param CB := 60;		# BSV fixed cost
param Qplun := 5;		# BSV max load
param hplun := 1;		# BSV consumption
param W := 362.46;		# BSV battery level

param Cde := 1;		# ECV cost per unit distance
param Cdb := 1;		# BSV cost per unit distance
param lamda := 0;	# battery swap time
param n := 25;		# number of customers
param g := 0.51;	# recharging rate
param Cr := 100;		# recharging cost
param Ct := 10;		# travel cost
param Cs ;		# battery swap cost

param m :=
N0 0
C1 16
C2 27
C3 17
C4 26
C5 14
C6 6
C7 3
C8 11
C9 3
C10 6
C11 3
C12 8
C13 12
C14 23
C15 13
C16 7
C17 16
C18 41
C19 15
C20 16
C21 9
C22 20
C23 5
C24 1
C25 35
F26 0
F26_1 0
F26_2 0
F26_3 0
F27 0
F27_1 0
F27_2 0
F27_3 0
F28 0
F28_1 0
F28_2 0
F28_3 0
F29 0
F29_1 0
F29_2 0
F29_3 0
F30 0
F30_1 0
F30_2 0
F30_3 0
F31 0
F31_1 0
F31_2 0
F31_3 0
F32 0
F32_1 0
F32_2 0
F32_3 0
F33 0
F33_1 0
F33_2 0
F33_3 0
F34 0
F34_1 0
F34_2 0
F34_3 0
F35 0
F35_1 0
F35_2 0
F35_3 0
F36 0
F36_1 0
F36_2 0
F36_3 0
F37 0
F37_1 0
F37_2 0
F37_3 0
F38 0
F38_1 0
F38_2 0
F38_3 0
F39 0
F39_1 0
F39_2 0
F39_3 0
F40 0
F40_1 0
F40_2 0
F40_3 0
F41 0
F41_1 0
F41_2 0
F41_3 0
F42 0
F42_1 0
F42_2 0
F42_3 0
F43 0
F43_1 0
F43_2 0
F43_3 0
F44 0
F44_1 0
F44_2 0
F44_3 0
F45 0
F45_1 0
F45_2 0
F45_3 0
F46 0
F46_1 0
F46_2 0
F46_3 0
Nσ 0
;

param e :=
N0 0
C1 0
C2 0
C3 204
C4 314
C5 0
C6 716
C7 320
C8 24
C9 322
C10 728
C11 656
C12 118
C13 286
C14 639
C15 214
C16 356
C17 234
C18 0
C19 198
C20 329
C21 132
C22 32
C23 334
C24 452
C25 307
F26 0
F26_1 0
F26_2 0
F26_3 0
F27 0
F27_1 0
F27_2 0
F27_3 0
F28 0
F28_1 0
F28_2 0
F28_3 0
F29 0
F29_1 0
F29_2 0
F29_3 0
F30 0
F30_1 0
F30_2 0
F30_3 0
F31 0
F31_1 0
F31_2 0
F31_3 0
F32 0
F32_1 0
F32_2 0
F32_3 0
F33 0
F33_1 0
F33_2 0
F33_3 0
F34 0
F34_1 0
F34_2 0
F34_3 0
F35 0
F35_1 0
F35_2 0
F35_3 0
F36 0
F36_1 0
F36_2 0
F36_3 0
F37 0
F37_1 0
F37_2 0
F37_3 0
F38 0
F38_1 0
F38_2 0
F38_3 0
F39 0
F39_1 0
F39_2 0
F39_3 0
F40 0
F40_1 0
F40_2 0
F40_3 0
F41 0
F41_1 0
F41_2 0
F41_3 0
F42 0
F42_1 0
F42_2 0
F42_3 0
F43 0
F43_1 0
F43_2 0
F43_3 0
F44 0
F44_1 0
F44_2 0
F44_3 0
F45 0
F45_1 0
F45_2 0
F45_3 0
F46 0
F46_1 0
F46_2 0
F46_3 0
Nσ 0
;

param l :=
N0 1000
C1 966
C2 972
C3 444
C4 554
C5 953
C6 956
C7 560
C8 264
C9 562
C10 968
C11 896
C12 358
C13 526
C14 879
C15 454
C16 596
C17 474
C18 966
C19 438
C20 569
C21 372
C22 272
C23 574
C24 692
C25 547
F26 1000
F26_1 1000
F26_2 1000
F26_3 1000
F27 1000
F27_1 1000
F27_2 1000
F27_3 1000
F28 1000
F28_1 1000
F28_2 1000
F28_3 1000
F29 1000
F29_1 1000
F29_2 1000
F29_3 1000
F30 1000
F30_1 1000
F30_2 1000
F30_3 1000
F31 1000
F31_1 1000
F31_2 1000
F31_3 1000
F32 1000
F32_1 1000
F32_2 1000
F32_3 1000
F33 1000
F33_1 1000
F33_2 1000
F33_3 1000
F34 1000
F34_1 1000
F34_2 1000
F34_3 1000
F35 1000
F35_1 1000
F35_2 1000
F35_3 1000
F36 1000
F36_1 1000
F36_2 1000
F36_3 1000
F37 1000
F37_1 1000
F37_2 1000
F37_3 1000
F38 1000
F38_1 1000
F38_2 1000
F38_3 1000
F39 1000
F39_1 1000
F39_2 1000
F39_3 1000
F40 1000
F40_1 1000
F40_2 1000
F40_3 1000
F41 1000
F41_1 1000
F41_2 1000
F41_3 1000
F42 1000
F42_1 1000
F42_2 1000
F42_3 1000
F43 1000
F43_1 1000
F43_2 1000
F43_3 1000
F44 1000
F44_1 1000
F44_2 1000
F44_3 1000
F45 1000
F45_1 1000
F45_2 1000
F45_3 1000
F46 1000
F46_1 1000
F46_2 1000
F46_3 1000
Nσ 1000
;

param s :=
N0 0
C1 10
C2 10
C3 10
C4 10
C5 10
C6 10
C7 10
C8 10
C9 10
C10 10
C11 10
C12 10
C13 10
C14 10
C15 10
C16 10
C17 10
C18 10
C19 10
C20 10
C21 10
C22 10
C23 10
C24 10
C25 10
F26 0
F26_1 0
F26_2 0
F26_3 0
F27 0
F27_1 0
F27_2 0
F27_3 0
F28 0
F28_1 0
F28_2 0
F28_3 0
F29 0
F29_1 0
F29_2 0
F29_3 0
F30 0
F30_1 0
F30_2 0
F30_3 0
F31 0
F31_1 0
F31_2 0
F31_3 0
F32 0
F32_1 0
F32_2 0
F32_3 0
F33 0
F33_1 0
F33_2 0
F33_3 0
F34 0
F34_1 0
F34_2 0
F34_3 0
F35 0
F35_1 0
F35_2 0
F35_3 0
F36 0
F36_1 0
F36_2 0
F36_3 0
F37 0
F37_1 0
F37_2 0
F37_3 0
F38 0
F38_1 0
F38_2 0
F38_3 0
F39 0
F39_1 0
F39_2 0
F39_3 0
F40 0
F40_1 0
F40_2 0
F40_3 0
F41 0
F41_1 0
F41_2 0
F41_3 0
F42 0
F42_1 0
F42_2 0
F42_3 0
F43 0
F43_1 0
F43_2 0
F43_3 0
F44 0
F44_1 0
F44_2 0
F44_3 0
F45 0
F45_1 0
F45_2 0
F45_3 0
F46 0
F46_1 0
F46_2 0
F46_3 0
Nσ 0
;

param d : N0 C1 C2 C3 C4 C5 C6 C7 C8 C9 C10 C11 C12 C13 C14 C15 C16 C17 C18 C19 C20 C21 C22 C23 C24 C25 F26 F26_1 F26_2 F26_3 F27 F27_1 F27_2 F27_3 F28 F28_1 F28_2 F28_3 F29 F29_1 F29_2 F29_3 F30 F30_1 F30_2 F30_3 F31 F31_1 F31_2 F31_3 F32 F32_1 F32_2 F32_3 F33 F33_1 F33_2 F33_3 F34 F34_1 F34_2 F34_3 F35 F35_1 F35_2 F35_3 F36 F36_1 F36_2 F36_3 F37 F37_1 F37_2 F37_3 F38 F38_1 F38_2 F38_3 F39 F39_1 F39_2 F39_3 F40 F40_1 F40_2 F40_3 F41 F41_1 F41_2 F41_3 F42 F42_1 F42_2 F42_3 F43 F43_1 F43_2 F43_3 F44 F44_1 F44_2 F44_3 F45 F45_1 F45_2 F45_3 F46 F46_1 F46_2 F46_3 Nσ  :=
N0 0.0000 23.3238 17.4642 32.0156 18.3848 36.0555 33.5410 32.2490 24.7588 31.0644 21.0950 30.0000 30.4138 15.8114 11.1803 25.4951 23.1948 42.4264 23.0217 39.6611 32.0156 29.8329 32.0156 28.8617 35.4683 35.3553 0.0000 0.0000 0.0000 0.0000 26.0768 26.0768 26.0768 26.0768 39.2046 39.2046 39.2046 39.2046 25.0599 25.0599 25.0599 25.0599 37.2022 37.2022 37.2022 37.2022 24.7386 24.7386 24.7386 24.7386 36.0139 36.0139 36.0139 36.0139 26.4197 26.4197 26.4197 26.4197 38.2099 38.2099 38.2099 38.2099 18.0278 18.0278 18.0278 18.0278 30.2655 30.2655 30.2655 30.2655 25.8070 25.8070 25.8070 25.8070 36.1386 36.1386 36.1386 36.1386 14.8661 14.8661 14.8661 14.8661 30.3645 30.3645 30.3645 30.3645 15.0333 15.0333 15.0333 15.0333 30.5941 30.5941 30.5941 30.5941 30.0167 30.0167 30.0167 30.0167 33.4215 33.4215 33.4215 33.4215 30.4138 30.4138 30.4138 30.4138 39.3192 39.3192 39.3192 39.3192 0.0000
C1 23.3238 0.0000 16.7631 13.0000 31.7805 50.6360 56.8243 25.6125 38.3275 46.2709 42.2019 51.4198 44.5982 8.6023 26.6271 23.1948 38.9102 43.1741 25.0200 46.9574 42.0595 49.2544 37.0000 48.2597 13.0384 31.0161 23.3238 23.3238 23.3238 23.3238 47.0744 47.0744 47.0744 47.0744 59.5399 59.5399 59.5399 59.5399 33.5261 33.5261 33.5261 33.5261 45.6946 45.6946 45.6946 45.6946 18.4391 18.4391 18.4391 18.4391 30.6105 30.6105 30.6105 30.6105 13.0384 13.0384 13.0384 13.0384 16.1245 16.1245 16.1245 16.1245 6.7082 6.7082 6.7082 6.7082 12.8062 12.8062 12.8062 12.8062 27.0185 27.0185 27.0185 27.0185 25.8070 25.8070 25.8070 25.8070 23.7697 23.7697 23.7697 23.7697 42.4500 42.4500 42.4500 42.4500 33.0151 33.0151 33.0151 33.0151 49.3964 49.3964 49.3964 49.3964 51.6624 51.6624 51.6624 51.6624 56.6127 56.6127 56.6127 56.6127 53.7122 53.7122 53.7122 53.7122 61.4003 61.4003 61.4003 61.4003 23.3238
C2 17.4642 16.7631 0.0000 17.8885 34.1321 34.1321 46.6905 15.0000 22.0000 30.0000 29.1548 38.0132 47.0106 16.2788 27.0185 33.8378 40.0125 53.7122 33.5410 30.5287 25.2982 34.4819 44.9444 46.3249 29.2746 43.4166 17.4642 17.4642 17.4642 17.4642 33.5410 33.5410 33.5410 33.5410 44.9222 44.9222 44.9222 44.9222 16.7631 16.7631 16.7631 16.7631 29.0689 29.0689 29.0689 29.0689 7.2801 7.2801 7.2801 7.2801 19.2354 19.2354 19.2354 19.2354 10.8167 10.8167 10.8167 10.8167 25.6320 25.6320 25.6320 25.6320 17.0294 17.0294 17.0294 17.0294 29.0689 29.0689 29.0689 29.0689 36.2353 36.2353 36.2353 36.2353 40.4599 40.4599 40.4599 40.4599 27.8927 27.8927 27.8927 27.8927 46.2709 46.2709 46.2709 46.2709 32.1403 32.1403 32.1403 32.1403 48.0521 48.0521 48.0521 48.0521 47.0106 47.0106 47.0106 47.0106 48.4149 48.4149 48.4149 48.4149 43.8406 43.8406 43.8406 43.8406 48.3011 48.3011 48.3011 48.3011 17.4642
C3 32.0156 13.0000 17.8885 0.0000 43.9659 50.2494 64.0312 17.4642 38.8330 46.6905 47.0106 55.9017 57.0088 20.6155 38.0789 36.1248 50.9215 55.9017 38.0132 42.7551 40.0000 52.2015 50.0000 59.4811 17.6918 43.4166 32.0156 32.0156 32.0156 32.0156 51.4296 51.4296 51.4296 51.4296 62.6259 62.6259 62.6259 62.6259 32.1403 32.1403 32.1403 32.1403 42.2966 42.2966 42.2966 42.2966 14.0357 14.0357 14.0357 14.0357 21.9545 21.9545 21.9545 21.9545 7.2801 7.2801 7.2801 7.2801 8.0623 8.0623 8.0623 8.0623 19.2354 19.2354 19.2354 19.2354 23.2594 23.2594 23.2594 23.2594 40.0125 40.0125 40.0125 40.0125 37.1618 37.1618 37.1618 37.1618 36.1386 36.1386 36.1386 36.1386 55.1090 55.1090 55.1090 55.1090 44.2832 44.2832 44.2832 44.2832 60.8358 60.8358 60.8358 60.8358 61.8547 61.8547 61.8547 61.8547 65.0538 65.0538 65.0538 65.0538 61.0737 61.0737 61.0737 61.0737 66.1891 66.1891 66.1891 66.1891 32.0156
C4 18.3848 31.7805 34.1321 43.9659 0.0000 52.3259 37.0540 49.0918 42.2019 47.3814 33.8378 40.7185 13.1529 23.4094 7.2801 17.0880 7.2111 26.4197 12.6491 57.8014 49.9300 43.2666 15.2643 17.8045 39.6989 24.0000 18.3848 18.3848 18.3848 18.3848 38.0789 38.0789 38.0789 38.0789 50.5668 50.5668 50.5668 50.5668 43.3820 43.3820 43.3820 43.3820 55.2268 55.2268 55.2268 55.2268 41.0122 41.0122 41.0122 41.0122 53.3385 53.3385 53.3385 53.3385 40.4475 40.4475 40.4475 40.4475 47.8539 47.8539 47.8539 47.8539 25.0799 25.0799 25.0799 25.0799 31.1448 31.1448 31.1448 31.1448 14.1421 14.1421 14.1421 14.1421 29.1204 29.1204 29.1204 29.1204 8.0623 8.0623 8.0623 8.0623 12.1655 12.1655 12.1655 12.1655 6.3246 6.3246 6.3246 6.3246 18.3848 18.3848 18.3848 18.3848 23.7697 23.7697 23.7697 23.7697 33.2415 33.2415 33.2415 33.2415 34.1321 34.1321 34.1321 34.1321 47.5395 47.5395 47.5395 47.5395 18.3848
C5 36.0555 50.6360 34.1321 50.2494 52.3259 0.0000 35.0000 36.0555 12.3693 5.0000 20.1246 20.0000 61.0328 47.4342 46.0977 61.4003 54.2033 78.1025 59.0762 15.2643 11.1803 13.0384 67.2681 53.2259 63.3877 71.3442 36.0555 36.0555 36.0555 36.0555 18.4391 18.4391 18.4391 18.4391 18.3576 18.3576 18.3576 18.3576 18.1108 18.1108 18.1108 18.1108 12.8062 12.8062 12.8062 12.8062 36.2215 36.2215 36.2215 36.2215 34.8855 34.8855 34.8855 34.8855 43.1045 43.1045 43.1045 43.1045 58.3095 58.3095 58.3095 58.3095 49.0408 49.0408 49.0408 49.0408 62.0967 62.0967 62.0967 62.0967 61.8547 61.8547 61.8547 61.8547 71.1758 71.1758 71.1758 71.1758 50.8035 50.8035 50.8035 50.8035 62.6259 62.6259 62.6259 62.6259 46.7547 46.7547 46.7547 46.7547 55.4617 55.4617 55.4617 55.4617 48.3839 48.3839 48.3839 48.3839 41.1947 41.1947 41.1947 41.1947 34.1321 34.1321 34.1321 34.1321 26.5707 26.5707 26.5707 26.5707 36.0555
C6 33.5410 56.8243 46.6905 64.0312 37.0540 35.0000 0.0000 58.0086 34.1760 32.2490 19.2354 15.0000 38.0789 49.2443 35.3553 53.1507 33.9559 61.8466 49.0408 48.6621 41.2311 22.0227 50.9902 26.4197 68.9420 61.0328 33.5410 33.5410 33.5410 33.5410 17.4642 17.4642 17.4642 17.4642 21.0238 21.0238 21.0238 21.0238 41.1461 41.1461 41.1461 41.1461 45.7056 45.7056 45.7056 45.7056 53.0754 53.0754 53.0754 53.0754 59.6825 59.6825 59.6825 59.6825 57.3847 57.3847 57.3847 57.3847 71.0282 71.0282 71.0282 71.0282 51.4782 51.4782 51.4782 51.4782 62.9365 62.9365 62.9365 62.9365 51.0000 51.0000 51.0000 51.0000 65.2763 65.2763 65.2763 65.2763 41.3038 41.3038 41.3038 41.3038 41.4367 41.4367 41.4367 41.4367 31.0000 31.0000 31.0000 31.0000 28.3019 28.3019 28.3019 28.3019 18.6011 18.6011 18.6011 18.6011 7.2111 7.2111 7.2111 7.2111 3.1623 3.1623 3.1623 3.1623 13.4536 13.4536 13.4536 13.4536 33.5410
C7 32.2490 25.6125 15.0000 17.4642 49.0918 36.0555 58.0086 0.0000 26.6271 33.5410 39.0512 46.6905 62.0081 29.1548 42.0119 47.0106 55.0091 67.2309 47.4342 26.0192 25.0000 41.4005 59.2030 61.0000 34.6699 55.9464 32.2490 32.2490 32.2490 32.2490 42.4264 42.4264 42.4264 42.4264 51.3128 51.3128 51.3128 51.3128 18.8680 18.8680 18.8680 18.8680 26.0768 26.0768 26.0768 26.0768 8.2462 8.2462 8.2462 8.2462 5.0000 5.0000 5.0000 5.0000 12.7279 12.7279 12.7279 12.7279 24.7386 24.7386 24.7386 24.7386 29.0689 29.0689 29.0689 29.0689 38.2099 38.2099 38.2099 38.2099 49.9800 49.9800 49.9800 49.9800 51.4004 51.4004 51.4004 51.4004 42.5793 42.5793 42.5793 42.5793 61.2046 61.2046 61.2046 61.2046 47.0956 47.0956 47.0956 47.0956 62.8013 62.8013 62.8013 62.8013 61.0328 61.0328 61.0328 61.0328 60.9016 60.9016 60.9016 60.9016 55.4707 55.4707 55.4707 55.4707 56.7274 56.7274 56.7274 56.7274 32.2490
C8 24.7588 38.3275 22.0000 38.8330 42.2019 12.3693 34.1760 26.6271 0.0000 8.0000 15.2971 20.8087 52.3259 35.1141 35.4683 49.6488 45.1774 67.1789 47.6340 16.4924 8.2462 14.8661 56.6392 46.3249 51.1566 59.6406 24.7588 24.7588 24.7588 24.7588 17.0000 17.0000 17.0000 17.0000 24.6982 24.6982 24.6982 24.6982 7.8102 7.8102 7.8102 7.8102 13.6015 13.6015 13.6015 13.6015 25.0000 25.0000 25.0000 25.0000 26.8701 26.8701 26.8701 26.8701 31.5753 31.5753 31.5753 31.5753 46.8722 46.8722 46.8722 46.8722 36.6879 36.6879 36.6879 36.6879 49.7293 49.7293 49.7293 49.7293 50.4480 50.4480 50.4480 50.4480 59.0339 59.0339 59.0339 59.0339 39.6232 39.6232 39.6232 39.6232 53.3385 53.3385 53.3385 53.3385 37.2156 37.2156 37.2156 37.2156 48.5077 48.5077 48.5077 48.5077 43.1045 43.1045 43.1045 43.1045 38.8330 38.8330 38.8330 38.8330 32.2800 32.2800 32.2800 32.2800 30.4138 30.4138 30.4138 30.4138 24.7588
C9 31.0644 46.2709 30.0000 46.6905 47.3814 5.0000 32.2490 33.5410 8.0000 0.0000 15.8114 17.4642 56.3028 42.7200 41.1096 56.4358 49.4065 73.1095 54.0833 16.4924 10.0000 10.4403 62.2896 48.8467 59.1354 66.3702 31.0644 31.0644 31.0644 31.0644 15.0000 15.0000 15.0000 15.0000 18.3848 18.3848 18.3848 18.3848 14.8661 14.8661 14.8661 14.8661 13.6015 13.6015 13.6015 13.6015 32.7567 32.7567 32.7567 32.7567 33.0151 33.0151 33.0151 33.0151 39.4588 39.4588 39.4588 39.4588 54.7449 54.7449 54.7449 54.7449 44.3847 44.3847 44.3847 44.3847 57.4891 57.4891 57.4891 57.4891 56.8595 56.8595 56.8595 56.8595 66.3099 66.3099 66.3099 66.3099 45.8039 45.8039 45.8039 45.8039 57.8014 57.8014 57.8014 57.8014 41.8688 41.8688 41.8688 41.8688 51.0784 51.0784 51.0784 51.0784 44.3847 44.3847 44.3847 44.3847 38.0000 38.0000 38.0000 38.0000 31.0161 31.0161 31.0161 31.0161 25.5539 25.5539 25.5539 25.5539 31.0644
C10 21.0950 42.2019 29.1548 47.0106 33.8378 20.1246 19.2354 39.0512 15.2971 15.8114 0.0000 9.2195 41.2311 36.1248 28.6356 45.8803 34.6554 60.2080 42.7200 31.0161 23.0217 9.4340 49.0918 33.1059 55.1090 55.3624 21.0950 21.0950 21.0950 21.0950 5.0000 5.0000 5.0000 5.0000 18.1108 18.1108 18.1108 18.1108 21.9317 21.9317 21.9317 21.9317 28.0179 28.0179 28.0179 28.0179 34.8281 34.8281 34.8281 34.8281 40.4969 40.4969 40.4969 40.4969 39.9625 39.9625 39.9625 39.9625 54.5619 54.5619 54.5619 54.5619 38.2099 38.2099 38.2099 38.2099 51.0392 51.0392 51.0392 51.0392 45.3100 45.3100 45.3100 45.3100 57.0701 57.0701 57.0701 57.0701 34.1760 34.1760 34.1760 34.1760 43.1393 43.1393 43.1393 43.1393 27.8029 27.8029 27.8029 27.8029 35.3412 35.3412 35.3412 35.3412 28.6356 28.6356 28.6356 28.6356 23.5372 23.5372 23.5372 23.5372 17.0880 17.0880 17.0880 17.0880 19.3132 19.3132 19.3132 19.3132 21.0950
C11 30.0000 51.4198 38.0132 55.9017 40.7185 20.0000 15.0000 46.6905 20.8087 17.4642 9.2195 0.0000 46.0977 45.2769 36.4005 54.1295 40.2244 67.0820 50.6952 33.9559 26.9258 7.0711 55.9017 36.2353 64.3273 63.3246 30.0000 30.0000 30.0000 30.0000 4.4721 4.4721 4.4721 4.4721 9.8489 9.8489 9.8489 9.8489 28.4253 28.4253 28.4253 28.4253 31.0483 31.0483 31.0483 31.0483 43.2666 43.2666 43.2666 43.2666 47.5079 47.5079 47.5079 47.5079 48.7647 48.7647 48.7647 48.7647 63.5610 63.5610 63.5610 63.5610 47.3814 47.3814 47.3814 47.3814 60.1332 60.1332 60.1332 60.1332 53.1601 53.1601 53.1601 53.1601 65.6201 65.6201 65.6201 65.6201 42.2019 42.2019 42.2019 42.2019 48.6004 48.6004 48.6004 48.6004 34.4384 34.4384 34.4384 34.4384 38.4187 38.4187 38.4187 38.4187 30.0167 30.0167 30.0167 30.0167 21.3776 21.3776 21.3776 21.3776 14.3178 14.3178 14.3178 14.3178 10.2956 10.2956 10.2956 10.2956 30.0000
C12 30.4138 44.5982 47.0106 57.0088 13.1529 61.0328 38.0789 62.0081 52.3259 56.3028 41.2311 46.0977 0.0000 36.4005 20.0000 26.1725 7.2801 25.0000 22.0227 68.5420 60.4152 50.2494 15.8114 12.1655 51.3128 29.0689 30.4138 30.4138 30.4138 30.4138 44.5533 44.5533 44.5533 44.5533 55.6058 55.6058 55.6058 55.6058 54.7083 54.7083 54.7083 54.7083 65.7951 65.7951 65.7951 65.7951 54.0093 54.0093 54.0093 54.0093 66.1211 66.1211 66.1211 66.1211 53.6004 53.6004 53.6004 53.6004 60.5392 60.5392 60.5392 60.5392 37.9473 37.9473 37.9473 37.9473 42.2019 42.2019 42.2019 42.2019 21.9317 21.9317 21.9317 21.9317 36.6197 36.6197 36.6197 36.6197 20.8806 20.8806 20.8806 20.8806 4.1231 4.1231 4.1231 4.1231 15.5242 15.5242 15.5242 15.5242 11.0000 11.0000 11.0000 11.0000 20.3961 20.3961 20.3961 20.3961 32.2800 32.2800 32.2800 32.2800 35.7771 35.7771 35.7771 35.7771 50.6063 50.6063 50.6063 50.6063 30.4138
C13 15.8114 8.6023 16.2788 20.6155 23.4094 47.4342 49.2443 29.1548 35.1141 42.7200 36.1248 45.2769 36.4005 0.0000 18.0278 17.8885 30.4631 38.0789 18.4391 46.4004 40.3113 44.0454 30.4138 39.6611 19.6977 27.2029 15.8114 15.8114 15.8114 15.8114 41.1096 41.1096 41.1096 41.1096 54.0093 54.0093 54.0093 54.0093 31.9061 31.9061 31.9061 31.9061 44.6542 44.6542 44.6542 44.6542 21.0238 21.0238 21.0238 21.0238 34.0147 34.0147 34.0147 34.0147 18.1108 18.1108 18.1108 18.1108 24.6982 24.6982 24.6982 24.6982 2.2361 2.2361 2.2361 2.2361 15.0333 15.0333 15.0333 15.0333 20.8806 20.8806 20.8806 20.8806 24.4131 24.4131 24.4131 24.4131 15.5242 15.5242 15.5242 15.5242 34.5254 34.5254 34.5254 34.5254 24.4131 24.4131 24.4131 24.4131 40.8167 40.8167 40.8167 40.8167 43.1393 43.1393 43.1393 43.1393 48.5489 48.5489 48.5489 48.5489 46.0977 46.0977 46.0977 46.0977 54.9181 54.9181 54.9181 54.9181 15.8114
C14 11.1803 26.6271 27.0185 38.0789 7.2801 46.0977 35.3553 42.0119 35.4683 41.1096 28.6356 36.4005 20.0000 18.0278 0.0000 18.0278 13.1529 32.0156 14.3178 50.7740 43.0116 38.0132 21.2132 21.6333 36.2353 26.9258 11.1803 11.1803 11.1803 11.1803 33.2415 33.2415 33.2415 33.2415 46.1736 46.1736 46.1736 46.1736 36.2353 36.2353 36.2353 36.2353 48.2597 48.2597 48.2597 48.2597 34.0147 34.0147 34.0147 34.0147 46.1736 46.1736 46.1736 46.1736 33.9559 33.9559 33.9559 33.9559 42.7200 42.7200 42.7200 42.7200 20.0000 20.0000 20.0000 20.0000 28.6531 28.6531 28.6531 28.6531 16.7631 16.7631 16.7631 16.7631 30.0167 30.0167 30.0167 30.0167 6.0000 6.0000 6.0000 6.0000 19.4165 19.4165 19.4165 19.4165 6.4031 6.4031 6.4031 6.4031 22.8254 22.8254 22.8254 22.8254 25.6125 25.6125 25.6125 25.6125 32.8938 32.8938 32.8938 32.8938 32.2490 32.2490 32.2490 32.2490 44.2832 44.2832 44.2832 44.2832 11.1803
C15 25.4951 23.1948 33.8378 36.1248 17.0880 61.4003 53.1507 47.0106 49.6488 56.4358 45.8803 54.1295 26.1725 17.8885 18.0278 0.0000 23.3238 20.2485 4.4721 62.9365 56.0803 55.0273 14.3178 34.4819 26.0000 10.0000 25.4951 25.4951 25.4951 25.4951 50.6952 50.6952 50.6952 50.6952 63.7887 63.7887 63.7887 63.7887 48.1041 48.1041 48.1041 48.1041 60.8769 60.8769 60.8769 60.8769 38.9102 38.9102 38.9102 38.9102 51.8941 51.8941 51.8941 51.8941 35.4401 35.4401 35.4401 35.4401 37.3363 37.3363 37.3363 37.3363 18.0278 18.0278 18.0278 18.0278 16.5529 16.5529 16.5529 16.5529 4.4721 4.4721 4.4721 4.4721 12.1655 12.1655 12.1655 12.1655 12.0416 12.0416 12.0416 12.0416 22.8035 22.8035 22.8035 22.8035 22.3607 22.3607 22.3607 22.3607 34.6699 34.6699 34.6699 34.6699 40.8534 40.8534 40.8534 40.8534 50.0100 50.0100 50.0100 50.0100 50.0899 50.0899 50.0899 50.0899 62.2896 62.2896 62.2896 62.2896 25.4951
C16 23.1948 38.9102 40.0125 50.9215 7.2111 54.2033 33.9559 55.0091 45.1774 49.4065 34.6554 40.2244 7.2801 30.4631 13.1529 23.3238 0.0000 27.8927 18.8680 61.3270 53.2259 43.8634 17.1172 11.1803 46.8615 28.6356 23.1948 23.1948 23.1948 23.1948 38.2884 38.2884 38.2884 38.2884 49.9300 49.9300 49.9300 49.9300 47.4342 47.4342 47.4342 47.4342 58.6003 58.6003 58.6003 58.6003 47.0956 47.0956 47.0956 47.0956 59.0339 59.0339 59.0339 59.0339 47.0744 47.0744 47.0744 47.0744 55.0091 55.0091 55.0091 55.0091 32.2025 32.2025 32.2025 32.2025 38.1838 38.1838 38.1838 38.1838 19.6977 19.6977 19.6977 19.6977 34.9285 34.9285 34.9285 34.9285 15.2643 15.2643 15.2643 15.2643 8.4853 8.4853 8.4853 8.4853 8.2462 8.2462 8.2462 8.2462 11.4018 11.4018 11.4018 11.4018 18.2483 18.2483 18.2483 18.2483 29.0689 29.0689 29.0689 29.0689 31.3209 31.3209 31.3209 31.3209 45.6946 45.6946 45.6946 45.6946 23.1948
C17 42.4264 43.1741 53.7122 55.9017 26.4197 78.1025 61.8466 67.2309 67.1789 73.1095 60.2080 67.0820 25.0000 38.0789 32.0156 20.2485 27.8927 0.0000 20.2485 81.6884 74.3303 69.6419 11.1803 37.0540 43.1045 13.0384 42.4264 42.4264 42.4264 42.4264 64.4981 64.4981 64.4981 64.4981 76.9220 76.9220 76.9220 76.9220 66.8431 66.8431 66.8431 66.8431 79.3977 79.3977 79.3977 79.3977 59.0931 59.0931 59.0931 59.0931 72.0902 72.0902 72.0902 72.0902 55.6597 55.6597 55.6597 55.6597 56.0357 56.0357 56.0357 56.0357 38.2753 38.2753 38.2753 38.2753 34.0000 34.0000 34.0000 34.0000 17.4929 17.4929 17.4929 17.4929 21.5870 21.5870 21.5870 21.5870 27.5862 27.5862 27.5862 27.5862 21.0238 21.0238 21.0238 21.0238 32.6497 32.6497 32.6497 32.6497 36.0000 36.0000 36.0000 36.0000 45.1774 45.1774 45.1774 45.1774 56.7186 56.7186 56.7186 56.7186 59.2030 59.2030 59.2030 59.2030 73.3894 73.3894 73.3894 73.3894 42.4264
C18 23.0217 25.0200 33.5410 38.0132 12.6491 59.0762 49.0408 47.4342 47.6340 54.0833 42.7200 50.6952 22.0227 18.4391 14.3178 4.4721 18.8680 20.2485 0.0000 61.6198 54.4518 52.0000 12.0416 30.0167 29.5296 12.6491 23.0217 23.0217 23.0217 23.0217 47.4342 47.4342 47.4342 47.4342 60.4401 60.4401 60.4401 60.4401 46.7547 46.7547 46.7547 46.7547 59.4138 59.4138 59.4138 59.4138 39.2173 39.2173 39.2173 39.2173 52.2015 52.2015 52.2015 52.2015 36.4966 36.4966 36.4966 36.4966 40.0250 40.0250 40.0250 40.0250 19.1050 19.1050 19.1050 19.1050 20.2485 20.2485 20.2485 20.2485 2.8284 2.8284 2.8284 2.8284 16.4924 16.4924 16.4924 16.4924 8.5440 8.5440 8.5440 8.5440 18.8680 18.8680 18.8680 18.8680 18.1108 18.1108 18.1108 18.1108 30.2324 30.2324 30.2324 30.2324 36.4005 36.4005 36.4005 36.4005 45.7056 45.7056 45.7056 45.7056 46.0109 46.0109 46.0109 46.0109 58.5491 58.5491 58.5491 58.5491 23.0217
C19 39.6611 46.9574 30.5287 42.7551 57.8014 15.2643 48.6621 26.0192 16.4924 16.4924 31.0161 33.9559 68.5420 46.4004 50.7740 62.9365 61.3270 81.6884 61.6198 0.0000 8.2462 26.9258 71.6101 62.8172 58.5235 72.8629 39.6611 39.6611 39.6611 39.6611 31.2570 31.2570 31.2570 31.2570 33.6155 33.6155 33.6155 33.6155 14.8661 14.8661 14.8661 14.8661 3.0000 3.0000 3.0000 3.0000 29.4109 29.4109 29.4109 29.4109 23.1948 23.1948 23.1948 23.1948 36.4005 36.4005 36.4005 36.4005 50.4876 50.4876 50.4876 50.4876 47.4342 47.4342 47.4342 47.4342 59.5399 59.5399 59.5399 59.5399 64.4438 64.4438 64.4438 64.4438 70.8025 70.8025 70.8025 70.8025 54.2033 54.2033 54.2033 54.2033 69.3181 69.3181 69.3181 69.3181 53.2259 53.2259 53.2259 53.2259 65.0000 65.0000 65.0000 65.0000 59.4138 59.4138 59.4138 59.4138 54.1479 54.1479 54.1479 54.1479 47.2652 47.2652 47.2652 47.2652 41.6293 41.6293 41.6293 41.6293 39.6611
C20 32.0156 42.0595 25.2982 40.0000 49.9300 11.1803 41.2311 25.0000 8.2462 10.0000 23.0217 26.9258 60.4152 40.3113 43.0116 56.0803 53.2259 74.3303 54.4518 8.2462 0.0000 20.1246 64.0312 54.5711 54.3415 66.0681 32.0156 32.0156 32.0156 32.0156 23.7697 23.7697 23.7697 23.7697 28.3196 28.3196 28.3196 28.3196 8.5440 8.5440 8.5440 8.5440 5.3852 5.3852 5.3852 5.3852 26.0192 26.0192 26.0192 26.0192 23.7065 23.7065 23.7065 23.7065 33.0606 33.0606 33.0606 33.0606 48.0104 48.0104 48.0104 48.0104 41.5933 41.5933 41.5933 41.5933 54.2310 54.2310 54.2310 54.2310 57.2800 57.2800 57.2800 57.2800 64.6607 64.6607 64.6607 64.6607 46.7547 46.7547 46.7547 46.7547 61.2944 61.2944 61.2944 61.2944 45.1774 45.1774 45.1774 45.1774 56.7539 56.7539 56.7539 56.7539 51.2445 51.2445 51.2445 51.2445 46.3897 46.3897 46.3897 46.3897 39.6232 39.6232 39.6232 39.6232 35.5106 35.5106 35.5106 35.5106 32.0156
C21 29.8329 49.2544 34.4819 52.2015 43.2666 13.0384 22.0227 41.4005 14.8661 10.4403 9.4340 7.0711 50.2494 44.0454 38.0132 55.0273 43.8634 69.6419 52.0000 26.9258 20.1246 0.0000 58.5235 41.3401 62.2896 64.6220 29.8329 29.8329 29.8329 29.8329 5.8310 5.8310 5.8310 5.8310 10.4403 10.4403 10.4403 10.4403 22.6716 22.6716 22.6716 22.6716 24.0416 24.0416 24.0416 24.0416 38.9102 38.9102 38.9102 38.9102 41.7253 41.7253 41.7253 41.7253 44.9444 44.9444 44.9444 44.9444 60.0833 60.0833 60.0833 60.0833 46.0109 46.0109 46.0109 46.0109 59.0762 59.0762 59.0762 59.0762 54.6260 54.6260 54.6260 54.6260 65.9697 65.9697 65.9697 65.9697 43.4626 43.4626 43.4626 43.4626 52.3450 52.3450 52.3450 52.3450 37.2022 37.2022 37.2022 37.2022 43.5660 43.5660 43.5660 43.5660 35.8469 35.8469 35.8469 35.8469 28.1603 28.1603 28.1603 28.1603 21.0950 21.0950 21.0950 21.0950 15.6205 15.6205 15.6205 15.6205 29.8329
C22 32.0156 37.0000 44.9444 50.0000 15.2643 67.2681 50.9902 59.2030 56.6392 62.2896 49.0918 55.9017 15.8114 30.4138 21.2132 14.3178 17.1172 11.1803 12.0416 71.6101 64.0312 58.5235 0.0000 27.1662 40.1622 13.6015 32.0156 32.0156 32.0156 32.0156 53.3385 53.3385 53.3385 53.3385 65.7419 65.7419 65.7419 65.7419 56.8595 56.8595 56.8595 56.8595 69.2026 69.2026 69.2026 69.2026 50.9608 50.9608 50.9608 50.9608 63.8905 63.8905 63.8905 63.8905 48.5077 48.5077 48.5077 48.5077 51.6236 51.6236 51.6236 51.6236 31.1448 31.1448 31.1448 31.1448 30.6757 30.6757 30.6757 30.6757 10.0499 10.0499 10.0499 10.0499 21.9317 21.9317 21.9317 21.9317 17.4929 17.4929 17.4929 17.4929 11.7047 11.7047 11.7047 11.7047 21.4709 21.4709 21.4709 21.4709 26.4764 26.4764 26.4764 26.4764 35.0143 35.0143 35.0143 35.0143 46.1736 46.1736 46.1736 46.1736 48.2701 48.2701 48.2701 48.2701 62.2977 62.2977 62.2977 62.2977 32.0156
C23 28.8617 48.2597 46.3249 59.4811 17.8045 53.2259 26.4197 61.0000 46.3249 48.8467 33.1059 36.2353 12.1655 39.6611 21.6333 34.4819 11.1803 37.0540 30.0167 62.8172 54.5711 41.3401 27.1662 0.0000 57.2800 39.5601 28.8617 28.8617 28.8617 28.8617 35.5106 35.5106 35.5106 35.5106 45.2548 45.2548 45.2548 45.2548 50.2494 50.2494 50.2494 50.2494 59.9083 59.9083 59.9083 59.9083 53.6004 53.6004 53.6004 53.6004 64.4981 64.4981 64.4981 64.4981 54.7814 54.7814 54.7814 54.7814 64.3506 64.3506 64.3506 64.3506 41.6173 41.6173 41.6173 41.6173 48.9183 48.9183 48.9183 48.9183 30.8707 30.8707 30.8707 30.8707 46.0977 46.0977 46.0977 46.0977 25.4558 25.4558 25.4558 25.4558 16.0312 16.0312 16.0312 16.0312 15.2643 15.2643 15.2643 15.2643 2.2361 2.2361 2.2361 2.2361 8.2462 8.2462 8.2462 8.2462 20.2485 20.2485 20.2485 20.2485 24.4131 24.4131 24.4131 24.4131 39.4081 39.4081 39.4081 39.4081 28.8617
C24 35.4683 13.0384 29.2746 17.6918 39.6989 63.3877 68.9420 34.6699 51.1566 59.1354 55.1090 64.3273 51.3128 19.6977 36.2353 26.0000 46.8615 43.1045 29.5296 58.5235 54.3415 62.2896 40.1622 57.2800 0.0000 30.0666 35.4683 35.4683 35.4683 35.4683 60.0167 60.0167 60.0167 60.0167 72.5603 72.5603 72.5603 72.5603 45.8912 45.8912 45.8912 45.8912 57.5674 57.5674 57.5674 57.5674 29.1548 29.1548 29.1548 29.1548 39.4081 39.4081 39.4081 39.4081 22.3607 22.3607 22.3607 22.3607 13.9284 13.9284 13.9284 13.9284 17.4642 17.4642 17.4642 17.4642 9.4868 9.4868 9.4868 9.4868 30.4631 30.4631 30.4631 30.4631 22.0907 22.0907 22.0907 22.0907 31.8277 31.8277 31.8277 31.8277 48.3735 48.3735 48.3735 48.3735 42.5206 42.5206 42.5206 42.5206 58.0517 58.0517 58.0517 58.0517 61.8466 61.8466 61.8466 61.8466 68.0955 68.0955 68.0955 68.0955 65.7951 65.7951 65.7951 65.7951 74.2159 74.2159 74.2159 74.2159 35.4683
C25 35.3553 31.0161 43.4166 43.4166 24.0000 71.3442 61.0328 55.9464 59.6406 66.3702 55.3624 63.3246 29.0689 27.2029 26.9258 10.0000 28.6356 13.0384 12.6491 72.8629 66.0681 64.6220 13.6015 39.5601 30.0666 0.0000 35.3553 35.3553 35.3553 35.3553 60.0833 60.0833 60.0833 60.0833 73.0821 73.0821 73.0821 73.0821 58.0517 58.0517 58.0517 58.0517 70.8378 70.8378 70.8378 70.8378 48.0208 48.0208 48.0208 48.0208 60.9016 60.9016 60.9016 60.9016 43.8634 43.8634 43.8634 43.8634 43.1045 43.1045 43.1045 43.1045 26.9258 26.9258 26.9258 26.9258 21.0238 21.0238 21.0238 21.0238 10.1980 10.1980 10.1980 10.1980 8.9443 8.9443 8.9443 8.9443 21.1896 21.1896 21.1896 21.1896 25.0599 25.0599 25.0599 25.0599 30.0666 30.0666 30.0666 30.0666 39.2173 39.2173 39.2173 39.2173 46.8722 46.8722 46.8722 46.8722 57.1402 57.1402 57.1402 57.1402 58.0775 58.0775 58.0775 58.0775 71.0211 71.0211 71.0211 71.0211 35.3553
F26 0.0000 23.3238 17.4642 32.0156 18.3848 36.0555 33.5410 32.2490 24.7588 31.0644 21.0950 30.0000 30.4138 15.8114 11.1803 25.4951 23.1948 42.4264 23.0217 39.6611 32.0156 29.8329 32.0156 28.8617 35.4683 35.3553 0.0000 0.0000 0.0000 0.0000 26.0768 26.0768 26.0768 26.0768 39.2046 39.2046 39.2046 39.2046 25.0599 25.0599 25.0599 25.0599 37.2022 37.2022 37.2022 37.2022 24.7386 24.7386 24.7386 24.7386 36.0139 36.0139 36.0139 36.0139 26.4197 26.4197 26.4197 26.4197 38.2099 38.2099 38.2099 38.2099 18.0278 18.0278 18.0278 18.0278 30.2655 30.2655 30.2655 30.2655 25.8070 25.8070 25.8070 25.8070 36.1386 36.1386 36.1386 36.1386 14.8661 14.8661 14.8661 14.8661 30.3645 30.3645 30.3645 30.3645 15.0333 15.0333 15.0333 15.0333 30.5941 30.5941 30.5941 30.5941 30.0167 30.0167 30.0167 30.0167 33.4215 33.4215 33.4215 33.4215 30.4138 30.4138 30.4138 30.4138 39.3192 39.3192 39.3192 39.3192 0.0000
F26_1 0.0000 23.3238 17.4642 32.0156 18.3848 36.0555 33.5410 32.2490 24.7588 31.0644 21.0950 30.0000 30.4138 15.8114 11.1803 25.4951 23.1948 42.4264 23.0217 39.6611 32.0156 29.8329 32.0156 28.8617 35.4683 35.3553 0.0000 0.0000 0.0000 0.0000 26.0768 26.0768 26.0768 26.0768 39.2046 39.2046 39.2046 39.2046 25.0599 25.0599 25.0599 25.0599 37.2022 37.2022 37.2022 37.2022 24.7386 24.7386 24.7386 24.7386 36.0139 36.0139 36.0139 36.0139 26.4197 26.4197 26.4197 26.4197 38.2099 38.2099 38.2099 38.2099 18.0278 18.0278 18.0278 18.0278 30.2655 30.2655 30.2655 30.2655 25.8070 25.8070 25.8070 25.8070 36.1386 36.1386 36.1386 36.1386 14.8661 14.8661 14.8661 14.8661 30.3645 30.3645 30.3645 30.3645 15.0333 15.0333 15.0333 15.0333 30.5941 30.5941 30.5941 30.5941 30.0167 30.0167 30.0167 30.0167 33.4215 33.4215 33.4215 33.4215 30.4138 30.4138 30.4138 30.4138 39.3192 39.3192 39.3192 39.3192 0.0000
F26_2 0.0000 23.3238 17.4642 32.0156 18.3848 36.0555 33.5410 32.2490 24.7588 31.0644 21.0950 30.0000 30.4138 15.8114 11.1803 25.4951 23.1948 42.4264 23.0217 39.6611 32.0156 29.8329 32.0156 28.8617 35.4683 35.3553 0.0000 0.0000 0.0000 0.0000 26.0768 26.0768 26.0768 26.0768 39.2046 39.2046 39.2046 39.2046 25.0599 25.0599 25.0599 25.0599 37.2022 37.2022 37.2022 37.2022 24.7386 24.7386 24.7386 24.7386 36.0139 36.0139 36.0139 36.0139 26.4197 26.4197 26.4197 26.4197 38.2099 38.2099 38.2099 38.2099 18.0278 18.0278 18.0278 18.0278 30.2655 30.2655 30.2655 30.2655 25.8070 25.8070 25.8070 25.8070 36.1386 36.1386 36.1386 36.1386 14.8661 14.8661 14.8661 14.8661 30.3645 30.3645 30.3645 30.3645 15.0333 15.0333 15.0333 15.0333 30.5941 30.5941 30.5941 30.5941 30.0167 30.0167 30.0167 30.0167 33.4215 33.4215 33.4215 33.4215 30.4138 30.4138 30.4138 30.4138 39.3192 39.3192 39.3192 39.3192 0.0000
F26_3 0.0000 23.3238 17.4642 32.0156 18.3848 36.0555 33.5410 32.2490 24.7588 31.0644 21.0950 30.0000 30.4138 15.8114 11.1803 25.4951 23.1948 42.4264 23.0217 39.6611 32.0156 29.8329 32.0156 28.8617 35.4683 35.3553 0.0000 0.0000 0.0000 0.0000 26.0768 26.0768 26.0768 26.0768 39.2046 39.2046 39.2046 39.2046 25.0599 25.0599 25.0599 25.0599 37.2022 37.2022 37.2022 37.2022 24.7386 24.7386 24.7386 24.7386 36.0139 36.0139 36.0139 36.0139 26.4197 26.4197 26.4197 26.4197 38.2099 38.2099 38.2099 38.2099 18.0278 18.0278 18.0278 18.0278 30.2655 30.2655 30.2655 30.2655 25.8070 25.8070 25.8070 25.8070 36.1386 36.1386 36.1386 36.1386 14.8661 14.8661 14.8661 14.8661 30.3645 30.3645 30.3645 30.3645 15.0333 15.0333 15.0333 15.0333 30.5941 30.5941 30.5941 30.5941 30.0167 30.0167 30.0167 30.0167 33.4215 33.4215 33.4215 33.4215 30.4138 30.4138 30.4138 30.4138 39.3192 39.3192 39.3192 39.3192 0.0000
F27 26.0768 47.0744 33.5410 51.4296 38.0789 18.4391 17.4642 42.4264 17.0000 15.0000 5.0000 4.4721 44.5533 41.1096 33.2415 50.6952 38.2884 64.4981 47.4342 31.2570 23.7697 5.8310 53.3385 35.5106 60.0167 60.0833 26.0768 26.0768 26.0768 26.0768 0.0000 0.0000 0.0000 0.0000 13.1529 13.1529 13.1529 13.1529 24.4131 24.4131 24.4131 24.4131 28.2843 28.2843 28.2843 28.2843 38.8330 38.8330 38.8330 38.8330 43.4166 43.4166 43.4166 43.4166 44.2945 44.2945 44.2945 44.2945 59.0931 59.0931 59.0931 59.0931 43.1856 43.1856 43.1856 43.1856 56.0357 56.0357 56.0357 56.0357 49.9800 49.9800 49.9800 49.9800 61.9839 61.9839 61.9839 61.9839 38.8973 38.8973 38.8973 38.8973 46.7547 46.7547 46.7547 46.7547 31.9061 31.9061 31.9061 31.9061 37.7359 37.7359 37.7359 37.7359 30.0832 30.0832 30.0832 30.0832 23.0000 23.0000 23.0000 23.0000 16.0312 16.0312 16.0312 16.0312 14.7648 14.7648 14.7648 14.7648 26.0768
F27_1 26.0768 47.0744 33.5410 51.4296 38.0789 18.4391 17.4642 42.4264 17.0000 15.0000 5.0000 4.4721 44.5533 41.1096 33.2415 50.6952 38.2884 64.4981 47.4342 31.2570 23.7697 5.8310 53.3385 35.5106 60.0167 60.0833 26.0768 26.0768 26.0768 26.0768 0.0000 0.0000 0.0000 0.0000 13.1529 13.1529 13.1529 13.1529 24.4131 24.4131 24.4131 24.4131 28.2843 28.2843 28.2843 28.2843 38.8330 38.8330 38.8330 38.8330 43.4166 43.4166 43.4166 43.4166 44.2945 44.2945 44.2945 44.2945 59.0931 59.0931 59.0931 59.0931 43.1856 43.1856 43.1856 43.1856 56.0357 56.0357 56.0357 56.0357 49.9800 49.9800 49.9800 49.9800 61.9839 61.9839 61.9839 61.9839 38.8973 38.8973 38.8973 38.8973 46.7547 46.7547 46.7547 46.7547 31.9061 31.9061 31.9061 31.9061 37.7359 37.7359 37.7359 37.7359 30.0832 30.0832 30.0832 30.0832 23.0000 23.0000 23.0000 23.0000 16.0312 16.0312 16.0312 16.0312 14.7648 14.7648 14.7648 14.7648 26.0768
F27_2 26.0768 47.0744 33.5410 51.4296 38.0789 18.4391 17.4642 42.4264 17.0000 15.0000 5.0000 4.4721 44.5533 41.1096 33.2415 50.6952 38.2884 64.4981 47.4342 31.2570 23.7697 5.8310 53.3385 35.5106 60.0167 60.0833 26.0768 26.0768 26.0768 26.0768 0.0000 0.0000 0.0000 0.0000 13.1529 13.1529 13.1529 13.1529 24.4131 24.4131 24.4131 24.4131 28.2843 28.2843 28.2843 28.2843 38.8330 38.8330 38.8330 38.8330 43.4166 43.4166 43.4166 43.4166 44.2945 44.2945 44.2945 44.2945 59.0931 59.0931 59.0931 59.0931 43.1856 43.1856 43.1856 43.1856 56.0357 56.0357 56.0357 56.0357 49.9800 49.9800 49.9800 49.9800 61.9839 61.9839 61.9839 61.9839 38.8973 38.8973 38.8973 38.8973 46.7547 46.7547 46.7547 46.7547 31.9061 31.9061 31.9061 31.9061 37.7359 37.7359 37.7359 37.7359 30.0832 30.0832 30.0832 30.0832 23.0000 23.0000 23.0000 23.0000 16.0312 16.0312 16.0312 16.0312 14.7648 14.7648 14.7648 14.7648 26.0768
F27_3 26.0768 47.0744 33.5410 51.4296 38.0789 18.4391 17.4642 42.4264 17.0000 15.0000 5.0000 4.4721 44.5533 41.1096 33.2415 50.6952 38.2884 64.4981 47.4342 31.2570 23.7697 5.8310 53.3385 35.5106 60.0167 60.0833 26.0768 26.0768 26.0768 26.0768 0.0000 0.0000 0.0000 0.0000 13.1529 13.1529 13.1529 13.1529 24.4131 24.4131 24.4131 24.4131 28.2843 28.2843 28.2843 28.2843 38.8330 38.8330 38.8330 38.8330 43.4166 43.4166 43.4166 43.4166 44.2945 44.2945 44.2945 44.2945 59.0931 59.0931 59.0931 59.0931 43.1856 43.1856 43.1856 43.1856 56.0357 56.0357 56.0357 56.0357 49.9800 49.9800 49.9800 49.9800 61.9839 61.9839 61.9839 61.9839 38.8973 38.8973 38.8973 38.8973 46.7547 46.7547 46.7547 46.7547 31.9061 31.9061 31.9061 31.9061 37.7359 37.7359 37.7359 37.7359 30.0832 30.0832 30.0832 30.0832 23.0000 23.0000 23.0000 23.0000 16.0312 16.0312 16.0312 16.0312 14.7648 14.7648 14.7648 14.7648 26.0768
F28 39.2046 59.5399 44.9222 62.6259 50.5668 18.3576 21.0238 51.3128 24.6982 18.3848 18.1108 9.8489 55.6058 54.0093 46.1736 63.7887 49.9300 76.9220 60.4401 33.6155 28.3196 10.4403 65.7419 45.2548 72.5603 73.0821 39.2046 39.2046 39.2046 39.2046 13.1529 13.1529 13.1529 13.1529 0.0000 0.0000 0.0000 0.0000 32.4500 32.4500 32.4500 32.4500 31.0644 31.0644 31.0644 31.0644 49.2443 49.2443 49.2443 49.2443 51.2250 51.2250 51.2250 51.2250 55.3624 55.3624 55.3624 55.3624 70.5195 70.5195 70.5195 70.5195 56.0357 56.0357 56.0357 56.0357 69.0000 69.0000 69.0000 69.0000 62.9365 62.9365 62.9365 62.9365 75.1332 75.1332 75.1332 75.1332 51.9230 51.9230 51.9230 51.9230 58.2495 58.2495 58.2495 58.2495 44.2832 44.2832 44.2832 44.2832 47.3814 47.3814 47.3814 47.3814 38.4187 38.4187 38.4187 38.4187 28.1780 28.1780 28.1780 28.1780 21.6333 21.6333 21.6333 21.6333 9.0000 9.0000 9.0000 9.0000 39.2046
F28_1 39.2046 59.5399 44.9222 62.6259 50.5668 18.3576 21.0238 51.3128 24.6982 18.3848 18.1108 9.8489 55.6058 54.0093 46.1736 63.7887 49.9300 76.9220 60.4401 33.6155 28.3196 10.4403 65.7419 45.2548 72.5603 73.0821 39.2046 39.2046 39.2046 39.2046 13.1529 13.1529 13.1529 13.1529 0.0000 0.0000 0.0000 0.0000 32.4500 32.4500 32.4500 32.4500 31.0644 31.0644 31.0644 31.0644 49.2443 49.2443 49.2443 49.2443 51.2250 51.2250 51.2250 51.2250 55.3624 55.3624 55.3624 55.3624 70.5195 70.5195 70.5195 70.5195 56.0357 56.0357 56.0357 56.0357 69.0000 69.0000 69.0000 69.0000 62.9365 62.9365 62.9365 62.9365 75.1332 75.1332 75.1332 75.1332 51.9230 51.9230 51.9230 51.9230 58.2495 58.2495 58.2495 58.2495 44.2832 44.2832 44.2832 44.2832 47.3814 47.3814 47.3814 47.3814 38.4187 38.4187 38.4187 38.4187 28.1780 28.1780 28.1780 28.1780 21.6333 21.6333 21.6333 21.6333 9.0000 9.0000 9.0000 9.0000 39.2046
F28_2 39.2046 59.5399 44.9222 62.6259 50.5668 18.3576 21.0238 51.3128 24.6982 18.3848 18.1108 9.8489 55.6058 54.0093 46.1736 63.7887 49.9300 76.9220 60.4401 33.6155 28.3196 10.4403 65.7419 45.2548 72.5603 73.0821 39.2046 39.2046 39.2046 39.2046 13.1529 13.1529 13.1529 13.1529 0.0000 0.0000 0.0000 0.0000 32.4500 32.4500 32.4500 32.4500 31.0644 31.0644 31.0644 31.0644 49.2443 49.2443 49.2443 49.2443 51.2250 51.2250 51.2250 51.2250 55.3624 55.3624 55.3624 55.3624 70.5195 70.5195 70.5195 70.5195 56.0357 56.0357 56.0357 56.0357 69.0000 69.0000 69.0000 69.0000 62.9365 62.9365 62.9365 62.9365 75.1332 75.1332 75.1332 75.1332 51.9230 51.9230 51.9230 51.9230 58.2495 58.2495 58.2495 58.2495 44.2832 44.2832 44.2832 44.2832 47.3814 47.3814 47.3814 47.3814 38.4187 38.4187 38.4187 38.4187 28.1780 28.1780 28.1780 28.1780 21.6333 21.6333 21.6333 21.6333 9.0000 9.0000 9.0000 9.0000 39.2046
F28_3 39.2046 59.5399 44.9222 62.6259 50.5668 18.3576 21.0238 51.3128 24.6982 18.3848 18.1108 9.8489 55.6058 54.0093 46.1736 63.7887 49.9300 76.9220 60.4401 33.6155 28.3196 10.4403 65.7419 45.2548 72.5603 73.0821 39.2046 39.2046 39.2046 39.2046 13.1529 13.1529 13.1529 13.1529 0.0000 0.0000 0.0000 0.0000 32.4500 32.4500 32.4500 32.4500 31.0644 31.0644 31.0644 31.0644 49.2443 49.2443 49.2443 49.2443 51.2250 51.2250 51.2250 51.2250 55.3624 55.3624 55.3624 55.3624 70.5195 70.5195 70.5195 70.5195 56.0357 56.0357 56.0357 56.0357 69.0000 69.0000 69.0000 69.0000 62.9365 62.9365 62.9365 62.9365 75.1332 75.1332 75.1332 75.1332 51.9230 51.9230 51.9230 51.9230 58.2495 58.2495 58.2495 58.2495 44.2832 44.2832 44.2832 44.2832 47.3814 47.3814 47.3814 47.3814 38.4187 38.4187 38.4187 38.4187 28.1780 28.1780 28.1780 28.1780 21.6333 21.6333 21.6333 21.6333 9.0000 9.0000 9.0000 9.0000 39.2046
F29 25.0599 33.5261 16.7631 32.1403 43.3820 18.1108 41.1461 18.8680 7.8102 14.8661 21.9317 28.4253 54.7083 31.9061 36.2353 48.1041 47.4342 66.8431 46.7547 14.8661 8.5440 22.6716 56.8595 50.2494 45.8912 58.0517 25.0599 25.0599 25.0599 25.0599 24.4131 24.4131 24.4131 24.4131 32.4500 32.4500 32.4500 32.4500 0.0000 0.0000 0.0000 0.0000 12.8062 12.8062 12.8062 12.8062 18.1108 18.1108 18.1108 18.1108 19.1050 19.1050 19.1050 19.1050 25.0200 25.0200 25.0200 25.0200 40.1995 40.1995 40.1995 40.1995 33.1210 33.1210 33.1210 33.1210 45.6946 45.6946 45.6946 45.6946 49.5782 49.5782 49.5782 49.5782 56.3028 56.3028 56.3028 56.3028 39.4081 39.4081 39.4081 39.4081 55.1543 55.1543 55.1543 55.1543 39.2173 39.2173 39.2173 39.2173 52.3450 52.3450 52.3450 52.3450 48.0937 48.0937 48.0937 48.0937 45.2217 45.2217 45.2217 45.2217 39.0000 39.0000 39.0000 39.0000 38.1838 38.1838 38.1838 38.1838 25.0599
