# set
set V := C1 C2 C3 C4 C5 C6 C7 C8 C9 C10 C11 C12 C13 C14 C15 C16 C17 C18 C19 C20 C21 C22 C23 C24 C25 ;
set F := F26 F27 F28 F29 F30 F31 F32 F33 F34 F35 F36 F37 F38 F39 F40 F41 F42 F43 F44 F45 F46 F26_1 F26_2 F26_3 F27_1 F27_2 F27_3 F28_1 F28_2 F28_3 F29_1 F29_2 F29_3 F30_1 F30_2 F30_3 F31_1 F31_2 F31_3 F32_1 F32_2 F32_3 F33_1 F33_2 F33_3 F34_1 F34_2 F34_3 F35_1 F35_2 F35_3 F36_1 F36_2 F36_3 F37_1 F37_2 F37_3 F38_1 F38_2 F38_3 F39_1 F39_2 F39_3 F40_1 F40_2 F40_3 F41_1 F41_2 F41_3 F42_1 F42_2 F42_3 F43_1 F43_2 F43_3 F44_1 F44_2 F44_3 F45_1 F45_2 F45_3 F46_1 F46_2 F46_3 ;
set D0 := N0;
set Dσ := Nσ;

# param
param Cf := 200;		# ECV fixed cost
param C := 200;		# ECV max load
param Q := 79.69;		# ECV/BSV battery level
param h := 1;		# ECV consumption

param CB := 60;		# BSV fixed cost
param Qplun := 5;		# BSV max load
param hplun := 1;		# BSV consumption
param W := 159.38;		# BSV battery level

param Cde := 1;		# ECV cost per unit distance
param Cdb := 1;		# BSV cost per unit distance
param lamda := 0;	# battery swap time
param n := 25;		# number of customers
param g := 1.14;	# recharging rate
param Cr := 100;		# recharging cost
param Ct := 10;		# travel cost
param Cs ;		# battery swap cost

param m :=
N0 0
C1 30
C2 30
C3 6
C4 10
C5 14
C6 16
C7 6
C8 35
C9 8
C10 3
C11 10
C12 21
C13 10
C14 14
C15 30
C16 5
C17 10
C18 10
C19 20
C20 20
C21 9
C22 20
C23 16
C24 10
C25 20
F26 0
F26_1 0
F26_2 0
F26_3 0
F27 0
F27_1 0
F27_2 0
F27_3 0
F28 0
F28_1 0
F28_2 0
F28_3 0
F29 0
F29_1 0
F29_2 0
F29_3 0
F30 0
F30_1 0
F30_2 0
F30_3 0
F31 0
F31_1 0
F31_2 0
F31_3 0
F32 0
F32_1 0
F32_2 0
F32_3 0
F33 0
F33_1 0
F33_2 0
F33_3 0
F34 0
F34_1 0
F34_2 0
F34_3 0
F35 0
F35_1 0
F35_2 0
F35_3 0
F36 0
F36_1 0
F36_2 0
F36_3 0
F37 0
F37_1 0
F37_2 0
F37_3 0
F38 0
F38_1 0
F38_2 0
F38_3 0
F39 0
F39_1 0
F39_2 0
F39_3 0
F40 0
F40_1 0
F40_2 0
F40_3 0
F41 0
F41_1 0
F41_2 0
F41_3 0
F42 0
F42_1 0
F42_2 0
F42_3 0
F43 0
F43_1 0
F43_2 0
F43_3 0
F44 0
F44_1 0
F44_2 0
F44_3 0
F45 0
F45_1 0
F45_2 0
F45_3 0
F46 0
F46_1 0
F46_2 0
F46_3 0
Nσ 0
;

param e :=
N0 0
C1 45
C2 105
C3 20
C4 101
C5 52
C6 92
C7 74
C8 112
C9 72
C10 29
C11 36
C12 100
C13 55
C14 14
C15 37
C16 57
C17 35
C18 52
C19 49
C20 55
C21 28
C22 51
C23 11
C24 116
C25 39
F26 0
F26_1 0
F26_2 0
F26_3 0
F27 0
F27_1 0
F27_2 0
F27_3 0
F28 0
F28_1 0
F28_2 0
F28_3 0
F29 0
F29_1 0
F29_2 0
F29_3 0
F30 0
F30_1 0
F30_2 0
F30_3 0
F31 0
F31_1 0
F31_2 0
F31_3 0
F32 0
F32_1 0
F32_2 0
F32_3 0
F33 0
F33_1 0
F33_2 0
F33_3 0
F34 0
F34_1 0
F34_2 0
F34_3 0
F35 0
F35_1 0
F35_2 0
F35_3 0
F36 0
F36_1 0
F36_2 0
F36_3 0
F37 0
F37_1 0
F37_2 0
F37_3 0
F38 0
F38_1 0
F38_2 0
F38_3 0
F39 0
F39_1 0
F39_2 0
F39_3 0
F40 0
F40_1 0
F40_2 0
F40_3 0
F41 0
F41_1 0
F41_2 0
F41_3 0
F42 0
F42_1 0
F42_2 0
F42_3 0
F43 0
F43_1 0
F43_2 0
F43_3 0
F44 0
F44_1 0
F44_2 0
F44_3 0
F45 0
F45_1 0
F45_2 0
F45_3 0
F46 0
F46_1 0
F46_2 0
F46_3 0
Nσ 0
;

param l :=
N0 240
C1 164
C2 154
C3 84
C4 146
C5 107
C6 203
C7 127
C8 157
C9 193
C10 158
C11 191
C12 217
C13 120
C14 155
C15 148
C16 154
C17 117
C18 112
C19 108
C20 164
C21 141
C22 160
C23 140
C24 175
C25 161
F26 240
F26_1 240
F26_2 240
F26_3 240
F27 240
F27_1 240
F27_2 240
F27_3 240
F28 240
F28_1 240
F28_2 240
F28_3 240
F29 240
F29_1 240
F29_2 240
F29_3 240
F30 240
F30_1 240
F30_2 240
F30_3 240
F31 240
F31_1 240
F31_2 240
F31_3 240
F32 240
F32_1 240
F32_2 240
F32_3 240
F33 240
F33_1 240
F33_2 240
F33_3 240
F34 240
F34_1 240
F34_2 240
F34_3 240
F35 240
F35_1 240
F35_2 240
F35_3 240
F36 240
F36_1 240
F36_2 240
F36_3 240
F37 240
F37_1 240
F37_2 240
F37_3 240
F38 240
F38_1 240
F38_2 240
F38_3 240
F39 240
F39_1 240
F39_2 240
F39_3 240
F40 240
F40_1 240
F40_2 240
F40_3 240
F41 240
F41_1 240
F41_2 240
F41_3 240
F42 240
F42_1 240
F42_2 240
F42_3 240
F43 240
F43_1 240
F43_2 240
F43_3 240
F44 240
F44_1 240
F44_2 240
F44_3 240
F45 240
F45_1 240
F45_2 240
F45_3 240
F46 240
F46_1 240
F46_2 240
F46_3 240
Nσ 240
;

param s :=
N0 0
C1 10
C2 10
C3 10
C4 10
C5 10
C6 10
C7 10
C8 10
C9 10
C10 10
C11 10
C12 10
C13 10
C14 10
C15 10
C16 10
C17 10
C18 10
C19 10
C20 10
C21 10
C22 10
C23 10
C24 10
C25 10
F26 0
F26_1 0
F26_2 0
F26_3 0
F27 0
F27_1 0
F27_2 0
F27_3 0
F28 0
F28_1 0
F28_2 0
F28_3 0
F29 0
F29_1 0
F29_2 0
F29_3 0
F30 0
F30_1 0
F30_2 0
F30_3 0
F31 0
F31_1 0
F31_2 0
F31_3 0
F32 0
F32_1 0
F32_2 0
F32_3 0
F33 0
F33_1 0
F33_2 0
F33_3 0
F34 0
F34_1 0
F34_2 0
F34_3 0
F35 0
F35_1 0
F35_2 0
F35_3 0
F36 0
F36_1 0
F36_2 0
F36_3 0
F37 0
F37_1 0
F37_2 0
F37_3 0
F38 0
F38_1 0
F38_2 0
F38_3 0
F39 0
F39_1 0
F39_2 0
F39_3 0
F40 0
F40_1 0
F40_2 0
F40_3 0
F41 0
F41_1 0
F41_2 0
F41_3 0
F42 0
F42_1 0
F42_2 0
F42_3 0
F43 0
F43_1 0
F43_2 0
F43_3 0
F44 0
F44_1 0
F44_2 0
F44_3 0
F45 0
F45_1 0
F45_2 0
F45_3 0
F46 0
F46_1 0
F46_2 0
F46_3 0
Nσ 0
;

param d : N0 C1 C2 C3 C4 C5 C6 C7 C8 C9 C10 C11 C12 C13 C14 C15 C16 C17 C18 C19 C20 C21 C22 C23 C24 C25 F26 F26_1 F26_2 F26_3 F27 F27_1 F27_2 F27_3 F28 F28_1 F28_2 F28_3 F29 F29_1 F29_2 F29_3 F30 F30_1 F30_2 F30_3 F31 F31_1 F31_2 F31_3 F32 F32_1 F32_2 F32_3 F33 F33_1 F33_2 F33_3 F34 F34_1 F34_2 F34_3 F35 F35_1 F35_2 F35_3 F36 F36_1 F36_2 F36_3 F37 F37_1 F37_2 F37_3 F38 F38_1 F38_2 F38_3 F39 F39_1 F39_2 F39_3 F40 F40_1 F40_2 F40_3 F41 F41_1 F41_2 F41_3 F42 F42_1 F42_2 F42_3 F43 F43_1 F43_2 F43_3 F44 F44_1 F44_2 F44_3 F45 F45_1 F45_2 F45_3 F46 F46_1 F46_2 F46_3 Nσ  :=
N0 0.0000 45.0444 58.5235 20.6155 39.3573 25.4951 13.0384 4.2426 48.1664 36.0555 29.1548 36.0555 10.0000 55.7136 14.7648 37.2022 20.0000 35.3553 52.2015 32.3883 33.3017 25.2982 33.5410 11.1803 51.0784 39.2938 0.0000 0.0000 0.0000 0.0000 33.0606 33.0606 33.0606 33.0606 50.2494 50.2494 50.2494 50.2494 32.6497 32.6497 32.6497 32.6497 48.6004 48.6004 48.6004 48.6004 31.0483 31.0483 31.0483 31.0483 46.0109 46.0109 46.0109 46.0109 34.4819 34.4819 34.4819 34.4819 48.8365 48.8365 48.8365 48.8365 23.4094 23.4094 23.4094 23.4094 39.4588 39.4588 39.4588 39.4588 33.0151 33.0151 33.0151 33.0151 46.5725 46.5725 46.5725 46.5725 19.1050 19.1050 19.1050 19.1050 38.8973 38.8973 38.8973 38.8973 19.0263 19.0263 19.0263 19.0263 39.8121 39.8121 39.8121 39.8121 38.0789 38.0789 38.0789 38.0789 42.6380 42.6380 42.6380 42.6380 38.4708 38.4708 38.4708 38.4708 50.3587 50.3587 50.3587 50.3587 0.0000
C1 45.0444 0.0000 62.2415 36.7151 81.5843 56.8243 32.1403 42.0119 36.4005 23.4307 40.3609 78.1601 55.0364 59.5063 40.8534 78.7464 48.4665 51.8556 60.0333 50.0000 72.8011 45.2217 41.0366 35.1283 55.0091 50.2096 45.0444 45.0444 45.0444 45.0444 58.6003 58.6003 58.6003 58.6003 72.1388 72.1388 72.1388 72.1388 75.9276 75.9276 75.9276 75.9276 89.5377 89.5377 89.5377 89.5377 75.2396 75.2396 75.2396 75.2396 91.0055 91.0055 91.0055 91.0055 76.4853 76.4853 76.4853 76.4853 85.0882 85.0882 85.0882 85.0882 56.6480 56.6480 56.6480 56.6480 63.0079 63.0079 63.0079 63.0079 36.0694 36.0694 36.0694 36.0694 54.2033 54.2033 54.2033 54.2033 34.1760 34.1760 34.1760 34.1760 12.8062 12.8062 12.8062 12.8062 26.0192 26.0192 26.0192 26.0192 11.6619 11.6619 11.6619 11.6619 24.1868 24.1868 24.1868 24.1868 39.3573 39.3573 39.3573 39.3573 45.0000 45.0000 45.0000 45.0000 65.0000 65.0000 65.0000 65.0000 45.0444
C2 58.5235 62.2415 0.0000 39.6232 91.4002 39.0512 54.4518 60.4401 91.7878 75.6637 30.4138 61.0328 62.6498 3.0000 43.9659 59.9083 77.6209 91.2414 7.0711 88.2836 89.1852 33.2415 85.1469 60.8276 8.0000 93.5361 58.5235 58.5235 58.5235 58.5235 31.1127 31.1127 31.1127 31.1127 25.4951 25.4951 25.4951 25.4951 63.2535 63.2535 63.2535 63.2535 64.4748 64.4748 64.4748 64.4748 80.4301 80.4301 80.4301 80.4301 86.5563 86.5563 86.5563 86.5563 87.6584 87.6584 87.6584 87.6584 105.3091 105.3091 105.3091 105.3091 81.9329 81.9329 81.9329 81.9329 97.5295 97.5295 97.5295 97.5295 82.0061 82.0061 82.0061 82.0061 100.3195 100.3195 100.3195 100.3195 69.3542 69.3542 69.3542 69.3542 69.1231 69.1231 69.1231 69.1231 56.0089 56.0089 56.0089 56.0089 50.6952 50.6952 50.6952 50.6952 38.2753 38.2753 38.2753 38.2753 23.0868 23.0868 23.0868 23.0868 21.0950 21.0950 21.0950 21.0950 14.8661 14.8661 14.8661 14.8661 58.5235
C3 20.6155 36.7151 39.6232 0.0000 58.8218 20.1246 15.0000 21.4709 55.3624 39.8121 9.2195 43.1856 28.0179 36.6742 6.7082 43.4166 38.2753 51.6236 34.0588 48.6621 53.7401 9.4340 46.0435 21.2132 31.7805 54.0833 20.6155 20.6155 20.6155 20.6155 22.6716 22.6716 22.6716 22.6716 38.4708 38.4708 38.4708 38.4708 42.0119 42.0119 42.0119 42.0119 53.6004 53.6004 53.6004 53.6004 49.2443 49.2443 49.2443 49.2443 61.4003 61.4003 61.4003 61.4003 54.2033 54.2033 54.2033 54.2033 69.4262 69.4262 69.4262 69.4262 43.4166 43.4166 43.4166 43.4166 58.1893 58.1893 58.1893 58.1893 43.4166 43.4166 43.4166 43.4166 61.0082 61.0082 61.0082 61.0082 30.0000 30.0000 30.0000 30.0000 36.8782 36.8782 36.8782 36.8782 18.0278 18.0278 18.0278 18.0278 27.2029 27.2029 27.2029 27.2029 20.2237 20.2237 20.2237 20.2237 22.0227 22.0227 22.0227 22.0227 18.6815 18.6815 18.6815 18.6815 34.7131 34.7131 34.7131 34.7131 20.6155
C4 39.3573 81.5843 91.4002 58.8218 0.0000 52.4309 51.6236 40.8534 69.3758 65.0308 65.9469 38.3275 30.8058 89.0225 52.2015 40.3113 35.0571 43.4626 84.4038 42.3792 10.7703 60.1082 51.4198 46.8402 85.1469 49.2443 39.3573 39.3573 39.3573 39.3573 60.7454 60.7454 60.7454 60.7454 74.3236 74.3236 74.3236 74.3236 33.5410 33.5410 33.5410 33.5410 47.1699 47.1699 47.1699 47.1699 11.1803 11.1803 11.1803 11.1803 20.2485 20.2485 20.2485 20.2485 5.0990 5.0990 5.0990 5.0990 18.1108 18.1108 18.1108 18.1108 27.2947 27.2947 27.2947 27.2947 35.8050 35.8050 35.8050 35.8050 54.7449 54.7449 54.7449 54.7449 54.2033 54.2033 54.2033 54.2033 48.1664 48.1664 48.1664 48.1664 72.2496 72.2496 72.2496 72.2496 56.6127 56.6127 56.6127 56.6127 78.4347 78.4347 78.4347 78.4347 77.4145 77.4145 77.4145 77.4145 80.2808 80.2808 80.2808 80.2808 74.2496 74.2496 74.2496 74.2496 79.4040 79.4040 79.4040 79.4040 39.3573
C5 25.4951 56.8243 39.0512 20.1246 52.4309 0.0000 30.0000 29.1204 71.3442 57.0088 20.0000 25.4951 25.4951 36.7967 16.9706 25.1794 45.2769 60.8276 32.0156 57.8705 51.0784 13.0384 58.5235 33.5410 33.3017 64.7611 25.4951 25.4951 25.4951 25.4951 8.5440 8.5440 8.5440 8.5440 25.0000 25.0000 25.0000 25.0000 26.0000 26.0000 26.0000 26.0000 34.2345 34.2345 34.2345 34.2345 41.4005 41.4005 41.4005 41.4005 48.5489 48.5489 48.5489 48.5489 48.8774 48.8774 48.8774 48.8774 67.1193 67.1193 67.1193 67.1193 47.0956 47.0956 47.0956 47.0956 64.0078 64.0078 64.0078 64.0078 57.2713 57.2713 57.2713 57.2713 72.0347 72.0347 72.0347 72.0347 42.9535 42.9535 42.9535 42.9535 55.9732 55.9732 55.9732 55.9732 35.3836 35.3836 35.3836 35.3836 47.1699 47.1699 47.1699 47.1699 38.4708 38.4708 38.4708 38.4708 32.9848 32.9848 32.9848 32.9848 24.6982 24.6982 24.6982 24.6982 27.3130 27.3130 27.3130 27.3130 25.4951
C6 13.0384 32.1403 54.4518 15.0000 51.6236 30.0000 0.0000 10.7703 41.5933 27.0185 24.0832 47.0106 23.0217 51.4782 13.4164 47.8539 24.6982 36.8782 49.0408 33.9559 44.4185 23.5372 31.0644 6.7082 46.5296 39.1152 13.0384 13.0384 13.0384 13.0384 35.3412 35.3412 35.3412 35.3412 52.2015 52.2015 52.2015 52.2015 44.2719 44.2719 44.2719 44.2719 59.0593 59.0593 59.0593 59.0593 43.9318 43.9318 43.9318 43.9318 59.0339 59.0339 59.0339 59.0339 46.6154 46.6154 46.6154 46.6154 59.0339 59.0339 59.0339 59.0339 31.1448 31.1448 31.1448 31.1448 44.2832 44.2832 44.2832 44.2832 28.6356 28.6356 28.6356 28.6356 46.0109 46.0109 46.0109 46.0109 15.0000 15.0000 15.0000 15.0000 27.2947 27.2947 27.2947 27.2947 6.3246 6.3246 6.3246 6.3246 26.9258 26.9258 26.9258 26.9258 26.9072 26.9072 26.9072 26.9072 34.9285 34.9285 34.9285 34.9285 33.3766 33.3766 33.3766 33.3766 49.4975 49.4975 49.4975 49.4975 13.0384
C7 4.2426 42.0119 60.4401 21.4709 40.8534 29.1204 10.7703 0.0000 43.9318 31.9061 30.4631 40.2244 13.3417 57.5674 16.4924 41.4005 17.2627 32.0624 54.3415 29.0689 33.8378 27.4591 29.5466 7.2801 52.8110 35.6931 4.2426 4.2426 4.2426 4.2426 36.3456 36.3456 36.3456 36.3456 53.6004 53.6004 53.6004 53.6004 36.7151 36.7151 36.7151 36.7151 52.8015 52.8015 52.8015 52.8015 33.3766 33.3766 33.3766 33.3766 49.0408 49.0408 49.0408 49.0408 35.8469 35.8469 35.8469 35.8469 48.8365 48.8365 48.8365 48.8365 21.9545 21.9545 21.9545 21.9545 37.1080 37.1080 37.1080 37.1080 28.8444 28.8444 28.8444 28.8444 42.9535 42.9535 42.9535 42.9535 14.8661 14.8661 14.8661 14.8661 35.1710 35.1710 35.1710 35.1710 16.1245 16.1245 16.1245 16.1245 37.6431 37.6431 37.6431 37.6431 37.2022 37.2022 37.2022 37.2022 43.2666 43.2666 43.2666 43.2666 39.9249 39.9249 39.9249 39.9249 53.0848 53.0848 53.0848 53.0848 4.2426
C8 48.1664 36.4005 91.7878 55.3624 69.3758 71.3442 41.5933 43.9318 0.0000 16.1245 63.3246 83.5464 55.3173 88.8144 55.0091 84.8999 35.7771 27.0185 87.6641 27.2947 58.6941 64.6220 18.0278 38.0132 83.8630 22.0907 48.1664 48.1664 48.1664 48.1664 76.9220 76.9220 76.9220 76.9220 93.6216 93.6216 93.6216 93.6216 79.5110 79.5110 79.5110 79.5110 96.2601 96.2601 96.2601 96.2601 68.0294 68.0294 68.0294 68.0294 85.4927 85.4927 85.4927 85.4927 64.8460 64.8460 64.8460 64.8460 65.0000 65.0000 65.0000 65.0000 42.3792 42.3792 42.3792 42.3792 38.1182 38.1182 38.1182 38.1182 15.8114 15.8114 15.8114 15.8114 21.9317 21.9317 21.9317 21.9317 29.0689 29.0689 29.0689 29.0689 24.5153 24.5153 24.5153 24.5153 37.3363 37.3363 37.3363 37.3363 44.5533 44.5533 44.5533 44.5533 55.0091 55.0091 55.0091 55.0091 69.1809 69.1809 69.1809 69.1809 71.3863 71.3863 71.3863 71.3863 89.8443 89.8443 89.8443 89.8443 48.1664
C9 36.0555 23.4307 75.6637 39.8121 65.0308 57.0088 27.0185 31.9061 16.1245 0.0000 47.4342 72.1110 44.7214 72.6911 40.2244 73.2393 30.0000 29.1548 71.5891 27.7308 55.0364 49.1935 18.0278 25.0000 67.7422 26.9072 36.0555 36.0555 36.0555 36.0555 61.9112 61.9112 61.9112 61.9112 78.2624 78.2624 78.2624 78.2624 68.6003 68.6003 68.6003 68.6003 84.6286 84.6286 84.6286 84.6286 61.1882 61.1882 61.1882 61.1882 78.3390 78.3390 78.3390 78.3390 60.0750 60.0750 60.0750 60.0750 65.0000 65.0000 65.0000 65.0000 38.0526 38.0526 38.0526 38.0526 40.7063 40.7063 40.7063 40.7063 13.0384 13.0384 13.0384 13.0384 30.8058 30.8058 30.8058 30.8058 18.0278 18.0278 18.0278 18.0278 10.6301 10.6301 10.6301 10.6301 21.9545 21.9545 21.9545 21.9545 29.4109 29.4109 29.4109 29.4109 39.1152 39.1152 39.1152 39.1152 53.0848 53.0848 53.0848 53.0848 55.3173 55.3173 55.3173 55.3173 74.0000 74.0000 74.0000 74.0000 36.0555
C10 29.1548 40.3609 30.4138 9.2195 65.9469 20.0000 24.0832 30.4631 63.3246 47.4342 0.0000 45.2769 35.3553 27.4591 14.4222 45.0999 47.4342 60.8276 25.0000 57.8705 61.7171 7.0711 55.0000 30.4138 22.5610 63.1981 29.1548 29.1548 29.1548 29.1548 18.7883 18.7883 18.7883 18.7883 32.0156 32.0156 32.0156 32.0156 45.1221 45.1221 45.1221 45.1221 54.1479 54.1479 54.1479 54.1479 55.8032 55.8032 55.8032 55.8032 66.3099 66.3099 66.3099 66.3099 61.5549 61.5549 61.5549 61.5549 77.6209 77.6209 77.6209 77.6209 52.3259 52.3259 52.3259 52.3259 67.3573 67.3573 67.3573 67.3573 52.1536 52.1536 52.1536 52.1536 70.0643 70.0643 70.0643 70.0643 39.0512 39.0512 39.0512 39.0512 43.0465 43.0465 43.0465 43.0465 26.3059 26.3059 26.3059 26.3059 29.4109 29.4109 29.4109 29.4109 18.9737 18.9737 18.9737 18.9737 14.4222 14.4222 14.4222 14.4222 9.4868 9.4868 9.4868 9.4868 26.5707 26.5707 26.5707 26.5707 29.1548
C11 36.0555 78.1601 61.0328 43.1856 38.3275 25.4951 47.0106 40.2244 83.5464 72.1110 45.2769 0.0000 28.2843 59.3633 37.6563 2.0000 50.0000 65.1920 54.0833 62.6817 42.2966 38.2099 67.2681 47.1699 56.8243 70.4557 36.0555 36.0555 36.0555 36.0555 30.8707 30.8707 30.8707 30.8707 39.0512 39.0512 39.0512 39.0512 5.0990 5.0990 5.0990 5.0990 12.7279 12.7279 12.7279 12.7279 28.0000 28.0000 28.0000 28.0000 26.4008 26.4008 26.4008 26.4008 37.0000 37.0000 37.0000 37.0000 56.0803 56.0803 56.0803 56.0803 47.4131 47.4131 47.4131 47.4131 63.6946 63.6946 63.6946 63.6946 67.8970 67.8970 67.8970 67.8970 77.3886 77.3886 77.3886 77.3886 54.8179 54.8179 54.8179 54.8179 74.2496 74.2496 74.2496 74.2496 53.3104 53.3104 53.3104 53.3104 70.0357 70.0357 70.0357 70.0357 63.0079 63.0079 63.0079 63.0079 58.4637 58.4637 58.4637 58.4637 50.0000 50.0000 50.0000 50.0000 46.8615 46.8615 46.8615 46.8615 36.0555
C12 10.0000 55.0364 62.6498 28.0179 30.8058 25.4951 23.0217 13.3417 55.3173 44.7214 35.3553 28.2843 0.0000 60.0333 21.4009 29.7321 22.3607 38.0789 55.9017 35.3412 26.6271 30.0000 39.0512 20.6155 55.7584 42.9418 10.0000 10.0000 10.0000 10.0000 33.9559 33.9559 33.9559 33.9559 50.2494 50.2494 50.2494 50.2494 24.2074 24.2074 24.2074 24.2074 41.0122 41.0122 41.0122 41.0122 21.5407 21.5407 21.5407 21.5407 36.0139 36.0139 36.0139 36.0139 26.2488 26.2488 26.2488 26.2488 42.7200 42.7200 42.7200 42.7200 22.0907 22.0907 22.0907 22.0907 39.2046 39.2046 39.2046 39.2046 39.6232 39.6232 39.6232 39.6232 50.0899 50.0899 50.0899 50.0899 26.9258 26.9258 26.9258 26.9258 48.5077 48.5077 48.5077 48.5077 29.0172 29.0172 29.0172 29.0172 49.6488 49.6488 49.6488 49.6488 47.0106 47.0106 47.0106 47.0106 49.5782 49.5782 49.5782 49.5782 44.0454 44.0454 44.0454 44.0454 52.4976 52.4976 52.4976 52.4976 10.0000
C13 55.7136 59.5063 3.0000 36.6742 89.0225 36.7967 51.4782 57.5674 88.8144 72.6911 27.4591 59.3633 60.0333 0.0000 41.1096 58.3095 74.7262 88.2836 5.3852 85.3288 86.6083 30.4631 82.1523 57.8705 5.0000 90.5539 55.7136 55.7136 55.7136 55.7136 29.0689 29.0689 29.0689 29.0689 25.0799 25.0799 25.0799 25.0799 61.4003 61.4003 61.4003 61.4003 63.3246 63.3246 63.3246 63.3246 78.1025 78.1025 78.1025 78.1025 84.6463 84.6463 84.6463 84.6463 85.2115 85.2115 85.2115 85.2115 102.7278 102.7278 102.7278 102.7278 79.1202 79.1202 79.1202 79.1202 94.6414 94.6414 94.6414 94.6414 79.0063 79.0063 79.0063 79.0063 97.3293 97.3293 97.3293 97.3293 66.3702 66.3702 66.3702 66.3702 66.2193 66.2193 66.2193 66.2193 53.0094 53.0094 53.0094 53.0094 47.9270 47.9270 47.9270 47.9270 35.4683 35.4683 35.4683 35.4683 20.2485 20.2485 20.2485 20.2485 18.1108 18.1108 18.1108 18.1108 14.1421 14.1421 14.1421 14.1421 55.7136
C14 14.7648 40.8534 43.9659 6.7082 52.2015 16.9706 13.4164 16.4924 55.0091 40.2244 14.4222 37.6563 21.4009 41.1096 0.0000 38.0789 33.7343 48.0416 37.8550 45.0444 47.4236 11.0454 43.7379 18.2483 36.4005 51.0882 14.7648 14.7648 14.7648 14.7648 21.9317 21.9317 21.9317 21.9317 38.8973 38.8973 38.8973 38.8973 36.0555 36.0555 36.0555 36.0555 48.7032 48.7032 48.7032 48.7032 42.5441 42.5441 42.5441 42.5441 54.8179 54.8179 54.8179 54.8179 47.6340 47.6340 47.6340 47.6340 63.2535 63.2535 63.2535 63.2535 38.0789 38.0789 38.0789 38.0789 53.6004 53.6004 53.6004 53.6004 41.7612 41.7612 41.7612 41.7612 58.2151 58.2151 58.2151 58.2151 27.6586 27.6586 27.6586 27.6586 39.0512 39.0512 39.0512 39.0512 18.4391 18.4391 18.4391 18.4391 32.3883 32.3883 32.3883 32.3883 26.6833 26.6833 26.6833 26.6833 28.2843 28.2843 28.2843 28.2843 23.7065 23.7065 23.7065 23.7065 37.0135 37.0135 37.0135 37.0135 14.7648
C15 37.2022 78.7464 59.9083 43.4166 40.3113 25.1794 47.8539 41.4005 84.8999 73.2393 45.0999 2.0000 29.7321 58.3095 38.0789 0.0000 51.6140 66.8880 53.0000 64.3506 44.2832 38.0526 68.7677 48.2597 55.9017 72.1110 37.2022 37.2022 37.2022 37.2022 30.0832 30.0832 30.0832 30.0832 37.5366 37.5366 37.5366 37.5366 7.0711 7.0711 7.0711 7.0711 11.4018 11.4018 11.4018 11.4018 30.0000 30.0000 30.0000 30.0000 28.0179 28.0179 28.0179 28.0179 39.0000 39.0000 39.0000 39.0000 58.0775 58.0775 58.0775 58.0775 49.1935 49.1935 49.1935 49.1935 65.5515 65.5515 65.5515 65.5515 69.2965 69.2965 69.2965 69.2965 79.0759 79.0759 79.0759 79.0759 56.0803 56.0803 56.0803 56.0803 75.1332 75.1332 75.1332 75.1332 54.1295 54.1295 54.1295 54.1295 70.4060 70.4060 70.4060 70.4060 63.0714 63.0714 63.0714 63.0714 58.0517 58.0517 58.0517 58.0517 49.4773 49.4773 49.4773 49.4773 45.6070 45.6070 45.6070 45.6070 37.2022
C16 20.0000 48.4665 77.6209 38.2753 35.0571 45.2769 24.6982 17.2627 35.7771 30.0000 47.4342 50.0000 22.3607 74.7262 33.7343 51.6140 0.0000 15.8114 71.5891 13.0000 25.0799 44.7214 18.0278 18.0278 69.9214 20.5913 20.0000 20.0000 20.0000 20.0000 53.0377 53.0377 53.0377 53.0377 70.1783 70.1783 70.1783 70.1783 45.4533 45.4533 45.4533 45.4533 62.6259 62.6259 62.6259 62.6259 32.3110 32.3110 32.3110 32.3110 49.7695 49.7695 49.7695 49.7695 30.1496 30.1496 30.1496 30.1496 36.6742 36.6742 36.6742 36.6742 8.2462 8.2462 8.2462 8.2462 19.9249 19.9249 19.9249 19.9249 20.2485 20.2485 20.2485 20.2485 27.7308 27.7308 27.7308 27.7308 14.3178 14.3178 14.3178 14.3178 37.8550 37.8550 37.8550 37.8550 26.8701 26.8701 26.8701 26.8701 48.0104 48.0104 48.0104 48.0104 51.0882 51.0882 51.0882 51.0882 59.4811 59.4811 59.4811 59.4811 56.9210 56.9210 56.9210 56.9210 70.2567 70.2567 70.2567 70.2567 20.0000
C17 35.3553 51.8556 91.2414 51.6236 43.4626 60.8276 36.8782 32.0624 27.0185 29.1548 60.8276 65.1920 38.0789 88.2836 48.0416 66.8880 15.8114 0.0000 85.5862 3.0000 32.6956 59.0762 11.1803 30.4138 83.3607 5.8310 35.3553 35.3553 35.3553 35.3553 68.3593 68.3593 68.3593 68.3593 85.5862 85.5862 85.5862 85.5862 60.4649 60.4649 60.4649 60.4649 77.6660 77.6660 77.6660 77.6660 44.2041 44.2041 44.2041 44.2041 61.2944 61.2944 61.2944 61.2944 39.3573 39.3573 39.3573 39.3573 38.0132 38.0132 38.0132 38.0132 18.3848 18.3848 18.3848 18.3848 11.7047 11.7047 11.7047 11.7047 16.1245 16.1245 16.1245 16.1245 12.2066 12.2066 12.2066 12.2066 22.4722 22.4722 22.4722 22.4722 39.4081 39.4081 39.4081 39.4081 36.7696 36.7696 36.7696 36.7696 54.8179 54.8179 54.8179 54.8179 60.8276 60.8276 60.8276 60.8276 71.4703 71.4703 71.4703 71.4703 70.2140 70.2140 70.2140 70.2140 85.0059 85.0059 85.0059 85.0059 35.3553
C18 52.2015 60.0333 7.0711 34.0588 84.4038 32.0156 49.0408 54.3415 87.6641 71.5891 25.0000 54.0833 55.9017 5.3852 37.8550 53.0000 71.5891 85.5862 0.0000 82.6075 82.3650 26.9258 80.0000 55.2268 5.8310 88.1419 52.2015 52.2015 52.2015 52.2015 24.0416 24.0416 24.0416 24.0416 20.0000 20.0000 20.0000 20.0000 56.2228 56.2228 56.2228 56.2228 57.9396 57.9396 57.9396 57.9396 73.4098 73.4098 73.4098 73.4098 79.5110 79.5110 79.5110 79.5110 80.7094 80.7094 80.7094 80.7094 98.4886 98.4886 98.4886 98.4886 75.5844 75.5844 75.5844 75.5844 91.4440 91.4440 91.4440 91.4440 77.1038 77.1038 77.1038 77.1038 95.0474 95.0474 95.0474 95.0474 64.0312 64.0312 64.0312 64.0312 65.7875 65.7875 65.7875 65.7875 51.1566 51.1566 51.1566 51.1566 48.3735 48.3735 48.3735 48.3735 35.8469 35.8469 35.8469 35.8469 20.8087 20.8087 20.8087 20.8087 16.2788 16.2788 16.2788 16.2788 9.0000 9.0000 9.0000 9.0000 52.2015
C19 32.3883 50.0000 88.2836 48.6621 42.3792 57.8705 33.9559 29.0689 27.2947 27.7308 57.8705 62.6817 35.3412 85.3288 45.0444 64.3506 13.0000 3.0000 82.6075 0.0000 31.6228 56.0803 10.1980 27.4591 80.4114 7.8102 32.3883 32.3883 32.3883 32.3883 65.3758 65.3758 65.3758 65.3758 82.6075 82.6075 82.6075 82.6075 58.0086 58.0086 58.0086 58.0086 75.2130 75.2130 75.2130 75.2130 42.4382 42.4382 42.4382 42.4382 59.6825 59.6825 59.6825 59.6825 38.0789 38.0789 38.0789 38.0789 38.2099 38.2099 38.2099 38.2099 16.4012 16.4012 16.4012 16.4012 13.0384 13.0384 13.0384 13.0384 14.8661 14.8661 14.8661 14.8661 14.7648 14.7648 14.7648 14.7648 19.6977 19.6977 19.6977 19.6977 37.7359 37.7359 37.7359 37.7359 34.0147 34.0147 34.0147 34.0147 52.4976 52.4976 52.4976 52.4976 58.1808 58.1808 58.1808 58.1808 68.6222 68.6222 68.6222 68.6222 67.2681 67.2681 67.2681 67.2681 82.0061 82.0061 82.0061 82.0061 32.3883
C20 33.3017 72.8011 89.1852 53.7401 10.7703 51.0784 44.4185 33.8378 58.6941 55.0364 61.7171 42.2966 26.6271 86.6083 47.4236 44.2832 25.0799 32.6956 82.3650 31.6228 0.0000 56.6127 40.7922 38.9102 82.3772 38.4838 33.3017 33.3017 33.3017 33.3017 59.6154 59.6154 59.6154 59.6154 74.7262 74.7262 74.7262 74.7262 37.2156 37.2156 37.2156 37.2156 52.8867 52.8867 52.8867 52.8867 14.8661 14.8661 14.8661 14.8661 29.6985 29.6985 29.6985 29.6985 7.0711 7.0711 7.0711 7.0711 16.1245 16.1245 16.1245 16.1245 17.0000 17.0000 17.0000 17.0000 25.4951 25.4951 25.4951 25.4951 44.2832 44.2832 44.2832 44.2832 43.5660 43.5660 43.5660 43.5660 38.8330 38.8330 38.8330 38.8330 62.8013 62.8013 62.8013 62.8013 48.7545 48.7545 48.7545 48.7545 70.6824 70.6824 70.6824 70.6824 71.0282 71.0282 71.0282 71.0282 75.6902 75.6902 75.6902 75.6902 70.6045 70.6045 70.6045 70.6045 78.3901 78.3901 78.3901 78.3901 33.3017
C21 25.2982 45.2217 33.2415 9.4340 60.1082 13.0384 23.5372 27.4591 64.6220 49.1935 7.0711 38.2099 30.0000 30.4631 11.0454 38.0526 44.7214 59.0762 26.9258 56.0803 56.6127 0.0000 54.4518 29.0689 25.9422 62.0322 25.2982 25.2982 25.2982 25.2982 13.4536 13.4536 13.4536 13.4536 29.0689 29.0689 29.0689 29.0689 38.0789 38.0789 38.0789 38.0789 47.2652 47.2652 47.2652 47.2652 49.6790 49.6790 49.6790 49.6790 59.5063 59.5063 59.5063 59.5063 55.9017 55.9017 55.9017 55.9017 72.6705 72.6705 72.6705 72.6705 48.7032 48.7032 48.7032 48.7032 64.5368 64.5368 64.5368 64.5368 52.1728 52.1728 52.1728 52.1728 69.1158 69.1158 69.1158 69.1158 38.3275 38.3275 38.3275 38.3275 46.2277 46.2277 46.2277 46.2277 27.3130 27.3130 27.3130 27.3130 34.8855 34.8855 34.8855 34.8855 25.4951 25.4951 25.4951 25.4951 21.0238 21.0238 21.0238 21.0238 14.1421 14.1421 14.1421 14.1421 26.0768 26.0768 26.0768 26.0768 25.2982
C22 33.5410 41.0366 85.1469 46.0435 51.4198 58.5235 31.0644 29.5466 18.0278 18.0278 55.0000 67.2681 39.0512 82.1523 43.7379 68.7677 18.0278 11.1803 80.0000 10.1980 40.7922 54.4518 0.0000 25.4951 77.1622 9.4340 33.5410 33.5410 33.5410 33.5410 65.2534 65.2534 65.2534 65.2534 82.4621 82.4621 82.4621 82.4621 62.9365 62.9365 62.9365 62.9365 79.9812 79.9812 79.9812 79.9812 50.0899 50.0899 50.0899 50.0899 67.5426 67.5426 67.5426 67.5426 46.8402 46.8402 46.8402 46.8402 48.3735 48.3735 48.3735 48.3735 24.3516 24.3516 24.3516 24.3516 22.8473 22.8473 22.8473 22.8473 5.0000 5.0000 5.0000 5.0000 15.2971 15.2971 15.2971 15.2971 16.1245 16.1245 16.1245 16.1245 28.4253 28.4253 28.4253 28.4253 29.2746 29.2746 29.2746 29.2746 44.9444 44.9444 44.9444 44.9444 52.2015 52.2015 52.2015 52.2015 64.1327 64.1327 64.1327 64.1327 64.0703 64.0703 64.0703 64.0703 80.5047 80.5047 80.5047 80.5047 33.5410
C23 11.1803 35.1283 60.8276 21.2132 46.8402 33.5410 6.7082 7.2801 38.0132 25.0000 30.4138 47.1699 20.6155 57.8705 18.2483 48.2597 18.0278 30.4138 55.2268 27.4591 38.9102 29.0689 25.4951 0.0000 52.9528 33.0000 11.1803 11.1803 11.1803 11.1803 39.8497 39.8497 39.8497 39.8497 57.0088 57.0088 57.0088 57.0088 43.8292 43.8292 43.8292 43.8292 59.6406 59.6406 59.6406 59.6406 40.1123 40.1123 40.1123 40.1123 56.1427 56.1427 56.1427 56.1427 41.7612 41.7612 41.7612 41.7612 53.0094 53.0094 53.0094 53.0094 24.7588 24.7588 24.7588 24.7588 37.5766 37.5766 37.5766 37.5766 23.7697 23.7697 23.7697 23.7697 40.0500 40.0500 40.0500 40.0500 9.4868 9.4868 9.4868 9.4868 27.8927 27.8927 27.8927 27.8927 9.8489 9.8489 9.8489 9.8489 31.7805 31.7805 31.7805 31.7805 33.2415 33.2415 33.2415 33.2415 41.6293 41.6293 41.6293 41.6293 39.8121 39.8121 39.8121 39.8121 55.1453 55.1453 55.1453 55.1453 11.1803
C24 51.0784 55.0091 8.0000 31.7805 85.1469 33.3017 46.5296 52.8110 83.8630 67.7422 22.5610 56.8243 55.7584 5.0000 36.4005 55.9017 69.9214 83.3607 5.8310 80.4114 82.3772 25.9422 77.1622 52.9528 0.0000 85.5862 51.0784 51.0784 51.0784 51.0784 26.0768 26.0768 26.0768 26.0768 25.1794 25.1794 25.1794 25.1794 58.5235 58.5235 58.5235 58.5235 61.6847 61.6847 61.6847 61.6847 74.3303 74.3303 74.3303 74.3303 81.6088 81.6088 81.6088 81.6088 81.2158 81.2158 81.2158 81.2158 98.4784 98.4784 98.4784 98.4784 74.4648 74.4648 74.4648 74.4648 89.8443 89.8443 89.8443 89.8443 74.0068 74.0068 74.0068 74.0068 92.3472 92.3472 92.3472 92.3472 61.4003 61.4003 61.4003 61.4003 61.4003 61.4003 61.4003 61.4003 48.0104 48.0104 48.0104 48.0104 43.3820 43.3820 43.3820 43.3820 30.8707 30.8707 30.8707 30.8707 15.6525 15.6525 15.6525 15.6525 13.1529 13.1529 13.1529 13.1529 14.3178 14.3178 14.3178 14.3178 51.0784
C25 39.2938 50.2096 93.5361 54.0833 49.2443 64.7611 39.1152 35.6931 22.0907 26.9072 63.1981 70.4557 42.9418 90.5539 51.0882 72.1110 20.5913 5.8310 88.1419 7.8102 38.4838 62.0322 9.4340 33.0000 85.5862 0.0000 39.2938 39.2938 39.2938 39.2938 72.0069 72.0069 72.0069 72.0069 89.2693 89.2693 89.2693 89.2693 65.8027 65.8027 65.8027 65.8027 83.0060 83.0060 83.0060 83.0060 50.0000 50.0000 50.0000 50.0000 67.1193 67.1193 67.1193 67.1193 45.1774 45.1774 45.1774 45.1774 43.0465 43.0465 43.0465 43.0465 24.0832 24.0832 24.0832 24.0832 16.0312 16.0312 16.0312 16.0312 14.2127 14.2127 14.2127 14.2127 7.2801 7.2801 7.2801 7.2801 24.1868 24.1868 24.1868 24.1868 37.4833 37.4833 37.4833 37.4833 38.0789 38.0789 38.0789 38.0789 54.3783 54.3783 54.3783 54.3783 61.4654 61.4654 61.4654 61.4654 73.0068 73.0068 73.0068 73.0068 72.4431 72.4431 72.4431 72.4431 88.0909 88.0909 88.0909 88.0909 39.2938
F26 0.0000 45.0444 58.5235 20.6155 39.3573 25.4951 13.0384 4.2426 48.1664 36.0555 29.1548 36.0555 10.0000 55.7136 14.7648 37.2022 20.0000 35.3553 52.2015 32.3883 33.3017 25.2982 33.5410 11.1803 51.0784 39.2938 0.0000 0.0000 0.0000 0.0000 33.0606 33.0606 33.0606 33.0606 50.2494 50.2494 50.2494 50.2494 32.6497 32.6497 32.6497 32.6497 48.6004 48.6004 48.6004 48.6004 31.0483 31.0483 31.0483 31.0483 46.0109 46.0109 46.0109 46.0109 34.4819 34.4819 34.4819 34.4819 48.8365 48.8365 48.8365 48.8365 23.4094 23.4094 23.4094 23.4094 39.4588 39.4588 39.4588 39.4588 33.0151 33.0151 33.0151 33.0151 46.5725 46.5725 46.5725 46.5725 19.1050 19.1050 19.1050 19.1050 38.8973 38.8973 38.8973 38.8973 19.0263 19.0263 19.0263 19.0263 39.8121 39.8121 39.8121 39.8121 38.0789 38.0789 38.0789 38.0789 42.6380 42.6380 42.6380 42.6380 38.4708 38.4708 38.4708 38.4708 50.3587 50.3587 50.3587 50.3587 0.0000
F26_1 0.0000 45.0444 58.5235 20.6155 39.3573 25.4951 13.0384 4.2426 48.1664 36.0555 29.1548 36.0555 10.0000 55.7136 14.7648 37.2022 20.0000 35.3553 52.2015 32.3883 33.3017 25.2982 33.5410 11.1803 51.0784 39.2938 0.0000 0.0000 0.0000 0.0000 33.0606 33.0606 33.0606 33.0606 50.2494 50.2494 50.2494 50.2494 32.6497 32.6497 32.6497 32.6497 48.6004 48.6004 48.6004 48.6004 31.0483 31.0483 31.0483 31.0483 46.0109 46.0109 46.0109 46.0109 34.4819 34.4819 34.4819 34.4819 48.8365 48.8365 48.8365 48.8365 23.4094 23.4094 23.4094 23.4094 39.4588 39.4588 39.4588 39.4588 33.0151 33.0151 33.0151 33.0151 46.5725 46.5725 46.5725 46.5725 19.1050 19.1050 19.1050 19.1050 38.8973 38.8973 38.8973 38.8973 19.0263 19.0263 19.0263 19.0263 39.8121 39.8121 39.8121 39.8121 38.0789 38.0789 38.0789 38.0789 42.6380 42.6380 42.6380 42.6380 38.4708 38.4708 38.4708 38.4708 50.3587 50.3587 50.3587 50.3587 0.0000
F26_2 0.0000 45.0444 58.5235 20.6155 39.3573 25.4951 13.0384 4.2426 48.1664 36.0555 29.1548 36.0555 10.0000 55.7136 14.7648 37.2022 20.0000 35.3553 52.2015 32.3883 33.3017 25.2982 33.5410 11.1803 51.0784 39.2938 0.0000 0.0000 0.0000 0.0000 33.0606 33.0606 33.0606 33.0606 50.2494 50.2494 50.2494 50.2494 32.6497 32.6497 32.6497 32.6497 48.6004 48.6004 48.6004 48.6004 31.0483 31.0483 31.0483 31.0483 46.0109 46.0109 46.0109 46.0109 34.4819 34.4819 34.4819 34.4819 48.8365 48.8365 48.8365 48.8365 23.4094 23.4094 23.4094 23.4094 39.4588 39.4588 39.4588 39.4588 33.0151 33.0151 33.0151 33.0151 46.5725 46.5725 46.5725 46.5725 19.1050 19.1050 19.1050 19.1050 38.8973 38.8973 38.8973 38.8973 19.0263 19.0263 19.0263 19.0263 39.8121 39.8121 39.8121 39.8121 38.0789 38.0789 38.0789 38.0789 42.6380 42.6380 42.6380 42.6380 38.4708 38.4708 38.4708 38.4708 50.3587 50.3587 50.3587 50.3587 0.0000
F26_3 0.0000 45.0444 58.5235 20.6155 39.3573 25.4951 13.0384 4.2426 48.1664 36.0555 29.1548 36.0555 10.0000 55.7136 14.7648 37.2022 20.0000 35.3553 52.2015 32.3883 33.3017 25.2982 33.5410 11.1803 51.0784 39.2938 0.0000 0.0000 0.0000 0.0000 33.0606 33.0606 33.0606 33.0606 50.2494 50.2494 50.2494 50.2494 32.6497 32.6497 32.6497 32.6497 48.6004 48.6004 48.6004 48.6004 31.0483 31.0483 31.0483 31.0483 46.0109 46.0109 46.0109 46.0109 34.4819 34.4819 34.4819 34.4819 48.8365 48.8365 48.8365 48.8365 23.4094 23.4094 23.4094 23.4094 39.4588 39.4588 39.4588 39.4588 33.0151 33.0151 33.0151 33.0151 46.5725 46.5725 46.5725 46.5725 19.1050 19.1050 19.1050 19.1050 38.8973 38.8973 38.8973 38.8973 19.0263 19.0263 19.0263 19.0263 39.8121 39.8121 39.8121 39.8121 38.0789 38.0789 38.0789 38.0789 42.6380 42.6380 42.6380 42.6380 38.4708 38.4708 38.4708 38.4708 50.3587 50.3587 50.3587 50.3587 0.0000
F27 33.0606 58.6003 31.1127 22.6716 60.7454 8.5440 35.3412 36.3456 76.9220 61.9112 18.7883 30.8707 33.9559 29.0689 21.9317 30.0832 53.0377 68.3593 24.0416 65.3758 59.6154 13.4536 65.2534 39.8497 26.0768 72.0069 33.0606 33.0606 33.0606 33.0606 0.0000 0.0000 0.0000 0.0000 17.2627 17.2627 17.2627 17.2627 32.4500 32.4500 32.4500 32.4500 37.2156 37.2156 37.2156 37.2156 49.6488 49.6488 49.6488 49.6488 55.6058 55.6058 55.6058 55.6058 57.3062 57.3062 57.3062 57.3062 75.6439 75.6439 75.6439 75.6439 55.3263 55.3263 55.3263 55.3263 72.1110 72.1110 72.1110 72.1110 63.5689 63.5689 63.5689 63.5689 79.2465 79.2465 79.2465 79.2465 49.3356 49.3356 49.3356 49.3356 59.5483 59.5483 59.5483 59.5483 39.9625 39.9625 39.9625 39.9625 48.0208 48.0208 48.0208 48.0208 37.6962 37.6962 37.6962 37.6962 29.0000 29.0000 29.0000 29.0000 20.0250 20.0250 20.0250 20.0250 18.7883 18.7883 18.7883 18.7883 33.0606
F27_1 33.0606 58.6003 31.1127 22.6716 60.7454 8.5440 35.3412 36.3456 76.9220 61.9112 18.7883 30.8707 33.9559 29.0689 21.9317 30.0832 53.0377 68.3593 24.0416 65.3758 59.6154 13.4536 65.2534 39.8497 26.0768 72.0069 33.0606 33.0606 33.0606 33.0606 0.0000 0.0000 0.0000 0.0000 17.2627 17.2627 17.2627 17.2627 32.4500 32.4500 32.4500 32.4500 37.2156 37.2156 37.2156 37.2156 49.6488 49.6488 49.6488 49.6488 55.6058 55.6058 55.6058 55.6058 57.3062 57.3062 57.3062 57.3062 75.6439 75.6439 75.6439 75.6439 55.3263 55.3263 55.3263 55.3263 72.1110 72.1110 72.1110 72.1110 63.5689 63.5689 63.5689 63.5689 79.2465 79.2465 79.2465 79.2465 49.3356 49.3356 49.3356 49.3356 59.5483 59.5483 59.5483 59.5483 39.9625 39.9625 39.9625 39.9625 48.0208 48.0208 48.0208 48.0208 37.6962 37.6962 37.6962 37.6962 29.0000 29.0000 29.0000 29.0000 20.0250 20.0250 20.0250 20.0250 18.7883 18.7883 18.7883 18.7883 33.0606
F27_2 33.0606 58.6003 31.1127 22.6716 60.7454 8.5440 35.3412 36.3456 76.9220 61.9112 18.7883 30.8707 33.9559 29.0689 21.9317 30.0832 53.0377 68.3593 24.0416 65.3758 59.6154 13.4536 65.2534 39.8497 26.0768 72.0069 33.0606 33.0606 33.0606 33.0606 0.0000 0.0000 0.0000 0.0000 17.2627 17.2627 17.2627 17.2627 32.4500 32.4500 32.4500 32.4500 37.2156 37.2156 37.2156 37.2156 49.6488 49.6488 49.6488 49.6488 55.6058 55.6058 55.6058 55.6058 57.3062 57.3062 57.3062 57.3062 75.6439 75.6439 75.6439 75.6439 55.3263 55.3263 55.3263 55.3263 72.1110 72.1110 72.1110 72.1110 63.5689 63.5689 63.5689 63.5689 79.2465 79.2465 79.2465 79.2465 49.3356 49.3356 49.3356 49.3356 59.5483 59.5483 59.5483 59.5483 39.9625 39.9625 39.9625 39.9625 48.0208 48.0208 48.0208 48.0208 37.6962 37.6962 37.6962 37.6962 29.0000 29.0000 29.0000 29.0000 20.0250 20.0250 20.0250 20.0250 18.7883 18.7883 18.7883 18.7883 33.0606
F27_3 33.0606 58.6003 31.1127 22.6716 60.7454 8.5440 35.3412 36.3456 76.9220 61.9112 18.7883 30.8707 33.9559 29.0689 21.9317 30.0832 53.0377 68.3593 24.0416 65.3758 59.6154 13.4536 65.2534 39.8497 26.0768 72.0069 33.0606 33.0606 33.0606 33.0606 0.0000 0.0000 0.0000 0.0000 17.2627 17.2627 17.2627 17.2627 32.4500 32.4500 32.4500 32.4500 37.2156 37.2156 37.2156 37.2156 49.6488 49.6488 49.6488 49.6488 55.6058 55.6058 55.6058 55.6058 57.3062 57.3062 57.3062 57.3062 75.6439 75.6439 75.6439 75.6439 55.3263 55.3263 55.3263 55.3263 72.1110 72.1110 72.1110 72.1110 63.5689 63.5689 63.5689 63.5689 79.2465 79.2465 79.2465 79.2465 49.3356 49.3356 49.3356 49.3356 59.5483 59.5483 59.5483 59.5483 39.9625 39.9625 39.9625 39.9625 48.0208 48.0208 48.0208 48.0208 37.6962 37.6962 37.6962 37.6962 29.0000 29.0000 29.0000 29.0000 20.0250 20.0250 20.0250 20.0250 18.7883 18.7883 18.7883 18.7883 33.0606
F28 50.2494 72.1388 25.4951 38.4708 74.3236 25.0000 52.2015 53.6004 93.6216 78.2624 32.0156 39.0512 50.2494 25.0799 38.8973 37.5366 70.1783 85.5862 20.0000 82.6075 74.7262 29.0689 82.4621 57.0088 25.1794 89.2693 50.2494 50.2494 50.2494 50.2494 17.2627 17.2627 17.2627 17.2627 0.0000 0.0000 0.0000 0.0000 42.4382 42.4382 42.4382 42.4382 39.9625 39.9625 39.9625 39.9625 63.1585 63.1585 63.1585 63.1585 65.4370 65.4370 65.4370 65.4370 71.5122 71.5122 71.5122 71.5122 90.4434 90.4434 90.4434 90.4434 72.0625 72.0625 72.0625 72.0625 89.0056 89.0056 89.0056 89.0056 80.6536 80.6536 80.6536 80.6536 96.5091 96.5091 96.5091 96.5091 66.4831 66.4831 66.4831 66.4831 74.8866 74.8866 74.8866 74.8866 56.3649 56.3649 56.3649 56.3649 60.8276 60.8276 60.8276 60.8276 49.0408 49.0408 49.0408 49.0408 36.2353 36.2353 36.2353 36.2353 28.0179 28.0179 28.0179 28.0179 11.0000 11.0000 11.0000 11.0000 50.2494
F28_1 50.2494 72.1388 25.4951 38.4708 74.3236 25.0000 52.2015 53.6004 93.6216 78.2624 32.0156 39.0512 50.2494 25.0799 38.8973 37.5366 70.1783 85.5862 20.0000 82.6075 74.7262 29.0689 82.4621 57.0088 25.1794 89.2693 50.2494 50.2494 50.2494 50.2494 17.2627 17.2627 17.2627 17.2627 0.0000 0.0000 0.0000 0.0000 42.4382 42.4382 42.4382 42.4382 39.9625 39.9625 39.9625 39.9625 63.1585 63.1585 63.1585 63.1585 65.4370 65.4370 65.4370 65.4370 71.5122 71.5122 71.5122 71.5122 90.4434 90.4434 90.4434 90.4434 72.0625 72.0625 72.0625 72.0625 89.0056 89.0056 89.0056 89.0056 80.6536 80.6536 80.6536 80.6536 96.5091 96.5091 96.5091 96.5091 66.4831 66.4831 66.4831 66.4831 74.8866 74.8866 74.8866 74.8866 56.3649 56.3649 56.3649 56.3649 60.8276 60.8276 60.8276 60.8276 49.0408 49.0408 49.0408 49.0408 36.2353 36.2353 36.2353 36.2353 28.0179 28.0179 28.0179 28.0179 11.0000 11.0000 11.0000 11.0000 50.2494
F28_2 50.2494 72.1388 25.4951 38.4708 74.3236 25.0000 52.2015 53.6004 93.6216 78.2624 32.0156 39.0512 50.2494 25.0799 38.8973 37.5366 70.1783 85.5862 20.0000 82.6075 74.7262 29.0689 82.4621 57.0088 25.1794 89.2693 50.2494 50.2494 50.2494 50.2494 17.2627 17.2627 17.2627 17.2627 0.0000 0.0000 0.0000 0.0000 42.4382 42.4382 42.4382 42.4382 39.9625 39.9625 39.9625 39.9625 63.1585 63.1585 63.1585 63.1585 65.4370 65.4370 65.4370 65.4370 71.5122 71.5122 71.5122 71.5122 90.4434 90.4434 90.4434 90.4434 72.0625 72.0625 72.0625 72.0625 89.0056 89.0056 89.0056 89.0056 80.6536 80.6536 80.6536 80.6536 96.5091 96.5091 96.5091 96.5091 66.4831 66.4831 66.4831 66.4831 74.8866 74.8866 74.8866 74.8866 56.3649 56.3649 56.3649 56.3649 60.8276 60.8276 60.8276 60.8276 49.0408 49.0408 49.0408 49.0408 36.2353 36.2353 36.2353 36.2353 28.0179 28.0179 28.0179 28.0179 11.0000 11.0000 11.0000 11.0000 50.2494
F28_3 50.2494 72.1388 25.4951 38.4708 74.3236 25.0000 52.2015 53.6004 93.6216 78.2624 32.0156 39.0512 50.2494 25.0799 38.8973 37.5366 70.1783 85.5862 20.0000 82.6075 74.7262 29.0689 82.4621 57.0088 25.1794 89.2693 50.2494 50.2494 50.2494 50.2494 17.2627 17.2627 17.2627 17.2627 0.0000 0.0000 0.0000 0.0000 42.4382 42.4382 42.4382 42.4382 39.9625 39.9625 39.9625 39.9625 63.1585 63.1585 63.1585 63.1585 65.4370 65.4370 65.4370 65.4370 71.5122 71.5122 71.5122 71.5122 90.4434 90.4434 90.4434 90.4434 72.0625 72.0625 72.0625 72.0625 89.0056 89.0056 89.0056 89.0056 80.6536 80.6536 80.6536 80.6536 96.5091 96.5091 96.5091 96.5091 66.4831 66.4831 66.4831 66.4831 74.8866 74.8866 74.8866 74.8866 56.3649 56.3649 56.3649 56.3649 60.8276 60.8276 60.8276 60.8276 49.0408 49.0408 49.0408 49.0408 36.2353 36.2353 36.2353 36.2353 28.0179 28.0179 28.0179 28.0179 11.0000 11.0000 11.0000 11.0000 50.2494
F29 32.6497 75.9276 63.2535 42.0119 33.5410 26.0000 44.2719 36.7151 79.5110 68.6003 45.1221 5.0990 24.2074 61.4003 36.0555 7.0711 45.4533 60.4649 56.2228 58.0086 37.2156 38.0789 62.9365 43.8292 58.5235 65.8027 32.6497 32.6497 32.6497 32.6497 32.4500 32.4500 32.4500 32.4500 42.4382 42.4382 42.4382 42.4382 0.0000 0.0000 0.0000 0.0000 17.2047 17.2047 17.2047 17.2047 23.0217 23.0217 23.0217 23.0217 23.3452 23.3452 23.3452 23.3452 32.0156 32.0156 32.0156 32.0156 51.1566 51.1566 51.1566 51.1566 42.5441 42.5441 42.5441 42.5441 58.6941 58.6941 58.6941 58.6941 63.7809 63.7809 63.7809 63.7809 72.6705 72.6705 72.6705 72.6705 51.0392 51.0392 51.0392 51.0392 71.3092 71.3092 71.3092 71.3092 50.5964 50.5964 50.5964 50.5964 68.3593 68.3593 68.3593 68.3593 62.1289 62.1289 62.1289 62.1289 58.8218 58.8218 58.8218 58.8218 50.6952 50.6952 50.6952 50.6952 49.4975 49.4975 49.4975 49.4975 32.6497
