# set
set V := C1 C2 C3 C4 C5 C6 C7 C8 C9 C10 C11 C12 C13 C14 C15 C16 C17 C18 C19 C20 C21 C22 C23 C24 C25 ;
set F := F26 F27 F28 F29 F30 F31 F32 F33 F34 F35 F36 F37 F38 F39 F40 F41 F42 F43 F44 F45 F46 F26_1 F26_2 F26_3 F27_1 F27_2 F27_3 F28_1 F28_2 F28_3 F29_1 F29_2 F29_3 F30_1 F30_2 F30_3 F31_1 F31_2 F31_3 F32_1 F32_2 F32_3 F33_1 F33_2 F33_3 F34_1 F34_2 F34_3 F35_1 F35_2 F35_3 F36_1 F36_2 F36_3 F37_1 F37_2 F37_3 F38_1 F38_2 F38_3 F39_1 F39_2 F39_3 F40_1 F40_2 F40_3 F41_1 F41_2 F41_3 F42_1 F42_2 F42_3 F43_1 F43_2 F43_3 F44_1 F44_2 F44_3 F45_1 F45_2 F45_3 F46_1 F46_2 F46_3 ;
set D0 := N0;
set Dσ := Nσ;

# param
param Cf := 200;		# ECV fixed cost
param C := 1000;		# ECV max load
param Q := 212.23;		# ECV/BSV battery level
param h := 1;		# ECV consumption

param CB := 60;		# BSV fixed cost
param Qplun := 5;		# BSV max load
param hplun := 1;		# BSV consumption
param W := 424.46;		# BSV battery level

param Cde := 1;		# ECV cost per unit distance
param Cdb := 1;		# BSV cost per unit distance
param lamda := 0;	# battery swap time
param n := 25;		# number of customers
param g := 0.42;	# recharging rate
param Cr := 100;		# recharging cost
param Ct := 10;		# travel cost
param Cs ;		# battery swap cost

param m :=
N0 0
C1 14
C2 30
C3 23
C4 9
C5 26
C6 23
C7 19
C8 30
C9 40
C10 31
C11 10
C12 20
C13 19
C14 8
C15 10
C16 30
C17 20
C18 20
C19 10
C20 3
C21 20
C22 19
C23 5
C24 10
C25 30
F26 0
F26_1 0
F26_2 0
F26_3 0
F27 0
F27_1 0
F27_2 0
F27_3 0
F28 0
F28_1 0
F28_2 0
F28_3 0
F29 0
F29_1 0
F29_2 0
F29_3 0
F30 0
F30_1 0
F30_2 0
F30_3 0
F31 0
F31_1 0
F31_2 0
F31_3 0
F32 0
F32_1 0
F32_2 0
F32_3 0
F33 0
F33_1 0
F33_2 0
F33_3 0
F34 0
F34_1 0
F34_2 0
F34_3 0
F35 0
F35_1 0
F35_2 0
F35_3 0
F36 0
F36_1 0
F36_2 0
F36_3 0
F37 0
F37_1 0
F37_2 0
F37_3 0
F38 0
F38_1 0
F38_2 0
F38_3 0
F39 0
F39_1 0
F39_2 0
F39_3 0
F40 0
F40_1 0
F40_2 0
F40_3 0
F41 0
F41_1 0
F41_2 0
F41_3 0
F42 0
F42_1 0
F42_2 0
F42_3 0
F43 0
F43_1 0
F43_2 0
F43_3 0
F44 0
F44_1 0
F44_2 0
F44_3 0
F45 0
F45_1 0
F45_2 0
F45_3 0
F46 0
F46_1 0
F46_2 0
F46_3 0
Nσ 0
;

param e :=
N0 0
C1 19
C2 470
C3 211
C4 112
C5 538
C6 385
C7 404
C8 45
C9 418
C10 162
C11 37
C12 166
C13 42
C14 427
C15 272
C16 131
C17 338
C18 380
C19 530
C20 298
C21 549
C22 281
C23 255
C24 564
C25 462
F26 0
F26_1 0
F26_2 0
F26_3 0
F27 0
F27_1 0
F27_2 0
F27_3 0
F28 0
F28_1 0
F28_2 0
F28_3 0
F29 0
F29_1 0
F29_2 0
F29_3 0
F30 0
F30_1 0
F30_2 0
F30_3 0
F31 0
F31_1 0
F31_2 0
F31_3 0
F32 0
F32_1 0
F32_2 0
F32_3 0
F33 0
F33_1 0
F33_2 0
F33_3 0
F34 0
F34_1 0
F34_2 0
F34_3 0
F35 0
F35_1 0
F35_2 0
F35_3 0
F36 0
F36_1 0
F36_2 0
F36_3 0
F37 0
F37_1 0
F37_2 0
F37_3 0
F38 0
F38_1 0
F38_2 0
F38_3 0
F39 0
F39_1 0
F39_2 0
F39_3 0
F40 0
F40_1 0
F40_2 0
F40_3 0
F41 0
F41_1 0
F41_2 0
F41_3 0
F42 0
F42_1 0
F42_2 0
F42_3 0
F43 0
F43_1 0
F43_2 0
F43_3 0
F44 0
F44_1 0
F44_2 0
F44_3 0
F45 0
F45_1 0
F45_2 0
F45_3 0
F46 0
F46_1 0
F46_2 0
F46_3 0
Nσ 0
;

param l :=
N0 960
C1 326
C2 687
C3 930
C4 543
C5 705
C6 518
C7 829
C8 522
C9 913
C10 493
C11 677
C12 399
C13 466
C14 913
C15 581
C16 544
C17 451
C18 902
C19 703
C20 928
C21 718
C22 490
C23 436
C24 797
C25 631
F26 960
F26_1 960
F26_2 960
F26_3 960
F27 960
F27_1 960
F27_2 960
F27_3 960
F28 960
F28_1 960
F28_2 960
F28_3 960
F29 960
F29_1 960
F29_2 960
F29_3 960
F30 960
F30_1 960
F30_2 960
F30_3 960
F31 960
F31_1 960
F31_2 960
F31_3 960
F32 960
F32_1 960
F32_2 960
F32_3 960
F33 960
F33_1 960
F33_2 960
F33_3 960
F34 960
F34_1 960
F34_2 960
F34_3 960
F35 960
F35_1 960
F35_2 960
F35_3 960
F36 960
F36_1 960
F36_2 960
F36_3 960
F37 960
F37_1 960
F37_2 960
F37_3 960
F38 960
F38_1 960
F38_2 960
F38_3 960
F39 960
F39_1 960
F39_2 960
F39_3 960
F40 960
F40_1 960
F40_2 960
F40_3 960
F41 960
F41_1 960
F41_2 960
F41_3 960
F42 960
F42_1 960
F42_2 960
F42_3 960
F43 960
F43_1 960
F43_2 960
F43_3 960
F44 960
F44_1 960
F44_2 960
F44_3 960
F45 960
F45_1 960
F45_2 960
F45_3 960
F46 960
F46_1 960
F46_2 960
F46_3 960
Nσ 960
;

param s :=
N0 0
C1 10
C2 10
C3 10
C4 10
C5 10
C6 10
C7 10
C8 10
C9 10
C10 10
C11 10
C12 10
C13 10
C14 10
C15 10
C16 10
C17 10
C18 10
C19 10
C20 10
C21 10
C22 10
C23 10
C24 10
C25 10
F26 0
F26_1 0
F26_2 0
F26_3 0
F27 0
F27_1 0
F27_2 0
F27_3 0
F28 0
F28_1 0
F28_2 0
F28_3 0
F29 0
F29_1 0
F29_2 0
F29_3 0
F30 0
F30_1 0
F30_2 0
F30_3 0
F31 0
F31_1 0
F31_2 0
F31_3 0
F32 0
F32_1 0
F32_2 0
F32_3 0
F33 0
F33_1 0
F33_2 0
F33_3 0
F34 0
F34_1 0
F34_2 0
F34_3 0
F35 0
F35_1 0
F35_2 0
F35_3 0
F36 0
F36_1 0
F36_2 0
F36_3 0
F37 0
F37_1 0
F37_2 0
F37_3 0
F38 0
F38_1 0
F38_2 0
F38_3 0
F39 0
F39_1 0
F39_2 0
F39_3 0
F40 0
F40_1 0
F40_2 0
F40_3 0
F41 0
F41_1 0
F41_2 0
F41_3 0
F42 0
F42_1 0
F42_2 0
F42_3 0
F43 0
F43_1 0
F43_2 0
F43_3 0
F44 0
F44_1 0
F44_2 0
F44_3 0
F45 0
F45_1 0
F45_2 0
F45_3 0
F46 0
F46_1 0
F46_2 0
F46_3 0
Nσ 0
;

param d : N0 C1 C2 C3 C4 C5 C6 C7 C8 C9 C10 C11 C12 C13 C14 C15 C16 C17 C18 C19 C20 C21 C22 C23 C24 C25 F26 F26_1 F26_2 F26_3 F27 F27_1 F27_2 F27_3 F28 F28_1 F28_2 F28_3 F29 F29_1 F29_2 F29_3 F30 F30_1 F30_2 F30_3 F31 F31_1 F31_2 F31_3 F32 F32_1 F32_2 F32_3 F33 F33_1 F33_2 F33_3 F34 F34_1 F34_2 F34_3 F35 F35_1 F35_2 F35_3 F36 F36_1 F36_2 F36_3 F37 F37_1 F37_2 F37_3 F38 F38_1 F38_2 F38_3 F39 F39_1 F39_2 F39_3 F40 F40_1 F40_2 F40_3 F41 F41_1 F41_2 F41_3 F42 F42_1 F42_2 F42_3 F43 F43_1 F43_2 F43_3 F44 F44_1 F44_2 F44_3 F45 F45_1 F45_2 F45_3 F46 F46_1 F46_2 F46_3 Nσ  :=
N0 0.0000 19.2354 31.6228 19.6469 25.2982 15.5242 17.1172 18.0278 45.0444 36.0555 42.9418 37.7359 32.3883 42.4264 36.0555 39.0512 37.2022 45.1774 47.1699 40.6079 21.0950 38.0789 33.5410 39.2938 51.0784 47.4342 0.0000 0.0000 0.0000 0.0000 33.0606 33.0606 33.0606 33.0606 50.2494 50.2494 50.2494 50.2494 32.6497 32.6497 32.6497 32.6497 48.6004 48.6004 48.6004 48.6004 31.0483 31.0483 31.0483 31.0483 46.0109 46.0109 46.0109 46.0109 34.4819 34.4819 34.4819 34.4819 48.8365 48.8365 48.8365 48.8365 23.4094 23.4094 23.4094 23.4094 39.4588 39.4588 39.4588 39.4588 33.0151 33.0151 33.0151 33.0151 46.5725 46.5725 46.5725 46.5725 19.1050 19.1050 19.1050 19.1050 38.8973 38.8973 38.8973 38.8973 19.0263 19.0263 19.0263 19.0263 39.8121 39.8121 39.8121 39.8121 38.0789 38.0789 38.0789 38.0789 42.6380 42.6380 42.6380 42.6380 38.4708 38.4708 38.4708 38.4708 50.3587 50.3587 50.3587 50.3587 0.0000
C1 19.2354 0.0000 28.4605 38.0526 29.1548 29.2062 26.2488 13.6015 26.0192 51.8652 29.8329 53.7587 32.2025 29.1548 20.2485 53.7122 55.0091 26.9258 30.4138 58.1808 31.8904 56.9210 21.0950 45.4533 50.0100 48.1664 19.2354 19.2354 19.2354 19.2354 41.6773 41.6773 41.6773 41.6773 58.1808 58.1808 58.1808 58.1808 51.2640 51.2640 51.2640 51.2640 66.2420 66.2420 66.2420 66.2420 49.2544 49.2544 49.2544 49.2544 65.0308 65.0308 65.0308 65.0308 50.9608 50.9608 50.9608 50.9608 61.5873 61.5873 61.5873 61.5873 33.0151 33.0151 33.0151 33.0151 43.8292 43.8292 43.8292 43.8292 24.0000 24.0000 24.0000 24.0000 42.5793 42.5793 42.5793 42.5793 12.5300 12.5300 12.5300 12.5300 20.1246 20.1246 20.1246 20.1246 2.0000 2.0000 2.0000 2.0000 22.8254 22.8254 22.8254 22.8254 26.0768 26.0768 26.0768 26.0768 36.8782 36.8782 36.8782 36.8782 37.0135 37.0135 37.0135 37.0135 54.5711 54.5711 54.5711 54.5711 19.2354
C2 31.6228 28.4605 0.0000 38.2884 54.0370 47.1275 47.6760 40.3113 44.8219 41.2311 57.3062 43.1741 5.3852 20.0000 22.3607 40.3113 65.6049 48.7955 30.4138 69.2026 52.3927 63.6396 49.2443 21.5407 77.6466 75.1665 31.6228 31.6228 31.6228 31.6228 64.1327 64.1327 64.1327 64.1327 81.3941 81.3941 81.3941 81.3941 59.5483 59.5483 59.5483 59.5483 76.6942 76.6942 76.6942 76.6942 45.6508 45.6508 45.6508 45.6508 63.0635 63.0635 63.0635 63.0635 42.0595 42.0595 42.0595 42.0595 43.4166 43.4166 43.4166 43.4166 19.6977 19.6977 19.6977 19.6977 18.3576 18.3576 18.3576 18.3576 9.4868 9.4868 9.4868 9.4868 15.1327 15.1327 15.1327 15.1327 16.2788 16.2788 16.2788 16.2788 32.4500 32.4500 32.4500 32.4500 30.3645 30.3645 30.3645 30.3645 47.8017 47.8017 47.8017 47.8017 54.1295 54.1295 54.1295 54.1295 65.2534 65.2534 65.2534 65.2534 64.4981 64.4981 64.4981 64.4981 80.0999 80.0999 80.0999 80.0999 31.6228
C3 19.6469 38.0526 38.2884 0.0000 39.6232 25.0000 30.4138 37.1618 64.0703 18.6011 62.2415 19.8494 36.1248 55.0091 51.2445 22.8254 29.1548 64.6297 62.2977 32.6956 31.0644 25.6125 52.9245 34.2053 65.0000 60.4649 19.6469 19.6469 19.6469 19.6469 41.6293 41.6293 41.6293 41.6293 56.7539 56.7539 56.7539 56.7539 22.3607 22.3607 22.3607 22.3607 39.4462 39.4462 39.4462 39.4462 11.4018 11.4018 11.4018 11.4018 27.2947 27.2947 27.2947 27.2947 16.2788 16.2788 16.2788 16.2788 34.0147 34.0147 34.0147 34.0147 20.2485 20.2485 20.2485 20.2485 36.4005 36.4005 36.4005 36.4005 43.9090 43.9090 43.9090 43.9090 50.6063 50.6063 50.6063 50.6063 33.2415 33.2415 33.2415 33.2415 56.4358 56.4358 56.4358 56.4358 38.2099 38.2099 38.2099 38.2099 59.4390 59.4390 59.4390 59.4390 57.2713 57.2713 57.2713 57.2713 59.6657 59.6657 59.6657 59.6657 53.7587 53.7587 53.7587 53.7587 60.4152 60.4152 60.4152 60.4152 19.6469
C4 25.2982 29.1548 54.0370 39.6232 0.0000 15.0000 9.2195 15.6525 45.2217 58.1378 30.2655 59.4643 56.0803 58.3095 49.1935 62.0081 38.0526 42.0595 58.5235 40.0125 10.4403 43.9318 23.7697 64.5600 25.9422 22.1359 25.2982 25.2982 25.2982 25.2982 13.4536 13.4536 13.4536 13.4536 29.0689 29.0689 29.0689 29.0689 38.0789 38.0789 38.0789 38.0789 47.2652 47.2652 47.2652 47.2652 49.6790 49.6790 49.6790 49.6790 59.5063 59.5063 59.5063 59.5063 55.9017 55.9017 55.9017 55.9017 72.6705 72.6705 72.6705 72.6705 48.7032 48.7032 48.7032 48.7032 64.5368 64.5368 64.5368 64.5368 52.1728 52.1728 52.1728 52.1728 69.1158 69.1158 69.1158 69.1158 38.3275 38.3275 38.3275 38.3275 46.2277 46.2277 46.2277 46.2277 27.3130 27.3130 27.3130 27.3130 34.8855 34.8855 34.8855 34.8855 25.4951 25.4951 25.4951 25.4951 21.0238 21.0238 21.0238 21.0238 14.1421 14.1421 14.1421 14.1421 26.0768 26.0768 26.0768 26.0768 25.2982
C5 15.5242 29.2062 47.1275 25.0000 15.0000 0.0000 6.3246 19.6469 51.8652 43.6005 42.2966 44.8219 47.8539 56.4004 48.7955 47.7074 26.9258 50.2195 59.4643 29.7321 6.3246 31.0000 34.0000 53.3385 40.0000 35.5106 15.5242 15.5242 15.5242 15.5242 18.1108 18.1108 18.1108 18.1108 35.0143 35.0143 35.0143 35.0143 25.0000 25.0000 25.0000 25.0000 37.6962 37.6962 37.6962 37.6962 34.7131 34.7131 34.7131 34.7131 44.9444 44.9444 44.9444 44.9444 41.2311 41.2311 41.2311 41.2311 58.6686 58.6686 58.6686 58.6686 37.2156 37.2156 37.2156 37.2156 54.0370 54.0370 54.0370 54.0370 47.8853 47.8853 47.8853 47.8853 62.0967 62.0967 62.0967 62.0967 33.6155 33.6155 33.6155 33.6155 49.0918 49.0918 49.0918 49.0918 28.0179 28.0179 28.0179 28.0179 43.5660 43.5660 43.5660 43.5660 37.2156 37.2156 37.2156 37.2156 35.8469 35.8469 35.8469 35.8469 29.0689 29.0689 29.0689 29.0689 36.4005 36.4005 36.4005 36.4005 15.5242
C6 17.1172 26.2488 47.6760 30.4138 9.2195 6.3246 0.0000 14.7648 47.0106 48.9183 36.1248 50.2494 49.0918 54.7083 46.4004 52.8015 32.3883 44.9222 56.6392 34.9285 5.6569 37.0540 28.0713 56.2939 34.9857 30.8707 17.1172 17.1172 17.1172 17.1172 16.4924 16.4924 16.4924 16.4924 33.7343 33.7343 33.7343 33.7343 31.0644 31.0644 31.0644 31.0644 42.7200 42.7200 42.7200 42.7200 40.6079 40.6079 40.6079 40.6079 51.2640 51.2640 51.2640 51.2640 46.6905 46.6905 46.6905 46.6905 63.5138 63.5138 63.5138 63.5138 40.2616 40.2616 40.2616 40.2616 56.5685 56.5685 56.5685 56.5685 47.1699 47.1699 47.1699 47.1699 62.8013 62.8013 62.8013 62.8013 32.8938 32.8938 32.8938 32.8938 45.4533 45.4533 45.4533 45.4533 24.7588 24.7588 24.7588 24.7588 38.0789 38.0789 38.0789 38.0789 31.0644 31.0644 31.0644 31.0644 29.6816 29.6816 29.6816 29.6816 23.3452 23.3452 23.3452 23.3452 33.2415 33.2415 33.2415 33.2415 17.1172
C7 18.0278 13.6015 40.3113 37.1618 15.6525 19.6469 14.7648 0.0000 32.3110 54.0833 25.0799 55.7584 43.1741 42.7200 33.5410 57.0088 46.5725 30.5941 43.0116 49.3356 20.2485 50.2494 15.8114 54.1202 37.3363 35.0000 18.0278 18.0278 18.0278 18.0278 28.6007 28.6007 28.6007 28.6007 44.7214 44.7214 44.7214 44.7214 44.2832 44.2832 44.2832 44.2832 57.2451 57.2451 57.2451 57.2451 48.4665 48.4665 48.4665 48.4665 61.9839 61.9839 61.9839 61.9839 52.4786 52.4786 52.4786 52.4786 66.4831 66.4831 66.4831 66.4831 39.4081 39.4081 39.4081 39.4081 53.3104 53.3104 53.3104 53.3104 37.2156 37.2156 37.2156 37.2156 55.0818 55.0818 55.0818 55.0818 24.0832 24.0832 24.0832 24.0832 31.1127 31.1127 31.1127 31.1127 11.7047 11.7047 11.7047 11.7047 24.0832 24.0832 24.0832 24.0832 20.1246 20.1246 20.1246 20.1246 25.9422 25.9422 25.9422 25.9422 24.1868 24.1868 24.1868 24.1868 41.0000 41.0000 41.0000 41.0000 18.0278
C8 45.0444 26.0192 44.8219 64.0703 45.2217 51.8652 47.0106 32.3110 0.0000 77.1298 23.0868 79.0759 50.0000 31.7648 23.4307 78.4474 78.7464 6.0000 23.5372 81.5966 52.3259 81.7863 22.6716 65.7343 55.0091 55.7584 45.0444 45.0444 45.0444 45.0444 58.6003 58.6003 58.6003 58.6003 72.1388 72.1388 72.1388 72.1388 75.9276 75.9276 75.9276 75.9276 89.5377 89.5377 89.5377 89.5377 75.2396 75.2396 75.2396 75.2396 91.0055 91.0055 91.0055 91.0055 76.4853 76.4853 76.4853 76.4853 85.0882 85.0882 85.0882 85.0882 56.6480 56.6480 56.6480 56.6480 63.0079 63.0079 63.0079 63.0079 36.0694 36.0694 36.0694 36.0694 54.2033 54.2033 54.2033 54.2033 34.1760 34.1760 34.1760 34.1760 12.8062 12.8062 12.8062 12.8062 26.0192 26.0192 26.0192 26.0192 11.6619 11.6619 11.6619 11.6619 24.1868 24.1868 24.1868 24.1868 39.3573 39.3573 39.3573 39.3573 45.0000 45.0000 45.0000 45.0000 65.0000 65.0000 65.0000 65.0000 45.0444
C9 36.0555 51.8652 41.2311 18.6011 58.1378 43.6005 48.9183 54.0833 77.1298 0.0000 78.8923 2.0000 37.0000 60.8276 60.0000 5.0000 42.0000 78.7464 70.1783 45.0444 49.6488 35.3553 69.4622 26.9072 83.6002 79.0569 36.0555 36.0555 36.0555 36.0555 59.9416 59.9416 59.9416 59.9416 74.3303 74.3303 74.3303 74.3303 35.0143 35.0143 35.0143 35.0143 49.8197 49.8197 49.8197 49.8197 12.0000 12.0000 12.0000 12.0000 24.8395 24.8395 24.8395 24.8395 3.0000 3.0000 3.0000 3.0000 16.2788 16.2788 16.2788 16.2788 22.0907 22.0907 22.0907 22.0907 30.6105 30.6105 30.6105 30.6105 49.4975 49.4975 49.4975 49.4975 48.8774 48.8774 48.8774 48.8774 43.4166 43.4166 43.4166 43.4166 67.4759 67.4759 67.4759 67.4759 52.5547 52.5547 52.5547 52.5547 74.4648 74.4648 74.4648 74.4648 74.0945 74.0945 74.0945 74.0945 77.8332 77.8332 77.8332 77.8332 72.2496 72.2496 72.2496 72.2496 78.7147 78.7147 78.7147 78.7147 36.0555
C10 42.9418 29.8329 57.3062 62.2415 30.2655 42.2966 36.1248 25.0799 23.0868 78.8923 0.0000 80.6226 61.5873 50.6360 40.7922 81.5414 68.0294 17.4642 45.0444 70.1783 40.0125 73.1710 9.4340 75.2861 32.4500 33.9706 42.9418 42.9418 42.9418 42.9418 42.0595 42.0595 42.0595 42.0595 52.4309 52.4309 52.4309 52.4309 67.1863 67.1863 67.1863 67.1863 77.5242 77.5242 77.5242 77.5242 73.5391 73.5391 73.5391 73.5391 86.5852 86.5852 86.5852 86.5852 77.4145 77.4145 77.4145 77.4145 90.4268 90.4268 90.4268 90.4268 62.2896 62.2896 62.2896 62.2896 73.6003 73.6003 73.6003 73.6003 50.6952 50.6952 50.6952 50.6952 70.0071 70.0071 70.0071 70.0071 42.2019 42.2019 42.2019 42.2019 32.0156 32.0156 32.0156 32.0156 28.3196 28.3196 28.3196 28.3196 12.0416 12.0416 12.0416 12.0416 5.0990 5.0990 5.0990 5.0990 17.0294 17.0294 17.0294 17.0294 24.4131 24.4131 24.4131 24.4131 43.8634 43.8634 43.8634 43.8634 42.9418
C11 37.7359 53.7587 43.1741 19.8494 59.4643 44.8219 50.2494 55.7584 79.0759 2.0000 80.6226 0.0000 38.8973 62.8013 62.0000 5.3852 42.0476 80.6536 72.1734 45.0000 50.8035 35.1283 71.1969 28.4253 84.8116 80.2122 37.7359 37.7359 37.7359 37.7359 60.9016 60.9016 60.9016 60.9016 75.0267 75.0267 75.0267 75.0267 35.1283 35.1283 35.1283 35.1283 49.4975 49.4975 49.4975 49.4975 12.1655 12.1655 12.1655 12.1655 23.6008 23.6008 23.6008 23.6008 3.6056 3.6056 3.6056 3.6056 16.0312 16.0312 16.0312 16.0312 24.0832 24.0832 24.0832 24.0832 32.2025 32.2025 32.2025 32.2025 51.4782 51.4782 51.4782 51.4782 50.6063 50.6063 50.6063 50.6063 45.3982 45.3982 45.3982 45.3982 69.4622 69.4622 69.4622 69.4622 54.4243 54.4243 54.4243 54.4243 76.3217 76.3217 76.3217 76.3217 75.8024 75.8024 75.8024 75.8024 79.3095 79.3095 79.3095 79.3095 73.5935 73.5935 73.5935 73.5935 79.6492 79.6492 79.6492 79.6492 37.7359
C12 32.3883 32.2025 5.3852 36.1248 56.0803 47.8539 49.0918 43.1741 50.0000 37.0000 61.5873 38.8973 0.0000 25.0799 27.7308 35.6931 64.3506 53.8145 35.6931 67.9559 53.4603 61.7171 53.2353 16.1555 80.4114 77.6466 32.3883 32.3883 32.3883 32.3883 65.3758 65.3758 65.3758 65.3758 82.6075 82.6075 82.6075 82.6075 58.0086 58.0086 58.0086 58.0086 75.2130 75.2130 75.2130 75.2130 42.4382 42.4382 42.4382 42.4382 59.6825 59.6825 59.6825 59.6825 38.0789 38.0789 38.0789 38.0789 38.2099 38.2099 38.2099 38.2099 16.4012 16.4012 16.4012 16.4012 13.0384 13.0384 13.0384 13.0384 14.8661 14.8661 14.8661 14.8661 14.7648 14.7648 14.7648 14.7648 19.6977 19.6977 19.6977 19.6977 37.7359 37.7359 37.7359 37.7359 34.0147 34.0147 34.0147 34.0147 52.4976 52.4976 52.4976 52.4976 58.1808 58.1808 58.1808 58.1808 68.6222 68.6222 68.6222 68.6222 67.2681 67.2681 67.2681 67.2681 82.0061 82.0061 82.0061 82.0061 32.3883
C13 42.4264 29.1548 20.0000 55.0091 58.3095 56.4004 54.7083 42.7200 31.7648 60.8276 50.6360 62.8013 25.0799 0.0000 10.0000 60.2080 79.3977 37.1618 11.1803 82.8794 60.2080 79.0569 45.0000 40.7922 77.6466 76.4853 42.4264 42.4264 42.4264 42.4264 70.6612 70.6612 70.6612 70.6612 87.3212 87.3212 87.3212 87.3212 74.2024 74.2024 74.2024 74.2024 90.7855 90.7855 90.7855 90.7855 63.9062 63.9062 63.9062 63.9062 81.3449 81.3449 81.3449 81.3449 61.3922 61.3922 61.3922 61.3922 63.2851 63.2851 63.2851 63.2851 38.8330 38.8330 38.8330 38.8330 37.1080 37.1080 37.1080 37.1080 11.4018 11.4018 11.4018 11.4018 23.4307 23.4307 23.4307 23.4307 23.3452 23.3452 23.3452 23.3452 19.3132 19.3132 19.3132 19.3132 31.0161 31.0161 31.0161 31.0161 39.0512 39.0512 39.0512 39.0512 49.0918 49.0918 49.0918 49.0918 63.0714 63.0714 63.0714 63.0714 65.1153 65.1153 65.1153 65.1153 83.5225 83.5225 83.5225 83.5225 42.4264
C14 36.0555 20.2485 22.3607 51.2445 49.1935 48.7955 46.4004 33.5410 23.4307 60.0000 40.7922 62.0000 27.7308 10.0000 0.0000 60.2080 73.2393 28.3019 11.1803 76.6094 52.0096 73.8241 35.0000 43.8634 67.7422 66.7083 36.0555 36.0555 36.0555 36.0555 61.9112 61.9112 61.9112 61.9112 78.2624 78.2624 78.2624 78.2624 68.6003 68.6003 68.6003 68.6003 84.6286 84.6286 84.6286 84.6286 61.1882 61.1882 61.1882 61.1882 78.3390 78.3390 78.3390 78.3390 60.0750 60.0750 60.0750 60.0750 65.0000 65.0000 65.0000 65.0000 38.0526 38.0526 38.0526 38.0526 40.7063 40.7063 40.7063 40.7063 13.0384 13.0384 13.0384 13.0384 30.8058 30.8058 30.8058 30.8058 18.0278 18.0278 18.0278 18.0278 10.6301 10.6301 10.6301 10.6301 21.9545 21.9545 21.9545 21.9545 29.4109 29.4109 29.4109 29.4109 39.1152 39.1152 39.1152 39.1152 53.0848 53.0848 53.0848 53.0848 55.3173 55.3173 55.3173 55.3173 74.0000 74.0000 74.0000 74.0000 36.0555
C15 39.0512 53.7122 40.3113 22.8254 62.0081 47.7074 52.8015 57.0088 78.4474 5.0000 81.5414 5.3852 35.6931 60.2080 60.2080 0.0000 47.0000 80.4114 70.0000 50.0400 53.8516 40.3113 72.1110 23.8537 87.6584 83.2166 39.0512 39.0512 39.0512 39.0512 64.4050 64.4050 64.4050 64.4050 79.0569 79.0569 79.0569 79.0569 40.0125 40.0125 40.0125 40.0125 54.7449 54.7449 54.7449 54.7449 17.0000 17.0000 17.0000 17.0000 28.8444 28.8444 28.8444 28.8444 8.0000 8.0000 8.0000 8.0000 11.4018 11.4018 11.4018 11.4018 22.2036 22.2036 22.2036 22.2036 27.7849 27.7849 27.7849 27.7849 49.0408 49.0408 49.0408 49.0408 46.5188 46.5188 46.5188 46.5188 44.3847 44.3847 44.3847 44.3847 68.2495 68.2495 68.2495 68.2495 54.5619 54.5619 54.5619 54.5619 76.4853 76.4853 76.4853 76.4853 76.8440 76.8440 76.8440 76.8440 81.3204 81.3204 81.3204 81.3204 76.0592 76.0592 76.0592 76.0592 83.1925 83.1925 83.1925 83.1925 39.0512
C16 37.2022 55.0091 65.6049 29.1548 38.0526 26.9258 32.3883 46.5725 78.7464 42.0000 68.0294 42.0476 64.3506 79.3977 73.2393 47.0000 0.0000 77.1298 84.3149 3.6056 28.0179 8.6023 60.4070 63.2456 55.9017 50.5371 37.2022 37.2022 37.2022 37.2022 30.0832 30.0832 30.0832 30.0832 37.5366 37.5366 37.5366 37.5366 7.0711 7.0711 7.0711 7.0711 11.4018 11.4018 11.4018 11.4018 30.0000 30.0000 30.0000 30.0000 28.0179 28.0179 28.0179 28.0179 39.0000 39.0000 39.0000 39.0000 58.0775 58.0775 58.0775 58.0775 49.1935 49.1935 49.1935 49.1935 65.5515 65.5515 65.5515 65.5515 69.2965 69.2965 69.2965 69.2965 79.0759 79.0759 79.0759 79.0759 56.0803 56.0803 56.0803 56.0803 75.1332 75.1332 75.1332 75.1332 54.1295 54.1295 54.1295 54.1295 70.4060 70.4060 70.4060 70.4060 63.0714 63.0714 63.0714 63.0714 58.0517 58.0517 58.0517 58.0517 49.4773 49.4773 49.4773 49.4773 45.6070 45.6070 45.6070 45.6070 37.2022
C17 45.1774 26.9258 48.7955 64.6297 42.0595 50.2195 44.9222 30.5941 6.0000 78.7464 17.4642 80.6536 53.8145 37.1618 28.3019 80.4114 77.1298 0.0000 29.4279 79.8123 49.9800 80.7527 18.6011 69.2026 49.7393 50.8035 45.1774 45.1774 45.1774 45.1774 55.2268 55.2268 55.2268 55.2268 67.9412 67.9412 67.9412 67.9412 74.8131 74.8131 74.8131 74.8131 87.6413 87.6413 87.6413 87.6413 75.9539 75.9539 75.9539 75.9539 91.1373 91.1373 91.1373 91.1373 77.8845 77.8845 77.8845 77.8845 87.6584 87.6584 87.6584 87.6584 59.0339 59.0339 59.0339 59.0339 66.7083 66.7083 66.7083 66.7083 40.4599 40.4599 40.4599 40.4599 59.0762 59.0762 59.0762 59.0762 36.7151 36.7151 36.7151 36.7151 17.8885 17.8885 17.8885 17.8885 26.4764 26.4764 26.4764 26.4764 7.2111 7.2111 7.2111 7.2111 19.2094 19.2094 19.2094 19.2094 34.1321 34.1321 34.1321 34.1321 40.3609 40.3609 40.3609 40.3609 60.3075 60.3075 60.3075 60.3075 45.1774
C18 47.1699 30.4138 30.4138 62.2977 58.5235 59.4643 56.6392 43.0116 23.5372 70.1783 45.0444 72.1734 35.6931 11.1803 11.1803 70.0000 84.3149 29.4279 0.0000 87.6584 62.2896 85.0000 41.2311 51.6624 74.7262 74.3303 47.1699 47.1699 47.1699 47.1699 71.6101 71.6101 71.6101 71.6101 87.4643 87.4643 87.4643 87.4643 79.7559 79.7559 79.7559 79.7559 95.6922 95.6922 95.6922 95.6922 72.0347 72.0347 72.0347 72.0347 89.2861 89.2861 89.2861 89.2861 70.4557 70.4557 70.4557 70.4557 73.8241 73.8241 73.8241 73.8241 48.0937 48.0937 48.0937 48.0937 48.0833 48.0833 48.0833 48.0833 21.0950 21.0950 21.0950 21.0950 34.4093 34.4093 34.4093 34.4093 29.1548 29.1548 29.1548 29.1548 13.3417 13.3417 13.3417 13.3417 31.8904 31.8904 31.8904 31.8904 33.0151 33.0151 33.0151 33.0151 44.5533 44.5533 44.5533 44.5533 59.4390 59.4390 59.4390 59.4390 62.9682 62.9682 62.9682 62.9682 82.3468 82.3468 82.3468 82.3468 47.1699
C19 40.6079 58.1808 69.2026 32.6956 40.0125 29.7321 34.9285 49.3356 81.5966 45.0444 70.1783 45.0000 67.9559 82.8794 76.6094 50.0400 3.6056 79.8123 87.6584 0.0000 30.2655 10.4403 62.8013 66.7308 56.4624 51.0784 40.6079 40.6079 40.6079 40.6079 31.0483 31.0483 31.0483 31.0483 36.7967 36.7967 36.7967 36.7967 10.4403 10.4403 10.4403 10.4403 8.0623 8.0623 8.0623 8.0623 33.0606 33.0606 33.0606 33.0606 29.5296 29.5296 29.5296 29.5296 42.0476 42.0476 42.0476 42.0476 61.0082 61.0082 61.0082 61.0082 52.7731 52.7731 52.7731 52.7731 69.0797 69.0797 69.0797 69.0797 72.8354 72.8354 72.8354 72.8354 82.6801 82.6801 82.6801 82.6801 59.5483 59.5483 59.5483 59.5483 78.2943 78.2943 78.2943 78.2943 57.2451 57.2451 57.2451 57.2451 73.0068 73.0068 73.0068 73.0068 65.2763 65.2763 65.2763 65.2763 59.5399 59.5399 59.5399 59.5399 50.8035 50.8035 50.8035 50.8035 45.4863 45.4863 45.4863 45.4863 40.6079
C20 21.0950 31.8904 52.3927 31.0644 10.4403 6.3246 5.6569 20.2485 52.3259 49.6488 40.0125 50.8035 53.4603 60.2080 52.0096 53.8516 28.0179 49.9800 62.2896 30.2655 0.0000 33.5410 32.5576 59.5399 34.0588 29.4109 21.0950 21.0950 21.0950 21.0950 12.0000 12.0000 12.0000 12.0000 29.1548 29.1548 29.1548 29.1548 27.6586 27.6586 27.6586 27.6586 37.8550 37.8550 37.8550 37.8550 40.3113 40.3113 40.3113 40.3113 49.1935 49.1935 49.1935 49.1935 47.2017 47.2017 47.2017 47.2017 64.8845 64.8845 64.8845 64.8845 43.4166 43.4166 43.4166 43.4166 60.1332 60.1332 60.1332 60.1332 52.3927 52.3927 52.3927 52.3927 67.4685 67.4685 67.4685 67.4685 38.0789 38.0789 38.0789 38.0789 51.0882 51.0882 51.0882 51.0882 30.4138 30.4138 30.4138 30.4138 43.0116 43.0116 43.0116 43.0116 35.0571 35.0571 35.0571 35.0571 31.3847 31.3847 31.3847 31.3847 23.8537 23.8537 23.8537 23.8537 30.0832 30.0832 30.0832 30.0832 21.0950
C21 38.0789 56.9210 63.6396 25.6125 43.9318 31.0000 37.0540 50.2494 81.7863 35.3553 73.1710 35.1283 61.7171 79.0569 73.8241 40.3113 8.6023 80.7527 85.0000 10.4403 33.5410 0.0000 65.0000 58.6003 63.6318 58.3095 38.0789 38.0789 38.0789 38.0789 37.5899 37.5899 37.5899 37.5899 46.0977 46.0977 46.0977 46.0977 6.0000 6.0000 6.0000 6.0000 14.5602 14.5602 14.5602 14.5602 23.5372 23.5372 23.5372 23.5372 19.4165 19.4165 19.4165 19.4165 32.3883 32.3883 32.3883 32.3883 51.0392 51.0392 51.0392 51.0392 45.8039 45.8039 45.8039 45.8039 61.2944 61.2944 61.2944 61.2944 68.4105 68.4105 68.4105 68.4105 76.2168 76.2168 76.2168 76.2168 56.0803 56.0803 56.0803 56.0803 76.8960 76.8960 76.8960 76.8960 56.3205 56.3205 56.3205 56.3205 74.3303 74.3303 74.3303 74.3303 68.1175 68.1175 68.1175 68.1175 64.5600 64.5600 64.5600 64.5600 56.3028 56.3028 56.3028 56.3028 53.9073 53.9073 53.9073 53.9073 38.0789
C22 33.5410 21.0950 49.2443 52.9245 23.7697 34.0000 28.0713 15.8114 22.6716 69.4622 9.4340 71.1969 53.2353 45.0000 35.0000 72.1110 60.4070 18.6011 41.2311 62.8013 32.5576 65.0000 0.0000 66.4003 33.5261 33.5410 33.5410 33.5410 33.5410 33.5410 36.7151 36.7151 36.7151 36.7151 49.4975 49.4975 49.4975 49.4975 59.0000 59.0000 59.0000 59.0000 70.4060 70.4060 70.4060 70.4060 64.2573 64.2573 64.2573 64.2573 77.6660 77.6660 77.6660 77.6660 68.0000 68.0000 68.0000 68.0000 81.0555 81.0555 81.0555 81.0555 53.0377 53.0377 53.0377 53.0377 64.8999 64.8999 64.8999 64.8999 43.4166 43.4166 43.4166 43.4166 62.6418 62.6418 62.6418 62.6418 33.6155 33.6155 33.6155 33.6155 27.8927 27.8927 27.8927 27.8927 19.4165 19.4165 19.4165 19.4165 11.4018 11.4018 11.4018 11.4018 5.0000 5.0000 5.0000 5.0000 18.2483 18.2483 18.2483 18.2483 22.4722 22.4722 22.4722 22.4722 42.4382 42.4382 42.4382 42.4382 33.5410
C23 39.2938 45.4533 21.5407 34.2053 64.5600 53.3385 56.2939 54.1202 65.7343 26.9072 75.2861 28.4253 16.1555 40.7922 43.8634 23.8537 63.2456 69.2026 51.6624 66.7308 59.5399 58.6003 66.4003 0.0000 90.1388 86.6833 39.2938 39.2938 39.2938 39.2938 71.4493 71.4493 71.4493 71.4493 88.1419 88.1419 88.1419 88.1419 56.3028 56.3028 56.3028 56.3028 73.0068 73.0068 73.0068 73.0068 36.0555 36.0555 36.0555 36.0555 51.6236 51.6236 51.6236 51.6236 29.0000 29.0000 29.0000 29.0000 23.0868 23.0868 23.0868 23.0868 16.1245 16.1245 16.1245 16.1245 4.1231 4.1231 4.1231 4.1231 31.0161 31.0161 31.0161 31.0161 23.0868 23.0868 23.0868 23.0868 33.2415 33.2415 33.2415 33.2415 53.7122 53.7122 53.7122 53.7122 47.0106 47.0106 47.0106 47.0106 67.2086 67.2086 67.2086 67.2086 71.4003 71.4003 71.4003 71.4003 80.0625 80.0625 80.0625 80.0625 77.2528 77.2528 77.2528 77.2528 89.4427 89.4427 89.4427 89.4427 39.2938
C24 51.0784 50.0100 77.6466 65.0000 25.9422 40.0000 34.9857 37.3363 55.0091 83.6002 32.4500 84.8116 80.4114 77.6466 67.7422 87.6584 55.9017 49.7393 74.7262 56.4624 34.0588 63.6318 33.5261 90.1388 0.0000 5.3852 51.0784 51.0784 51.0784 51.0784 26.0768 26.0768 26.0768 26.0768 25.1794 25.1794 25.1794 25.1794 58.5235 58.5235 58.5235 58.5235 61.6847 61.6847 61.6847 61.6847 74.3303 74.3303 74.3303 74.3303 81.6088 81.6088 81.6088 81.6088 81.2158 81.2158 81.2158 81.2158 98.4784 98.4784 98.4784 98.4784 74.4648 74.4648 74.4648 74.4648 89.8443 89.8443 89.8443 89.8443 74.0068 74.0068 74.0068 74.0068 92.3472 92.3472 92.3472 92.3472 61.4003 61.4003 61.4003 61.4003 61.4003 61.4003 61.4003 61.4003 48.0104 48.0104 48.0104 48.0104 43.3820 43.3820 43.3820 43.3820 30.8707 30.8707 30.8707 30.8707 15.6525 15.6525 15.6525 15.6525 13.1529 13.1529 13.1529 13.1529 14.3178 14.3178 14.3178 14.3178 51.0784
C25 47.4342 48.1664 75.1665 60.4649 22.1359 35.5106 30.8707 35.0000 55.7584 79.0569 33.9706 80.2122 77.6466 76.4853 66.7083 83.2166 50.5371 50.8035 74.3303 51.0784 29.4109 58.3095 33.5410 86.6833 5.3852 0.0000 47.4342 47.4342 47.4342 47.4342 20.8087 20.8087 20.8087 20.8087 20.6155 20.6155 20.6155 20.6155 53.2541 53.2541 53.2541 53.2541 56.3205 56.3205 56.3205 56.3205 69.5270 69.5270 69.5270 69.5270 76.4003 76.4003 76.4003 76.4003 76.6094 76.6094 76.6094 76.6094 94.1541 94.1541 94.1541 94.1541 70.8378 70.8378 70.8378 70.8378 86.5852 86.5852 86.5852 86.5852 72.1110 72.1110 72.1110 72.1110 90.0500 90.0500 90.0500 90.0500 59.0339 59.0339 59.0339 59.0339 61.0983 61.0983 61.0983 61.0983 46.1736 46.1736 46.1736 46.1736 44.1022 44.1022 44.1022 44.1022 31.6228 31.6228 31.6228 31.6228 16.9706 16.9706 16.9706 16.9706 11.4018 11.4018 11.4018 11.4018 10.2956 10.2956 10.2956 10.2956 47.4342
F26 0.0000 19.2354 31.6228 19.6469 25.2982 15.5242 17.1172 18.0278 45.0444 36.0555 42.9418 37.7359 32.3883 42.4264 36.0555 39.0512 37.2022 45.1774 47.1699 40.6079 21.0950 38.0789 33.5410 39.2938 51.0784 47.4342 0.0000 0.0000 0.0000 0.0000 33.0606 33.0606 33.0606 33.0606 50.2494 50.2494 50.2494 50.2494 32.6497 32.6497 32.6497 32.6497 48.6004 48.6004 48.6004 48.6004 31.0483 31.0483 31.0483 31.0483 46.0109 46.0109 46.0109 46.0109 34.4819 34.4819 34.4819 34.4819 48.8365 48.8365 48.8365 48.8365 23.4094 23.4094 23.4094 23.4094 39.4588 39.4588 39.4588 39.4588 33.0151 33.0151 33.0151 33.0151 46.5725 46.5725 46.5725 46.5725 19.1050 19.1050 19.1050 19.1050 38.8973 38.8973 38.8973 38.8973 19.0263 19.0263 19.0263 19.0263 39.8121 39.8121 39.8121 39.8121 38.0789 38.0789 38.0789 38.0789 42.6380 42.6380 42.6380 42.6380 38.4708 38.4708 38.4708 38.4708 50.3587 50.3587 50.3587 50.3587 0.0000
F26_1 0.0000 19.2354 31.6228 19.6469 25.2982 15.5242 17.1172 18.0278 45.0444 36.0555 42.9418 37.7359 32.3883 42.4264 36.0555 39.0512 37.2022 45.1774 47.1699 40.6079 21.0950 38.0789 33.5410 39.2938 51.0784 47.4342 0.0000 0.0000 0.0000 0.0000 33.0606 33.0606 33.0606 33.0606 50.2494 50.2494 50.2494 50.2494 32.6497 32.6497 32.6497 32.6497 48.6004 48.6004 48.6004 48.6004 31.0483 31.0483 31.0483 31.0483 46.0109 46.0109 46.0109 46.0109 34.4819 34.4819 34.4819 34.4819 48.8365 48.8365 48.8365 48.8365 23.4094 23.4094 23.4094 23.4094 39.4588 39.4588 39.4588 39.4588 33.0151 33.0151 33.0151 33.0151 46.5725 46.5725 46.5725 46.5725 19.1050 19.1050 19.1050 19.1050 38.8973 38.8973 38.8973 38.8973 19.0263 19.0263 19.0263 19.0263 39.8121 39.8121 39.8121 39.8121 38.0789 38.0789 38.0789 38.0789 42.6380 42.6380 42.6380 42.6380 38.4708 38.4708 38.4708 38.4708 50.3587 50.3587 50.3587 50.3587 0.0000
F26_2 0.0000 19.2354 31.6228 19.6469 25.2982 15.5242 17.1172 18.0278 45.0444 36.0555 42.9418 37.7359 32.3883 42.4264 36.0555 39.0512 37.2022 45.1774 47.1699 40.6079 21.0950 38.0789 33.5410 39.2938 51.0784 47.4342 0.0000 0.0000 0.0000 0.0000 33.0606 33.0606 33.0606 33.0606 50.2494 50.2494 50.2494 50.2494 32.6497 32.6497 32.6497 32.6497 48.6004 48.6004 48.6004 48.6004 31.0483 31.0483 31.0483 31.0483 46.0109 46.0109 46.0109 46.0109 34.4819 34.4819 34.4819 34.4819 48.8365 48.8365 48.8365 48.8365 23.4094 23.4094 23.4094 23.4094 39.4588 39.4588 39.4588 39.4588 33.0151 33.0151 33.0151 33.0151 46.5725 46.5725 46.5725 46.5725 19.1050 19.1050 19.1050 19.1050 38.8973 38.8973 38.8973 38.8973 19.0263 19.0263 19.0263 19.0263 39.8121 39.8121 39.8121 39.8121 38.0789 38.0789 38.0789 38.0789 42.6380 42.6380 42.6380 42.6380 38.4708 38.4708 38.4708 38.4708 50.3587 50.3587 50.3587 50.3587 0.0000
F26_3 0.0000 19.2354 31.6228 19.6469 25.2982 15.5242 17.1172 18.0278 45.0444 36.0555 42.9418 37.7359 32.3883 42.4264 36.0555 39.0512 37.2022 45.1774 47.1699 40.6079 21.0950 38.0789 33.5410 39.2938 51.0784 47.4342 0.0000 0.0000 0.0000 0.0000 33.0606 33.0606 33.0606 33.0606 50.2494 50.2494 50.2494 50.2494 32.6497 32.6497 32.6497 32.6497 48.6004 48.6004 48.6004 48.6004 31.0483 31.0483 31.0483 31.0483 46.0109 46.0109 46.0109 46.0109 34.4819 34.4819 34.4819 34.4819 48.8365 48.8365 48.8365 48.8365 23.4094 23.4094 23.4094 23.4094 39.4588 39.4588 39.4588 39.4588 33.0151 33.0151 33.0151 33.0151 46.5725 46.5725 46.5725 46.5725 19.1050 19.1050 19.1050 19.1050 38.8973 38.8973 38.8973 38.8973 19.0263 19.0263 19.0263 19.0263 39.8121 39.8121 39.8121 39.8121 38.0789 38.0789 38.0789 38.0789 42.6380 42.6380 42.6380 42.6380 38.4708 38.4708 38.4708 38.4708 50.3587 50.3587 50.3587 50.3587 0.0000
F27 33.0606 41.6773 64.1327 41.6293 13.4536 18.1108 16.4924 28.6007 58.6003 59.9416 42.0595 60.9016 65.3758 70.6612 61.9112 64.4050 30.0832 55.2268 71.6101 31.0483 12.0000 37.5899 36.7151 71.4493 26.0768 20.8087 33.0606 33.0606 33.0606 33.0606 0.0000 0.0000 0.0000 0.0000 17.2627 17.2627 17.2627 17.2627 32.4500 32.4500 32.4500 32.4500 37.2156 37.2156 37.2156 37.2156 49.6488 49.6488 49.6488 49.6488 55.6058 55.6058 55.6058 55.6058 57.3062 57.3062 57.3062 57.3062 75.6439 75.6439 75.6439 75.6439 55.3263 55.3263 55.3263 55.3263 72.1110 72.1110 72.1110 72.1110 63.5689 63.5689 63.5689 63.5689 79.2465 79.2465 79.2465 79.2465 49.3356 49.3356 49.3356 49.3356 59.5483 59.5483 59.5483 59.5483 39.9625 39.9625 39.9625 39.9625 48.0208 48.0208 48.0208 48.0208 37.6962 37.6962 37.6962 37.6962 29.0000 29.0000 29.0000 29.0000 20.0250 20.0250 20.0250 20.0250 18.7883 18.7883 18.7883 18.7883 33.0606
F27_1 33.0606 41.6773 64.1327 41.6293 13.4536 18.1108 16.4924 28.6007 58.6003 59.9416 42.0595 60.9016 65.3758 70.6612 61.9112 64.4050 30.0832 55.2268 71.6101 31.0483 12.0000 37.5899 36.7151 71.4493 26.0768 20.8087 33.0606 33.0606 33.0606 33.0606 0.0000 0.0000 0.0000 0.0000 17.2627 17.2627 17.2627 17.2627 32.4500 32.4500 32.4500 32.4500 37.2156 37.2156 37.2156 37.2156 49.6488 49.6488 49.6488 49.6488 55.6058 55.6058 55.6058 55.6058 57.3062 57.3062 57.3062 57.3062 75.6439 75.6439 75.6439 75.6439 55.3263 55.3263 55.3263 55.3263 72.1110 72.1110 72.1110 72.1110 63.5689 63.5689 63.5689 63.5689 79.2465 79.2465 79.2465 79.2465 49.3356 49.3356 49.3356 49.3356 59.5483 59.5483 59.5483 59.5483 39.9625 39.9625 39.9625 39.9625 48.0208 48.0208 48.0208 48.0208 37.6962 37.6962 37.6962 37.6962 29.0000 29.0000 29.0000 29.0000 20.0250 20.0250 20.0250 20.0250 18.7883 18.7883 18.7883 18.7883 33.0606
F27_2 33.0606 41.6773 64.1327 41.6293 13.4536 18.1108 16.4924 28.6007 58.6003 59.9416 42.0595 60.9016 65.3758 70.6612 61.9112 64.4050 30.0832 55.2268 71.6101 31.0483 12.0000 37.5899 36.7151 71.4493 26.0768 20.8087 33.0606 33.0606 33.0606 33.0606 0.0000 0.0000 0.0000 0.0000 17.2627 17.2627 17.2627 17.2627 32.4500 32.4500 32.4500 32.4500 37.2156 37.2156 37.2156 37.2156 49.6488 49.6488 49.6488 49.6488 55.6058 55.6058 55.6058 55.6058 57.3062 57.3062 57.3062 57.3062 75.6439 75.6439 75.6439 75.6439 55.3263 55.3263 55.3263 55.3263 72.1110 72.1110 72.1110 72.1110 63.5689 63.5689 63.5689 63.5689 79.2465 79.2465 79.2465 79.2465 49.3356 49.3356 49.3356 49.3356 59.5483 59.5483 59.5483 59.5483 39.9625 39.9625 39.9625 39.9625 48.0208 48.0208 48.0208 48.0208 37.6962 37.6962 37.6962 37.6962 29.0000 29.0000 29.0000 29.0000 20.0250 20.0250 20.0250 20.0250 18.7883 18.7883 18.7883 18.7883 33.0606
F27_3 33.0606 41.6773 64.1327 41.6293 13.4536 18.1108 16.4924 28.6007 58.6003 59.9416 42.0595 60.9016 65.3758 70.6612 61.9112 64.4050 30.0832 55.2268 71.6101 31.0483 12.0000 37.5899 36.7151 71.4493 26.0768 20.8087 33.0606 33.0606 33.0606 33.0606 0.0000 0.0000 0.0000 0.0000 17.2627 17.2627 17.2627 17.2627 32.4500 32.4500 32.4500 32.4500 37.2156 37.2156 37.2156 37.2156 49.6488 49.6488 49.6488 49.6488 55.6058 55.6058 55.6058 55.6058 57.3062 57.3062 57.3062 57.3062 75.6439 75.6439 75.6439 75.6439 55.3263 55.3263 55.3263 55.3263 72.1110 72.1110 72.1110 72.1110 63.5689 63.5689 63.5689 63.5689 79.2465 79.2465 79.2465 79.2465 49.3356 49.3356 49.3356 49.3356 59.5483 59.5483 59.5483 59.5483 39.9625 39.9625 39.9625 39.9625 48.0208 48.0208 48.0208 48.0208 37.6962 37.6962 37.6962 37.6962 29.0000 29.0000 29.0000 29.0000 20.0250 20.0250 20.0250 20.0250 18.7883 18.7883 18.7883 18.7883 33.0606
F28 50.2494 58.1808 81.3941 56.7539 29.0689 35.0143 33.7343 44.7214 72.1388 74.3303 52.4309 75.0267 82.6075 87.3212 78.2624 79.0569 37.5366 67.9412 87.4643 36.7967 29.1548 46.0977 49.4975 88.1419 25.1794 20.6155 50.2494 50.2494 50.2494 50.2494 17.2627 17.2627 17.2627 17.2627 0.0000 0.0000 0.0000 0.0000 42.4382 42.4382 42.4382 42.4382 39.9625 39.9625 39.9625 39.9625 63.1585 63.1585 63.1585 63.1585 65.4370 65.4370 65.4370 65.4370 71.5122 71.5122 71.5122 71.5122 90.4434 90.4434 90.4434 90.4434 72.0625 72.0625 72.0625 72.0625 89.0056 89.0056 89.0056 89.0056 80.6536 80.6536 80.6536 80.6536 96.5091 96.5091 96.5091 96.5091 66.4831 66.4831 66.4831 66.4831 74.8866 74.8866 74.8866 74.8866 56.3649 56.3649 56.3649 56.3649 60.8276 60.8276 60.8276 60.8276 49.0408 49.0408 49.0408 49.0408 36.2353 36.2353 36.2353 36.2353 28.0179 28.0179 28.0179 28.0179 11.0000 11.0000 11.0000 11.0000 50.2494
F28_1 50.2494 58.1808 81.3941 56.7539 29.0689 35.0143 33.7343 44.7214 72.1388 74.3303 52.4309 75.0267 82.6075 87.3212 78.2624 79.0569 37.5366 67.9412 87.4643 36.7967 29.1548 46.0977 49.4975 88.1419 25.1794 20.6155 50.2494 50.2494 50.2494 50.2494 17.2627 17.2627 17.2627 17.2627 0.0000 0.0000 0.0000 0.0000 42.4382 42.4382 42.4382 42.4382 39.9625 39.9625 39.9625 39.9625 63.1585 63.1585 63.1585 63.1585 65.4370 65.4370 65.4370 65.4370 71.5122 71.5122 71.5122 71.5122 90.4434 90.4434 90.4434 90.4434 72.0625 72.0625 72.0625 72.0625 89.0056 89.0056 89.0056 89.0056 80.6536 80.6536 80.6536 80.6536 96.5091 96.5091 96.5091 96.5091 66.4831 66.4831 66.4831 66.4831 74.8866 74.8866 74.8866 74.8866 56.3649 56.3649 56.3649 56.3649 60.8276 60.8276 60.8276 60.8276 49.0408 49.0408 49.0408 49.0408 36.2353 36.2353 36.2353 36.2353 28.0179 28.0179 28.0179 28.0179 11.0000 11.0000 11.0000 11.0000 50.2494
F28_2 50.2494 58.1808 81.3941 56.7539 29.0689 35.0143 33.7343 44.7214 72.1388 74.3303 52.4309 75.0267 82.6075 87.3212 78.2624 79.0569 37.5366 67.9412 87.4643 36.7967 29.1548 46.0977 49.4975 88.1419 25.1794 20.6155 50.2494 50.2494 50.2494 50.2494 17.2627 17.2627 17.2627 17.2627 0.0000 0.0000 0.0000 0.0000 42.4382 42.4382 42.4382 42.4382 39.9625 39.9625 39.9625 39.9625 63.1585 63.1585 63.1585 63.1585 65.4370 65.4370 65.4370 65.4370 71.5122 71.5122 71.5122 71.5122 90.4434 90.4434 90.4434 90.4434 72.0625 72.0625 72.0625 72.0625 89.0056 89.0056 89.0056 89.0056 80.6536 80.6536 80.6536 80.6536 96.5091 96.5091 96.5091 96.5091 66.4831 66.4831 66.4831 66.4831 74.8866 74.8866 74.8866 74.8866 56.3649 56.3649 56.3649 56.3649 60.8276 60.8276 60.8276 60.8276 49.0408 49.0408 49.0408 49.0408 36.2353 36.2353 36.2353 36.2353 28.0179 28.0179 28.0179 28.0179 11.0000 11.0000 11.0000 11.0000 50.2494
F28_3 50.2494 58.1808 81.3941 56.7539 29.0689 35.0143 33.7343 44.7214 72.1388 74.3303 52.4309 75.0267 82.6075 87.3212 78.2624 79.0569 37.5366 67.9412 87.4643 36.7967 29.1548 46.0977 49.4975 88.1419 25.1794 20.6155 50.2494 50.2494 50.2494 50.2494 17.2627 17.2627 17.2627 17.2627 0.0000 0.0000 0.0000 0.0000 42.4382 42.4382 42.4382 42.4382 39.9625 39.9625 39.9625 39.9625 63.1585 63.1585 63.1585 63.1585 65.4370 65.4370 65.4370 65.4370 71.5122 71.5122 71.5122 71.5122 90.4434 90.4434 90.4434 90.4434 72.0625 72.0625 72.0625 72.0625 89.0056 89.0056 89.0056 89.0056 80.6536 80.6536 80.6536 80.6536 96.5091 96.5091 96.5091 96.5091 66.4831 66.4831 66.4831 66.4831 74.8866 74.8866 74.8866 74.8866 56.3649 56.3649 56.3649 56.3649 60.8276 60.8276 60.8276 60.8276 49.0408 49.0408 49.0408 49.0408 36.2353 36.2353 36.2353 36.2353 28.0179 28.0179 28.0179 28.0179 11.0000 11.0000 11.0000 11.0000 50.2494
F29 32.6497 51.2640 59.5483 22.3607 38.0789 25.0000 31.0644 44.2832 75.9276 35.0143 67.1863 35.1283 58.0086 74.2024 68.6003 40.0125 7.0711 74.8131 79.7559 10.4403 27.6586 6.0000 59.0000 56.3028 58.5235 53.2541 32.6497 32.6497 32.6497 32.6497 32.4500 32.4500 32.4500 32.4500 42.4382 42.4382 42.4382 42.4382 0.0000 0.0000 0.0000 0.0000 17.2047 17.2047 17.2047 17.2047 23.0217 23.0217 23.0217 23.0217 23.3452 23.3452 23.3452 23.3452 32.0156 32.0156 32.0156 32.0156 51.1566 51.1566 51.1566 51.1566 42.5441 42.5441 42.5441 42.5441 58.6941 58.6941 58.6941 58.6941 63.7809 63.7809 63.7809 63.7809 72.6705 72.6705 72.6705 72.6705 51.0392 51.0392 51.0392 51.0392 71.3092 71.3092 71.3092 71.3092 50.5964 50.5964 50.5964 50.5964 68.3593 68.3593 68.3593 68.3593 62.1289 62.1289 62.1289 62.1289 58.8218 58.8218 58.8218 58.8218 50.6952 50.6952 50.6952 50.6952 49.4975 49.4975 49.4975 49.4975 32.6497
