#definition

# set
set V := C1 C2 C3 C4 C5 C6 C7 C8 C9 C10 C11 C12 C13 C14 C15 ; 	# customer set
set F := F16 F17 F18 F19 F20 
F16_1 F16_2  
F17_1 F17_2  
F18_1 F18_2 
F19_1 F19_2 
F20_1 F20_2  ;#recharging & battery swapping station
set D0 :=N0;
set Dσ :=Nσ;


# param
param CV := 200;    		# ECV fixed cost(Topic Given)
param C := 200;   		# ECV max load
param Q := 77.75; 		# ECV/BSV battery level
param h := 1;     		# ECV consumption

param CB := 267;    		# BSV fixed cost(Topic Given)
param Qplun := 5;       # BSV max load(battery)
param hplun := 1;     	# BSV consumption
param W :=155.50;		# BSV battery level

param Ct := 10 ;		# travel cost
param Cr := 100 ;		# recharging cost
param lamda := 0.00;	# battery swap time
param Cb ;  	    # battery swap cost(BSS/BSV)
param n :=15;	   		# number of customers
param g :=10.41 ;     	# the recharging rate of ECV 



# customer demend
param m :=
N0 0
C1 10
C2 10
C3 20
C4 10
C5 10
C6 30
C7 10
C8 10
C9 10
C10 30
C11 20
C12 40
C13 30
C14 10
C15 10
F16 0
F17 0
F18 0
F19 0
F20 0
F16_1 0
F16_2 0
F17_1 0
F17_2 0
F18_1 0
F18_2 0
F19_1 0
F19_2 0
F20_1 0
F20_2 0
Nσ 0;

param e :=
N0 0
C1 0
C2 449
C3 0
C4 0
C5 283
C6 30
C7 357
C8 359
C9 0
C10 0
C11 0
C12 87
C13 0
C14 0
C15 264
F16 0
F17 0
F18 0
F19 0
F20 0
F16_1 0
F16_2 0
F17_1 0
F17_2 0
F18_1 0
F18_2 0
F19_1 0
F19_2 0
F20_1 0
F20_2 0
Nσ 0;

param l :=
N0 1236
C1 1123
C2 504
C3 1115
C4 1110
C5 344
C6 92
C7 410
C8 412
C9 1123
C10 1108
C11 1110
C12 158
C13 1116
C14 1106
C15 321
F16 1236
F17 1236
F18 1236
F19 1236
F20 1236
F16_1 1236
F16_2 1236
F17_1 1236
F17_2 1236
F18_1 1236
F18_2 1236
F19_1 1236
F19_2 1236
F20_1 1236
F20_2 1236
Nσ 1236;

param s :=
N0 0
C1 90
C2 90
C3 90
C4 90
C5 90
C6 90
C7 90
C8 90
C9 90
C10 90
C11 90
C12 90
C13 90
C14 90
C15 90
F16 0
F17 0
F18 0
F19 0
F20 0
F16_1 0
F16_2 0
F17_1 0
F17_2 0
F18_1 0
F18_2 0
F19_1 0
F19_2 0
F20_1 0
F20_2 0
Nσ 0;

param d : N0 C1 C2 C3 C4 C5 C6 C7 C8 C9 C10 C11 C12 C13 C14 C15 F16 F17 F18 F19 F20 F16_1 F16_2 F17_1 F17_2 F18_1 F18_2 F19_1 F19_2 F20_1 F20_2 Nσ :=
N0 0.0000 22.3607 20.6155 30.8058 35.0571 38.0789 30.8058 16.7631 21.5407 22.8035 37.2022 35.3553 33.5261 29.7321 39.0512 20.6155 0.0000 36.2353 38.0789 24.0832 24.0208 0.0000 0.0000 36.2353 36.2353 38.0789 38.0789 24.0832 24.0832 24.0208 24.0208 0.0000
C1 22.3607 0.0000 39.0512 45.7056 19.2094 45.2769 53.0000 39.0000 18.0000 24.0832 51.4198 57.0088 43.1741 34.9857 61.0328 15.0000 22.3607 52.4690 60.4152 28.2843 11.7047 22.3607 22.3607 52.4690 52.4690 60.4152 60.4152 28.2843 28.2843 11.7047 11.7047 22.3607
C2 20.6155 39.0512 0.0000 42.9418 43.8634 25.0000 20.0998 18.6011 27.7308 23.7697 48.8774 20.6155 19.2094 48.2597 25.4951 29.1548 20.6155 45.8039 28.0179 21.0950 34.6699 20.6155 20.6155 45.8039 45.8039 28.0179 28.0179 21.0950 21.0950 34.6699 34.6699 20.6155
C3 30.8058 45.7056 42.9418 0.0000 63.2456 66.4003 36.0000 24.6982 51.9711 53.6004 6.4031 43.0000 61.0328 18.0278 43.2897 50.5371 30.8058 7.0711 37.8550 54.5619 52.5547 30.8058 30.8058 7.0711 7.0711 37.8550 37.8550 54.5619 54.5619 52.5547 52.5547 30.8058
C4 35.0571 19.2094 43.8634 63.2456 0.0000 38.5876 62.0967 51.0882 16.1555 20.8087 69.2892 64.2573 39.0512 54.0833 68.9493 15.2971 35.0571 69.6419 70.0928 24.8395 11.0454 35.0571 35.0571 69.6419 69.6419 70.0928 70.0928 24.8395 24.8395 11.0454 11.0454 35.0571
C5 38.0789 45.2769 25.0000 66.4003 38.5876 0.0000 43.4626 43.1393 27.4591 21.2132 72.6223 41.2311 5.8310 67.7791 46.0977 30.4138 38.0789 70.0928 50.5964 17.0294 35.1710 38.0789 38.0789 70.0928 70.0928 50.5964 50.5964 17.0294 17.0294 35.1710 35.1710 38.0789
C6 30.8058 53.0000 20.0998 36.0000 62.0967 43.4626 0.0000 15.8114 46.0977 43.1856 40.3113 7.0000 37.6962 48.3839 8.6023 46.8402 30.8058 35.6931 8.0623 41.0000 51.8652 30.8058 30.8058 35.6931 35.6931 8.0623 8.0623 41.0000 41.0000 51.8652 51.8652 30.8058
C7 16.7631 39.0000 18.6011 24.6982 51.0882 43.1393 15.8114 0.0000 36.1248 35.1710 30.4138 21.9317 37.4833 33.5410 24.4131 36.0000 16.7631 27.2029 22.0227 34.5398 40.1995 16.7631 16.7631 27.2029 27.2029 22.0227 22.0227 34.5398 34.5398 40.1995 40.1995 16.7631
C8 21.5407 18.0000 27.7308 51.9711 16.1555 27.4591 46.0977 36.1248 0.0000 6.3246 58.3095 48.1041 26.0000 46.8615 52.8110 3.0000 21.5407 57.6975 54.1295 10.7703 8.0623 21.5407 21.5407 57.6975 57.6975 54.1295 54.1295 10.7703 10.7703 8.0623 8.0623 21.5407
C9 22.8035 24.0832 23.7697 53.6004 20.8087 21.2132 43.1856 35.1710 6.3246 0.0000 60.0000 44.3847 19.6977 50.4777 49.2443 9.2195 22.8035 58.8303 51.2445 4.4721 14.3178 22.8035 22.8035 58.8303 58.8303 51.2445 51.2445 4.4721 4.4721 14.3178 14.3178 22.8035
C10 37.2022 51.4198 48.8774 6.4031 69.2892 72.6223 40.3113 30.4138 58.3095 60.0000 0.0000 47.2652 67.2012 20.8806 47.0000 56.8243 37.2022 5.3852 41.1096 60.9590 58.6941 37.2022 37.2022 5.3852 5.3852 41.1096 41.1096 60.9590 60.9590 58.6941 58.6941 37.2022
C11 35.3553 57.0088 20.6155 43.0000 64.2573 41.2311 7.0000 21.9317 48.1041 44.3847 47.2652 0.0000 35.6931 55.0818 5.0000 49.2443 35.3553 42.5793 10.0000 41.5933 54.5619 35.3553 35.3553 42.5793 42.5793 10.0000 10.0000 41.5933 41.5933 54.5619 54.5619 35.3553
C12 33.5261 43.1741 19.2094 61.0328 39.0512 5.8310 37.6962 37.4833 26.0000 19.6977 67.2012 35.6931 0.0000 63.2456 40.6079 28.7924 33.5261 64.5368 44.9222 15.2315 34.0147 33.5261 33.5261 64.5368 64.5368 44.9222 44.9222 15.2315 15.2315 34.0147 34.0147 33.5261
C13 29.7321 34.9857 48.2597 18.0278 54.0833 67.7791 48.3839 33.5410 46.8615 50.4777 20.8806 55.0818 63.2456 0.0000 56.6480 44.5982 29.7321 24.5967 52.3259 52.8394 44.6878 29.7321 29.7321 24.5967 24.5967 52.3259 52.3259 52.8394 52.8394 44.6878 44.6878 29.7321
C14 39.0512 61.0328 25.4951 43.2897 68.9493 46.0977 8.6023 24.4131 52.8110 49.2443 47.0000 5.0000 40.6079 56.6480 0.0000 53.8516 39.0512 42.0476 6.7082 46.5296 59.0931 39.0512 39.0512 42.0476 42.0476 6.7082 6.7082 46.5296 46.5296 59.0931 59.0931 39.0512
C15 20.6155 15.0000 29.1548 50.5371 15.2971 30.4138 46.8402 36.0000 3.0000 9.2195 56.8243 49.2443 28.7924 44.5982 53.8516 0.0000 20.6155 56.4624 54.8179 13.6015 5.6569 20.6155 20.6155 56.4624 56.4624 54.8179 54.8179 13.6015 13.6015 5.6569 5.6569 20.6155
F16 0.0000 22.3607 20.6155 30.8058 35.0571 38.0789 30.8058 16.7631 21.5407 22.8035 37.2022 35.3553 33.5261 29.7321 39.0512 20.6155 0.0000 36.2353 38.0789 24.0832 24.0208 0.0000 0.0000 36.2353 36.2353 38.0789 38.0789 24.0832 24.0832 24.0208 24.0208 0.0000
F17 36.2353 52.4690 45.8039 7.0711 69.6419 70.0928 35.6931 27.2029 57.6975 58.8303 5.3852 42.5793 64.5368 24.5967 42.0476 56.4624 36.2353 0.0000 36.0139 59.4054 58.8218 36.2353 36.2353 0.0000 0.0000 36.0139 36.0139 59.4054 59.4054 58.8218 58.8218 36.2353
F18 38.0789 60.4152 28.0179 37.8550 70.0928 50.5964 8.0623 22.0227 54.1295 51.2445 41.1096 10.0000 44.9222 52.3259 6.7082 54.8179 38.0789 36.0139 0.0000 49.0102 59.7746 38.0789 38.0789 36.0139 36.0139 0.0000 0.0000 49.0102 49.0102 59.7746 59.7746 38.0789
F19 24.0832 28.2843 21.0950 54.5619 24.8395 17.0294 41.0000 34.5398 10.7703 4.4721 60.9590 41.5933 15.2315 52.8394 46.5296 13.6015 24.0832 59.4054 49.0102 0.0000 18.7883 24.0832 24.0832 59.4054 59.4054 49.0102 49.0102 0.0000 0.0000 18.7883 18.7883 24.0832
F20 24.0208 11.7047 34.6699 52.5547 11.0454 35.1710 51.8652 40.1995 8.0623 14.3178 58.6941 54.5619 34.0147 44.6878 59.0931 5.6569 24.0208 58.8218 59.7746 18.7883 0.0000 24.0208 24.0208 58.8218 58.8218 59.7746 59.7746 18.7883 18.7883 0.0000 0.0000 24.0208
F16_1 0.0000 22.3607 20.6155 30.8058 35.0571 38.0789 30.8058 16.7631 21.5407 22.8035 37.2022 35.3553 33.5261 29.7321 39.0512 20.6155 0.0000 36.2353 38.0789 24.0832 24.0208 0.0000 0.0000 36.2353 36.2353 38.0789 38.0789 24.0832 24.0832 24.0208 24.0208 0.0000
F16_2 0.0000 22.3607 20.6155 30.8058 35.0571 38.0789 30.8058 16.7631 21.5407 22.8035 37.2022 35.3553 33.5261 29.7321 39.0512 20.6155 0.0000 36.2353 38.0789 24.0832 24.0208 0.0000 0.0000 36.2353 36.2353 38.0789 38.0789 24.0832 24.0832 24.0208 24.0208 0.0000
F17_1 36.2353 52.4690 45.8039 7.0711 69.6419 70.0928 35.6931 27.2029 57.6975 58.8303 5.3852 42.5793 64.5368 24.5967 42.0476 56.4624 36.2353 0.0000 36.0139 59.4054 58.8218 36.2353 36.2353 0.0000 0.0000 36.0139 36.0139 59.4054 59.4054 58.8218 58.8218 36.2353
F17_2 36.2353 52.4690 45.8039 7.0711 69.6419 70.0928 35.6931 27.2029 57.6975 58.8303 5.3852 42.5793 64.5368 24.5967 42.0476 56.4624 36.2353 0.0000 36.0139 59.4054 58.8218 36.2353 36.2353 0.0000 0.0000 36.0139 36.0139 59.4054 59.4054 58.8218 58.8218 36.2353
F18_1 38.0789 60.4152 28.0179 37.8550 70.0928 50.5964 8.0623 22.0227 54.1295 51.2445 41.1096 10.0000 44.9222 52.3259 6.7082 54.8179 38.0789 36.0139 0.0000 49.0102 59.7746 38.0789 38.0789 36.0139 36.0139 0.0000 0.0000 49.0102 49.0102 59.7746 59.7746 38.0789
F18_2 38.0789 60.4152 28.0179 37.8550 70.0928 50.5964 8.0623 22.0227 54.1295 51.2445 41.1096 10.0000 44.9222 52.3259 6.7082 54.8179 38.0789 36.0139 0.0000 49.0102 59.7746 38.0789 38.0789 36.0139 36.0139 0.0000 0.0000 49.0102 49.0102 59.7746 59.7746 38.0789
F19_1 24.0832 28.2843 21.0950 54.5619 24.8395 17.0294 41.0000 34.5398 10.7703 4.4721 60.9590 41.5933 15.2315 52.8394 46.5296 13.6015 24.0832 59.4054 49.0102 0.0000 18.7883 24.0832 24.0832 59.4054 59.4054 49.0102 49.0102 0.0000 0.0000 18.7883 18.7883 24.0832
F19_2 24.0832 28.2843 21.0950 54.5619 24.8395 17.0294 41.0000 34.5398 10.7703 4.4721 60.9590 41.5933 15.2315 52.8394 46.5296 13.6015 24.0832 59.4054 49.0102 0.0000 18.7883 24.0832 24.0832 59.4054 59.4054 49.0102 49.0102 0.0000 0.0000 18.7883 18.7883 24.0832
F20_1 24.0208 11.7047 34.6699 52.5547 11.0454 35.1710 51.8652 40.1995 8.0623 14.3178 58.6941 54.5619 34.0147 44.6878 59.0931 5.6569 24.0208 58.8218 59.7746 18.7883 0.0000 24.0208 24.0208 58.8218 58.8218 59.7746 59.7746 18.7883 18.7883 0.0000 0.0000 24.0208
F20_2 24.0208 11.7047 34.6699 52.5547 11.0454 35.1710 51.8652 40.1995 8.0623 14.3178 58.6941 54.5619 34.0147 44.6878 59.0931 5.6569 24.0208 58.8218 59.7746 18.7883 0.0000 24.0208 24.0208 58.8218 58.8218 59.7746 59.7746 18.7883 18.7883 0.0000 0.0000 24.0208
Nσ 0.0000 22.3607 20.6155 30.8058 35.0571 38.0789 30.8058 16.7631 21.5407 22.8035 37.2022 35.3553 33.5261 29.7321 39.0512 20.6155 0.0000 36.2353 38.0789 24.0832 24.0208 0.0000 0.0000 36.2353 36.2353 38.0789 38.0789 24.0832 24.0832 24.0208 24.0208 0.0000
;

param t : N0 C1 C2 C3 C4 C5 C6 C7 C8 C9 C10 C11 C12 C13 C14 C15 F16 F17 F18 F19 F20 F16_1 F16_2 F17_1 F17_2 F18_1 F18_2 F19_1 F19_2 F20_1 F20_2 Nσ :=
N0 0.0000 22.3607 20.6155 30.8058 35.0571 38.0789 30.8058 16.7631 21.5407 22.8035 37.2022 35.3553 33.5261 29.7321 39.0512 20.6155 0.0000 36.2353 38.0789 24.0832 24.0208 0.0000 0.0000 36.2353 36.2353 38.0789 38.0789 24.0832 24.0832 24.0208 24.0208 0.0000
C1 22.3607 0.0000 39.0512 45.7056 19.2094 45.2769 53.0000 39.0000 18.0000 24.0832 51.4198 57.0088 43.1741 34.9857 61.0328 15.0000 22.3607 52.4690 60.4152 28.2843 11.7047 22.3607 22.3607 52.4690 52.4690 60.4152 60.4152 28.2843 28.2843 11.7047 11.7047 22.3607
C2 20.6155 39.0512 0.0000 42.9418 43.8634 25.0000 20.0998 18.6011 27.7308 23.7697 48.8774 20.6155 19.2094 48.2597 25.4951 29.1548 20.6155 45.8039 28.0179 21.0950 34.6699 20.6155 20.6155 45.8039 45.8039 28.0179 28.0179 21.0950 21.0950 34.6699 34.6699 20.6155
C3 30.8058 45.7056 42.9418 0.0000 63.2456 66.4003 36.0000 24.6982 51.9711 53.6004 6.4031 43.0000 61.0328 18.0278 43.2897 50.5371 30.8058 7.0711 37.8550 54.5619 52.5547 30.8058 30.8058 7.0711 7.0711 37.8550 37.8550 54.5619 54.5619 52.5547 52.5547 30.8058
C4 35.0571 19.2094 43.8634 63.2456 0.0000 38.5876 62.0967 51.0882 16.1555 20.8087 69.2892 64.2573 39.0512 54.0833 68.9493 15.2971 35.0571 69.6419 70.0928 24.8395 11.0454 35.0571 35.0571 69.6419 69.6419 70.0928 70.0928 24.8395 24.8395 11.0454 11.0454 35.0571
C5 38.0789 45.2769 25.0000 66.4003 38.5876 0.0000 43.4626 43.1393 27.4591 21.2132 72.6223 41.2311 5.8310 67.7791 46.0977 30.4138 38.0789 70.0928 50.5964 17.0294 35.1710 38.0789 38.0789 70.0928 70.0928 50.5964 50.5964 17.0294 17.0294 35.1710 35.1710 38.0789
C6 30.8058 53.0000 20.0998 36.0000 62.0967 43.4626 0.0000 15.8114 46.0977 43.1856 40.3113 7.0000 37.6962 48.3839 8.6023 46.8402 30.8058 35.6931 8.0623 41.0000 51.8652 30.8058 30.8058 35.6931 35.6931 8.0623 8.0623 41.0000 41.0000 51.8652 51.8652 30.8058
C7 16.7631 39.0000 18.6011 24.6982 51.0882 43.1393 15.8114 0.0000 36.1248 35.1710 30.4138 21.9317 37.4833 33.5410 24.4131 36.0000 16.7631 27.2029 22.0227 34.5398 40.1995 16.7631 16.7631 27.2029 27.2029 22.0227 22.0227 34.5398 34.5398 40.1995 40.1995 16.7631
C8 21.5407 18.0000 27.7308 51.9711 16.1555 27.4591 46.0977 36.1248 0.0000 6.3246 58.3095 48.1041 26.0000 46.8615 52.8110 3.0000 21.5407 57.6975 54.1295 10.7703 8.0623 21.5407 21.5407 57.6975 57.6975 54.1295 54.1295 10.7703 10.7703 8.0623 8.0623 21.5407
C9 22.8035 24.0832 23.7697 53.6004 20.8087 21.2132 43.1856 35.1710 6.3246 0.0000 60.0000 44.3847 19.6977 50.4777 49.2443 9.2195 22.8035 58.8303 51.2445 4.4721 14.3178 22.8035 22.8035 58.8303 58.8303 51.2445 51.2445 4.4721 4.4721 14.3178 14.3178 22.8035
C10 37.2022 51.4198 48.8774 6.4031 69.2892 72.6223 40.3113 30.4138 58.3095 60.0000 0.0000 47.2652 67.2012 20.8806 47.0000 56.8243 37.2022 5.3852 41.1096 60.9590 58.6941 37.2022 37.2022 5.3852 5.3852 41.1096 41.1096 60.9590 60.9590 58.6941 58.6941 37.2022
C11 35.3553 57.0088 20.6155 43.0000 64.2573 41.2311 7.0000 21.9317 48.1041 44.3847 47.2652 0.0000 35.6931 55.0818 5.0000 49.2443 35.3553 42.5793 10.0000 41.5933 54.5619 35.3553 35.3553 42.5793 42.5793 10.0000 10.0000 41.5933 41.5933 54.5619 54.5619 35.3553
C12 33.5261 43.1741 19.2094 61.0328 39.0512 5.8310 37.6962 37.4833 26.0000 19.6977 67.2012 35.6931 0.0000 63.2456 40.6079 28.7924 33.5261 64.5368 44.9222 15.2315 34.0147 33.5261 33.5261 64.5368 64.5368 44.9222 44.9222 15.2315 15.2315 34.0147 34.0147 33.5261
C13 29.7321 34.9857 48.2597 18.0278 54.0833 67.7791 48.3839 33.5410 46.8615 50.4777 20.8806 55.0818 63.2456 0.0000 56.6480 44.5982 29.7321 24.5967 52.3259 52.8394 44.6878 29.7321 29.7321 24.5967 24.5967 52.3259 52.3259 52.8394 52.8394 44.6878 44.6878 29.7321
C14 39.0512 61.0328 25.4951 43.2897 68.9493 46.0977 8.6023 24.4131 52.8110 49.2443 47.0000 5.0000 40.6079 56.6480 0.0000 53.8516 39.0512 42.0476 6.7082 46.5296 59.0931 39.0512 39.0512 42.0476 42.0476 6.7082 6.7082 46.5296 46.5296 59.0931 59.0931 39.0512
C15 20.6155 15.0000 29.1548 50.5371 15.2971 30.4138 46.8402 36.0000 3.0000 9.2195 56.8243 49.2443 28.7924 44.5982 53.8516 0.0000 20.6155 56.4624 54.8179 13.6015 5.6569 20.6155 20.6155 56.4624 56.4624 54.8179 54.8179 13.6015 13.6015 5.6569 5.6569 20.6155
F16 0.0000 22.3607 20.6155 30.8058 35.0571 38.0789 30.8058 16.7631 21.5407 22.8035 37.2022 35.3553 33.5261 29.7321 39.0512 20.6155 0.0000 36.2353 38.0789 24.0832 24.0208 0.0000 0.0000 36.2353 36.2353 38.0789 38.0789 24.0832 24.0832 24.0208 24.0208 0.0000
F17 36.2353 52.4690 45.8039 7.0711 69.6419 70.0928 35.6931 27.2029 57.6975 58.8303 5.3852 42.5793 64.5368 24.5967 42.0476 56.4624 36.2353 0.0000 36.0139 59.4054 58.8218 36.2353 36.2353 0.0000 0.0000 36.0139 36.0139 59.4054 59.4054 58.8218 58.8218 36.2353
F18 38.0789 60.4152 28.0179 37.8550 70.0928 50.5964 8.0623 22.0227 54.1295 51.2445 41.1096 10.0000 44.9222 52.3259 6.7082 54.8179 38.0789 36.0139 0.0000 49.0102 59.7746 38.0789 38.0789 36.0139 36.0139 0.0000 0.0000 49.0102 49.0102 59.7746 59.7746 38.0789
F19 24.0832 28.2843 21.0950 54.5619 24.8395 17.0294 41.0000 34.5398 10.7703 4.4721 60.9590 41.5933 15.2315 52.8394 46.5296 13.6015 24.0832 59.4054 49.0102 0.0000 18.7883 24.0832 24.0832 59.4054 59.4054 49.0102 49.0102 0.0000 0.0000 18.7883 18.7883 24.0832
F20 24.0208 11.7047 34.6699 52.5547 11.0454 35.1710 51.8652 40.1995 8.0623 14.3178 58.6941 54.5619 34.0147 44.6878 59.0931 5.6569 24.0208 58.8218 59.7746 18.7883 0.0000 24.0208 24.0208 58.8218 58.8218 59.7746 59.7746 18.7883 18.7883 0.0000 0.0000 24.0208
F16_1 0.0000 22.3607 20.6155 30.8058 35.0571 38.0789 30.8058 16.7631 21.5407 22.8035 37.2022 35.3553 33.5261 29.7321 39.0512 20.6155 0.0000 36.2353 38.0789 24.0832 24.0208 0.0000 0.0000 36.2353 36.2353 38.0789 38.0789 24.0832 24.0832 24.0208 24.0208 0.0000
F16_2 0.0000 22.3607 20.6155 30.8058 35.0571 38.0789 30.8058 16.7631 21.5407 22.8035 37.2022 35.3553 33.5261 29.7321 39.0512 20.6155 0.0000 36.2353 38.0789 24.0832 24.0208 0.0000 0.0000 36.2353 36.2353 38.0789 38.0789 24.0832 24.0832 24.0208 24.0208 0.0000
F17_1 36.2353 52.4690 45.8039 7.0711 69.6419 70.0928 35.6931 27.2029 57.6975 58.8303 5.3852 42.5793 64.5368 24.5967 42.0476 56.4624 36.2353 0.0000 36.0139 59.4054 58.8218 36.2353 36.2353 0.0000 0.0000 36.0139 36.0139 59.4054 59.4054 58.8218 58.8218 36.2353
F17_2 36.2353 52.4690 45.8039 7.0711 69.6419 70.0928 35.6931 27.2029 57.6975 58.8303 5.3852 42.5793 64.5368 24.5967 42.0476 56.4624 36.2353 0.0000 36.0139 59.4054 58.8218 36.2353 36.2353 0.0000 0.0000 36.0139 36.0139 59.4054 59.4054 58.8218 58.8218 36.2353
F18_1 38.0789 60.4152 28.0179 37.8550 70.0928 50.5964 8.0623 22.0227 54.1295 51.2445 41.1096 10.0000 44.9222 52.3259 6.7082 54.8179 38.0789 36.0139 0.0000 49.0102 59.7746 38.0789 38.0789 36.0139 36.0139 0.0000 0.0000 49.0102 49.0102 59.7746 59.7746 38.0789
F18_2 38.0789 60.4152 28.0179 37.8550 70.0928 50.5964 8.0623 22.0227 54.1295 51.2445 41.1096 10.0000 44.9222 52.3259 6.7082 54.8179 38.0789 36.0139 0.0000 49.0102 59.7746 38.0789 38.0789 36.0139 36.0139 0.0000 0.0000 49.0102 49.0102 59.7746 59.7746 38.0789
F19_1 24.0832 28.2843 21.0950 54.5619 24.8395 17.0294 41.0000 34.5398 10.7703 4.4721 60.9590 41.5933 15.2315 52.8394 46.5296 13.6015 24.0832 59.4054 49.0102 0.0000 18.7883 24.0832 24.0832 59.4054 59.4054 49.0102 49.0102 0.0000 0.0000 18.7883 18.7883 24.0832
F19_2 24.0832 28.2843 21.0950 54.5619 24.8395 17.0294 41.0000 34.5398 10.7703 4.4721 60.9590 41.5933 15.2315 52.8394 46.5296 13.6015 24.0832 59.4054 49.0102 0.0000 18.7883 24.0832 24.0832 59.4054 59.4054 49.0102 49.0102 0.0000 0.0000 18.7883 18.7883 24.0832
F20_1 24.0208 11.7047 34.6699 52.5547 11.0454 35.1710 51.8652 40.1995 8.0623 14.3178 58.6941 54.5619 34.0147 44.6878 59.0931 5.6569 24.0208 58.8218 59.7746 18.7883 0.0000 24.0208 24.0208 58.8218 58.8218 59.7746 59.7746 18.7883 18.7883 0.0000 0.0000 24.0208
F20_2 24.0208 11.7047 34.6699 52.5547 11.0454 35.1710 51.8652 40.1995 8.0623 14.3178 58.6941 54.5619 34.0147 44.6878 59.0931 5.6569 24.0208 58.8218 59.7746 18.7883 0.0000 24.0208 24.0208 58.8218 58.8218 59.7746 59.7746 18.7883 18.7883 0.0000 0.0000 24.0208
Nσ 0.0000 22.3607 20.6155 30.8058 35.0571 38.0789 30.8058 16.7631 21.5407 22.8035 37.2022 35.3553 33.5261 29.7321 39.0512 20.6155 0.0000 36.2353 38.0789 24.0832 24.0208 0.0000 0.0000 36.2353 36.2353 38.0789 38.0789 24.0832 24.0832 24.0208 24.0208 0.0000
;