#definition

# set
set V := C1 C2 C3 C4 C5 C6 C7 C8 C9 C10 C11 C12 C13 C14 C15 ; 	# customer set
set F := F16 F17 F18 
F16_1 F16_2  
F17_1 F17_2  
F18_1 F18_2 ;#recharging & battery swapping station
set D0 :=N0;
set Dσ :=Nσ;


# param
param CV := 200;    		# ECV fixed cost(Topic Given)
param C := 200;   		# ECV max load
param Q := 77.75; 		# ECV/BSV battery level
param h := 1;     		# ECV consumption

param CB := 267;    		# BSV fixed cost(Topic Given)
param Qplun := 5;       # BSV max load(battery)
param hplun := 1;     	# BSV consumption
param W :=155.50;		# BSV battery level

param Ct := 10 ;		# travel cost
param Cr := 100 ;		# recharging cost
param lamda := 0.00;	# battery swap time
param Cb ;  	    # battery swap cost(BSS/BSV)
param n :=15;	   		# number of customers
param g :=10.41 ;     	# the recharging rate of ECV 



# customer demend
param m :=
N0 0
C1 10
C2 10
C3 10
C4 10
C5 10
C6 10
C7 10
C8 10
C9 10
C10 10
C11 10
C12 10
C13 20
C14 20
C15 10
F16 0
F17 0
F18 0
F16_1 0
F16_2 0
F17_1 0
F17_2 0
F18_1 0
F18_2 0
Nσ 0;

param e :=
N0 0
C1 338
C2 630
C3 769
C4 489
C5 567
C6 264
C7 10
C8 695
C9 513
C10 716
C11 794
C12 890
C13 50
C14 349
C15 872
F16 0
F17 0
F18 0
F16_1 0
F16_2 0
F17_1 0
F17_2 0
F18_1 0
F18_2 0
Nσ 0;

param l :=
N0 1236
C1 433
C2 909
C3 956
C4 650
C5 758
C6 313
C7 77
C8 816
C9 628
C10 795
C11 907
C12 989
C13 237
C14 632
C15 1127
F16 1236
F17 1236
F18 1236
F16_1 1236
F16_2 1236
F17_1 1236
F17_2 1236
F18_1 1236
F18_2 1236
Nσ 1236;

param s :=
N0 0
C1 90
C2 90
C3 90
C4 90
C5 90
C6 90
C7 90
C8 90
C9 90
C10 90
C11 90
C12 90
C13 90
C14 90
C15 90
F16 0
F17 0
F18 0
F16_1 0
F16_2 0
F17_1 0
F17_2 0
F18_1 0
F18_2 0
Nσ 0;

param d : N0 C1 C2 C3 C4 C5 C6 C7 C8 C9 C10 C11 C12 C13 C14 C15 F16 F17 F18 F16_1 F16_2 F17_1 F17_2 F18_1 F18_2 Nσ :=
N0 0.0000 21.5407 24.3516 22.3607 20.0998 21.5407 17.1172 10.0000 25.0000 22.3607 20.6155 16.5529 18.6815 50.2892 31.0483 18.0278 0.0000 24.0208 42.0595 0.0000 0.0000 24.0208 24.0208 42.0595 42.0595 0.0000
C1 21.5407 0.0000 41.7732 41.0366 40.4475 16.0000 23.7697 20.0998 7.0000 2.0000 13.0000 15.8114 40.1622 56.2228 47.2017 5.3852 21.5407 8.0623 45.0000 21.5407 21.5407 8.0623 8.0623 45.0000 45.0000 21.5407
C2 24.3516 41.7732 0.0000 3.6056 27.7308 31.7648 40.4475 33.9559 47.2017 43.2782 33.2866 28.0179 20.5913 33.9706 7.0000 40.2244 24.3516 40.0000 31.3050 24.3516 24.3516 40.0000 40.0000 31.3050 31.3050 24.3516
C3 22.3607 41.0366 3.6056 0.0000 24.1661 32.3110 37.8550 31.6228 46.0977 42.4264 33.5410 28.1780 17.0000 37.5366 10.1980 39.0512 22.3607 39.9625 34.4819 22.3607 22.3607 39.9625 39.9625 34.4819 34.4819 22.3607
C4 20.0998 40.4475 27.7308 24.1661 0.0000 41.2311 23.4307 21.5407 42.0595 40.7922 40.6079 36.1386 7.2801 61.0328 34.1760 35.9026 20.0998 44.0114 55.8659 20.0998 20.0998 44.0114 44.0114 55.8659 55.8659 20.0998
C5 21.5407 16.0000 31.7648 32.3110 41.2311 0.0000 33.3017 26.9072 23.0000 18.0000 3.0000 5.0990 38.1182 40.3113 35.6090 18.6815 21.5407 9.8489 29.0000 21.5407 21.5407 9.8489 9.8489 29.0000 29.0000 21.5407
C6 17.1172 23.7697 40.4475 37.8550 23.4307 33.3017 0.0000 7.2801 22.0907 23.0868 31.1127 29.4109 27.2029 67.1863 47.3814 18.3848 17.1172 30.5287 58.3095 17.1172 17.1172 30.5287 30.5287 58.3095 58.3095 17.1172
C7 10.0000 20.0998 33.9559 31.6228 21.5407 26.9072 7.2801 0.0000 20.6155 20.0000 25.0000 22.6716 23.4307 59.9083 40.7922 15.0000 10.0000 25.6320 51.0784 10.0000 10.0000 25.6320 25.6320 51.0784 51.0784 10.0000
C8 25.0000 7.0000 47.2017 46.0977 42.0595 23.0000 22.0907 20.6155 0.0000 5.0000 20.0000 22.5610 42.9418 63.1981 53.0000 7.0711 25.0000 14.5602 52.0000 25.0000 25.0000 14.5602 14.5602 52.0000 52.0000 25.0000
C9 22.3607 2.0000 43.2782 42.4264 40.7922 18.0000 23.0868 20.0000 5.0000 0.0000 15.0000 17.7200 40.8534 58.2151 48.8262 5.0000 22.3607 9.8489 47.0000 22.3607 22.3607 9.8489 9.8489 47.0000 47.0000 22.3607
C10 20.6155 13.0000 33.2866 33.5410 40.6079 3.0000 31.1127 25.0000 20.0000 15.0000 0.0000 5.3852 38.0000 43.2897 37.5366 15.8114 20.6155 7.2111 32.0000 20.6155 20.6155 7.2111 7.2111 32.0000 32.0000 20.6155
C11 16.5529 15.8114 28.0179 28.1780 36.1386 5.0990 29.4109 22.6716 22.5610 17.7200 5.3852 0.0000 33.0606 41.0000 32.5269 17.0000 16.5529 12.0416 30.4138 16.5529 16.5529 12.0416 12.0416 30.4138 30.4138 16.5529
C12 18.6815 40.1622 20.5913 17.0000 7.2801 38.1182 27.2029 23.4307 42.9418 40.8534 38.0000 33.0606 0.0000 54.2033 26.9258 36.2491 18.6815 42.4264 49.6790 18.6815 18.6815 42.4264 42.4264 49.6790 49.6790 18.6815
C13 50.2892 56.2228 33.9706 37.5366 61.0328 40.3113 67.1863 59.9083 63.1981 58.2151 43.2897 41.0000 54.2033 0.0000 29.2062 58.0000 50.2892 49.8197 12.0830 50.2892 50.2892 49.8197 49.8197 12.0830 12.0830 50.2892
C14 31.0483 47.2017 7.0000 10.1980 34.1760 35.6090 47.3814 40.7922 53.0000 48.8262 37.5366 32.5269 26.9258 29.2062 0.0000 46.1411 31.0483 44.5533 28.8617 31.0483 31.0483 44.5533 44.5533 28.8617 28.8617 31.0483
C15 18.0278 5.3852 40.2244 39.0512 35.9026 18.6815 18.3848 15.0000 7.0711 5.0000 15.8114 17.0000 36.2491 58.0000 46.1411 0.0000 18.0278 12.7279 47.2652 18.0278 18.0278 12.7279 12.7279 47.2652 47.2652 18.0278
F16 0.0000 21.5407 24.3516 22.3607 20.0998 21.5407 17.1172 10.0000 25.0000 22.3607 20.6155 16.5529 18.6815 50.2892 31.0483 18.0278 0.0000 24.0208 42.0595 0.0000 0.0000 24.0208 24.0208 42.0595 42.0595 0.0000
F17 24.0208 8.0623 40.0000 39.9625 44.0114 9.8489 30.5287 25.6320 14.5602 9.8489 7.2111 12.0416 42.4264 49.8197 44.5533 12.7279 24.0208 0.0000 38.2099 24.0208 24.0208 0.0000 0.0000 38.2099 38.2099 24.0208
F18 42.0595 45.0000 31.3050 34.4819 55.8659 29.0000 58.3095 51.0784 52.0000 47.0000 32.0000 30.4138 49.6790 12.0830 28.8617 47.2652 42.0595 38.2099 0.0000 42.0595 42.0595 38.2099 38.2099 0.0000 0.0000 42.0595
F16_1 0.0000 21.5407 24.3516 22.3607 20.0998 21.5407 17.1172 10.0000 25.0000 22.3607 20.6155 16.5529 18.6815 50.2892 31.0483 18.0278 0.0000 24.0208 42.0595 0.0000 0.0000 24.0208 24.0208 42.0595 42.0595 0.0000
F16_2 0.0000 21.5407 24.3516 22.3607 20.0998 21.5407 17.1172 10.0000 25.0000 22.3607 20.6155 16.5529 18.6815 50.2892 31.0483 18.0278 0.0000 24.0208 42.0595 0.0000 0.0000 24.0208 24.0208 42.0595 42.0595 0.0000
F17_1 24.0208 8.0623 40.0000 39.9625 44.0114 9.8489 30.5287 25.6320 14.5602 9.8489 7.2111 12.0416 42.4264 49.8197 44.5533 12.7279 24.0208 0.0000 38.2099 24.0208 24.0208 0.0000 0.0000 38.2099 38.2099 24.0208
F17_2 24.0208 8.0623 40.0000 39.9625 44.0114 9.8489 30.5287 25.6320 14.5602 9.8489 7.2111 12.0416 42.4264 49.8197 44.5533 12.7279 24.0208 0.0000 38.2099 24.0208 24.0208 0.0000 0.0000 38.2099 38.2099 24.0208
F18_1 42.0595 45.0000 31.3050 34.4819 55.8659 29.0000 58.3095 51.0784 52.0000 47.0000 32.0000 30.4138 49.6790 12.0830 28.8617 47.2652 42.0595 38.2099 0.0000 42.0595 42.0595 38.2099 38.2099 0.0000 0.0000 42.0595
F18_2 42.0595 45.0000 31.3050 34.4819 55.8659 29.0000 58.3095 51.0784 52.0000 47.0000 32.0000 30.4138 49.6790 12.0830 28.8617 47.2652 42.0595 38.2099 0.0000 42.0595 42.0595 38.2099 38.2099 0.0000 0.0000 42.0595
Nσ 0.0000 21.5407 24.3516 22.3607 20.0998 21.5407 17.1172 10.0000 25.0000 22.3607 20.6155 16.5529 18.6815 50.2892 31.0483 18.0278 0.0000 24.0208 42.0595 0.0000 0.0000 24.0208 24.0208 42.0595 42.0595 0.0000
;

param t : N0 C1 C2 C3 C4 C5 C6 C7 C8 C9 C10 C11 C12 C13 C14 C15 F16 F17 F18 F16_1 F16_2 F17_1 F17_2 F18_1 F18_2 Nσ :=
N0 0.0000 21.5407 24.3516 22.3607 20.0998 21.5407 17.1172 10.0000 25.0000 22.3607 20.6155 16.5529 18.6815 50.2892 31.0483 18.0278 0.0000 24.0208 42.0595 0.0000 0.0000 24.0208 24.0208 42.0595 42.0595 0.0000
C1 21.5407 0.0000 41.7732 41.0366 40.4475 16.0000 23.7697 20.0998 7.0000 2.0000 13.0000 15.8114 40.1622 56.2228 47.2017 5.3852 21.5407 8.0623 45.0000 21.5407 21.5407 8.0623 8.0623 45.0000 45.0000 21.5407
C2 24.3516 41.7732 0.0000 3.6056 27.7308 31.7648 40.4475 33.9559 47.2017 43.2782 33.2866 28.0179 20.5913 33.9706 7.0000 40.2244 24.3516 40.0000 31.3050 24.3516 24.3516 40.0000 40.0000 31.3050 31.3050 24.3516
C3 22.3607 41.0366 3.6056 0.0000 24.1661 32.3110 37.8550 31.6228 46.0977 42.4264 33.5410 28.1780 17.0000 37.5366 10.1980 39.0512 22.3607 39.9625 34.4819 22.3607 22.3607 39.9625 39.9625 34.4819 34.4819 22.3607
C4 20.0998 40.4475 27.7308 24.1661 0.0000 41.2311 23.4307 21.5407 42.0595 40.7922 40.6079 36.1386 7.2801 61.0328 34.1760 35.9026 20.0998 44.0114 55.8659 20.0998 20.0998 44.0114 44.0114 55.8659 55.8659 20.0998
C5 21.5407 16.0000 31.7648 32.3110 41.2311 0.0000 33.3017 26.9072 23.0000 18.0000 3.0000 5.0990 38.1182 40.3113 35.6090 18.6815 21.5407 9.8489 29.0000 21.5407 21.5407 9.8489 9.8489 29.0000 29.0000 21.5407
C6 17.1172 23.7697 40.4475 37.8550 23.4307 33.3017 0.0000 7.2801 22.0907 23.0868 31.1127 29.4109 27.2029 67.1863 47.3814 18.3848 17.1172 30.5287 58.3095 17.1172 17.1172 30.5287 30.5287 58.3095 58.3095 17.1172
C7 10.0000 20.0998 33.9559 31.6228 21.5407 26.9072 7.2801 0.0000 20.6155 20.0000 25.0000 22.6716 23.4307 59.9083 40.7922 15.0000 10.0000 25.6320 51.0784 10.0000 10.0000 25.6320 25.6320 51.0784 51.0784 10.0000
C8 25.0000 7.0000 47.2017 46.0977 42.0595 23.0000 22.0907 20.6155 0.0000 5.0000 20.0000 22.5610 42.9418 63.1981 53.0000 7.0711 25.0000 14.5602 52.0000 25.0000 25.0000 14.5602 14.5602 52.0000 52.0000 25.0000
C9 22.3607 2.0000 43.2782 42.4264 40.7922 18.0000 23.0868 20.0000 5.0000 0.0000 15.0000 17.7200 40.8534 58.2151 48.8262 5.0000 22.3607 9.8489 47.0000 22.3607 22.3607 9.8489 9.8489 47.0000 47.0000 22.3607
C10 20.6155 13.0000 33.2866 33.5410 40.6079 3.0000 31.1127 25.0000 20.0000 15.0000 0.0000 5.3852 38.0000 43.2897 37.5366 15.8114 20.6155 7.2111 32.0000 20.6155 20.6155 7.2111 7.2111 32.0000 32.0000 20.6155
C11 16.5529 15.8114 28.0179 28.1780 36.1386 5.0990 29.4109 22.6716 22.5610 17.7200 5.3852 0.0000 33.0606 41.0000 32.5269 17.0000 16.5529 12.0416 30.4138 16.5529 16.5529 12.0416 12.0416 30.4138 30.4138 16.5529
C12 18.6815 40.1622 20.5913 17.0000 7.2801 38.1182 27.2029 23.4307 42.9418 40.8534 38.0000 33.0606 0.0000 54.2033 26.9258 36.2491 18.6815 42.4264 49.6790 18.6815 18.6815 42.4264 42.4264 49.6790 49.6790 18.6815
C13 50.2892 56.2228 33.9706 37.5366 61.0328 40.3113 67.1863 59.9083 63.1981 58.2151 43.2897 41.0000 54.2033 0.0000 29.2062 58.0000 50.2892 49.8197 12.0830 50.2892 50.2892 49.8197 49.8197 12.0830 12.0830 50.2892
C14 31.0483 47.2017 7.0000 10.1980 34.1760 35.6090 47.3814 40.7922 53.0000 48.8262 37.5366 32.5269 26.9258 29.2062 0.0000 46.1411 31.0483 44.5533 28.8617 31.0483 31.0483 44.5533 44.5533 28.8617 28.8617 31.0483
C15 18.0278 5.3852 40.2244 39.0512 35.9026 18.6815 18.3848 15.0000 7.0711 5.0000 15.8114 17.0000 36.2491 58.0000 46.1411 0.0000 18.0278 12.7279 47.2652 18.0278 18.0278 12.7279 12.7279 47.2652 47.2652 18.0278
F16 0.0000 21.5407 24.3516 22.3607 20.0998 21.5407 17.1172 10.0000 25.0000 22.3607 20.6155 16.5529 18.6815 50.2892 31.0483 18.0278 0.0000 24.0208 42.0595 0.0000 0.0000 24.0208 24.0208 42.0595 42.0595 0.0000
F17 24.0208 8.0623 40.0000 39.9625 44.0114 9.8489 30.5287 25.6320 14.5602 9.8489 7.2111 12.0416 42.4264 49.8197 44.5533 12.7279 24.0208 0.0000 38.2099 24.0208 24.0208 0.0000 0.0000 38.2099 38.2099 24.0208
F18 42.0595 45.0000 31.3050 34.4819 55.8659 29.0000 58.3095 51.0784 52.0000 47.0000 32.0000 30.4138 49.6790 12.0830 28.8617 47.2652 42.0595 38.2099 0.0000 42.0595 42.0595 38.2099 38.2099 0.0000 0.0000 42.0595
F16_1 0.0000 21.5407 24.3516 22.3607 20.0998 21.5407 17.1172 10.0000 25.0000 22.3607 20.6155 16.5529 18.6815 50.2892 31.0483 18.0278 0.0000 24.0208 42.0595 0.0000 0.0000 24.0208 24.0208 42.0595 42.0595 0.0000
F16_2 0.0000 21.5407 24.3516 22.3607 20.0998 21.5407 17.1172 10.0000 25.0000 22.3607 20.6155 16.5529 18.6815 50.2892 31.0483 18.0278 0.0000 24.0208 42.0595 0.0000 0.0000 24.0208 24.0208 42.0595 42.0595 0.0000
F17_1 24.0208 8.0623 40.0000 39.9625 44.0114 9.8489 30.5287 25.6320 14.5602 9.8489 7.2111 12.0416 42.4264 49.8197 44.5533 12.7279 24.0208 0.0000 38.2099 24.0208 24.0208 0.0000 0.0000 38.2099 38.2099 24.0208
F17_2 24.0208 8.0623 40.0000 39.9625 44.0114 9.8489 30.5287 25.6320 14.5602 9.8489 7.2111 12.0416 42.4264 49.8197 44.5533 12.7279 24.0208 0.0000 38.2099 24.0208 24.0208 0.0000 0.0000 38.2099 38.2099 24.0208
F18_1 42.0595 45.0000 31.3050 34.4819 55.8659 29.0000 58.3095 51.0784 52.0000 47.0000 32.0000 30.4138 49.6790 12.0830 28.8617 47.2652 42.0595 38.2099 0.0000 42.0595 42.0595 38.2099 38.2099 0.0000 0.0000 42.0595
F18_2 42.0595 45.0000 31.3050 34.4819 55.8659 29.0000 58.3095 51.0784 52.0000 47.0000 32.0000 30.4138 49.6790 12.0830 28.8617 47.2652 42.0595 38.2099 0.0000 42.0595 42.0595 38.2099 38.2099 0.0000 0.0000 42.0595
Nσ 0.0000 21.5407 24.3516 22.3607 20.0998 21.5407 17.1172 10.0000 25.0000 22.3607 20.6155 16.5529 18.6815 50.2892 31.0483 18.0278 0.0000 24.0208 42.0595 0.0000 0.0000 24.0208 24.0208 42.0595 42.0595 0.0000
;