# set
set V := C1 C2 C3 C4 C5 C6 C7 C8 C9 C10 C11 C12 C13 C14 C15 C16 C17 C18 C19 C20 C21 C22 C23 C24 C25 ;
set F := F26 F27 F28 F29 F30 F31 F32 F33 F34 F35 F36 F37 F38 F39 F40 F41 F42 F43 F44 F45 F46 F26_1 F26_2 F26_3 F27_1 F27_2 F27_3 F28_1 F28_2 F28_3 F29_1 F29_2 F29_3 F30_1 F30_2 F30_3 F31_1 F31_2 F31_3 F32_1 F32_2 F32_3 F33_1 F33_2 F33_3 F34_1 F34_2 F34_3 F35_1 F35_2 F35_3 F36_1 F36_2 F36_3 F37_1 F37_2 F37_3 F38_1 F38_2 F38_3 F39_1 F39_2 F39_3 F40_1 F40_2 F40_3 F41_1 F41_2 F41_3 F42_1 F42_2 F42_3 F43_1 F43_2 F43_3 F44_1 F44_2 F44_3 F45_1 F45_2 F45_3 F46_1 F46_2 F46_3 ;
set D0 := N0;
set Dσ := Nσ;

# param
param Cf := 200;		# ECV fixed cost
param C := 200;		# ECV max load
param Q := 79.69;		# ECV/BSV battery level
param r := 1;		# ECV consumption

param Cr := 100;		# recharging cost
param Ct := 10;		# travel cost
param Cs ;		# battery swap cost
param n := 25;		# number of customers
param g := 10.17;	# recharging rate

param m :=
N0 0
C1 10
C2 30
C3 10
C4 10
C5 20
C6 10
C7 40
C8 10
C9 30
C10 20
C11 20
C12 10
C13 10
C14 20
C15 10
C16 10
C17 20
C18 30
C19 20
C20 50
C21 10
C22 10
C23 20
C24 10
C25 20
F26 0
F26_1 0
F26_2 0
F26_3 0
F27 0
F27_1 0
F27_2 0
F27_3 0
F28 0
F28_1 0
F28_2 0
F28_3 0
F29 0
F29_1 0
F29_2 0
F29_3 0
F30 0
F30_1 0
F30_2 0
F30_3 0
F31 0
F31_1 0
F31_2 0
F31_3 0
F32 0
F32_1 0
F32_2 0
F32_3 0
F33 0
F33_1 0
F33_2 0
F33_3 0
F34 0
F34_1 0
F34_2 0
F34_3 0
F35 0
F35_1 0
F35_2 0
F35_3 0
F36 0
F36_1 0
F36_2 0
F36_3 0
F37 0
F37_1 0
F37_2 0
F37_3 0
F38 0
F38_1 0
F38_2 0
F38_3 0
F39 0
F39_1 0
F39_2 0
F39_3 0
F40 0
F40_1 0
F40_2 0
F40_3 0
F41 0
F41_1 0
F41_2 0
F41_3 0
F42 0
F42_1 0
F42_2 0
F42_3 0
F43 0
F43_1 0
F43_2 0
F43_3 0
F44 0
F44_1 0
F44_2 0
F44_3 0
F45 0
F45_1 0
F45_2 0
F45_3 0
F46 0
F46_1 0
F46_2 0
F46_3 0
Nσ 0
;

param e :=
N0 0
C1 224
C2 30
C3 36
C4 666
C5 129
C6 665
C7 107
C8 13
C9 411
C10 34
C11 25
C12 692
C13 387
C14 50
C15 572
C16 504
C17 506
C18 389
C19 480
C20 293
C21 199
C22 221
C23 127
C24 853
C25 694
F26 0
F26_1 0
F26_2 0
F26_3 0
F27 0
F27_1 0
F27_2 0
F27_3 0
F28 0
F28_1 0
F28_2 0
F28_3 0
F29 0
F29_1 0
F29_2 0
F29_3 0
F30 0
F30_1 0
F30_2 0
F30_3 0
F31 0
F31_1 0
F31_2 0
F31_3 0
F32 0
F32_1 0
F32_2 0
F32_3 0
F33 0
F33_1 0
F33_2 0
F33_3 0
F34 0
F34_1 0
F34_2 0
F34_3 0
F35 0
F35_1 0
F35_2 0
F35_3 0
F36 0
F36_1 0
F36_2 0
F36_3 0
F37 0
F37_1 0
F37_2 0
F37_3 0
F38 0
F38_1 0
F38_2 0
F38_3 0
F39 0
F39_1 0
F39_2 0
F39_3 0
F40 0
F40_1 0
F40_2 0
F40_3 0
F41 0
F41_1 0
F41_2 0
F41_3 0
F42 0
F42_1 0
F42_2 0
F42_3 0
F43 0
F43_1 0
F43_2 0
F43_3 0
F44 0
F44_1 0
F44_2 0
F44_3 0
F45 0
F45_1 0
F45_2 0
F45_3 0
F46 0
F46_1 0
F46_2 0
F46_3 0
Nσ 0
;

param l :=
N0 1236
C1 404
C2 210
C3 216
C4 846
C5 309
C6 845
C7 287
C8 193
C9 591
C10 214
C11 205
C12 872
C13 567
C14 230
C15 752
C16 684
C17 686
C18 569
C19 660
C20 473
C21 379
C22 401
C23 307
C24 1033
C25 874
F26 1236
F26_1 1236
F26_2 1236
F26_3 1236
F27 1236
F27_1 1236
F27_2 1236
F27_3 1236
F28 1236
F28_1 1236
F28_2 1236
F28_3 1236
F29 1236
F29_1 1236
F29_2 1236
F29_3 1236
F30 1236
F30_1 1236
F30_2 1236
F30_3 1236
F31 1236
F31_1 1236
F31_2 1236
F31_3 1236
F32 1236
F32_1 1236
F32_2 1236
F32_3 1236
F33 1236
F33_1 1236
F33_2 1236
F33_3 1236
F34 1236
F34_1 1236
F34_2 1236
F34_3 1236
F35 1236
F35_1 1236
F35_2 1236
F35_3 1236
F36 1236
F36_1 1236
F36_2 1236
F36_3 1236
F37 1236
F37_1 1236
F37_2 1236
F37_3 1236
F38 1236
F38_1 1236
F38_2 1236
F38_3 1236
F39 1236
F39_1 1236
F39_2 1236
F39_3 1236
F40 1236
F40_1 1236
F40_2 1236
F40_3 1236
F41 1236
F41_1 1236
F41_2 1236
F41_3 1236
F42 1236
F42_1 1236
F42_2 1236
F42_3 1236
F43 1236
F43_1 1236
F43_2 1236
F43_3 1236
F44 1236
F44_1 1236
F44_2 1236
F44_3 1236
F45 1236
F45_1 1236
F45_2 1236
F45_3 1236
F46 1236
F46_1 1236
F46_2 1236
F46_3 1236
Nσ 1236
;

param s :=
N0 0
C1 90
C2 90
C3 90
C4 90
C5 90
C6 90
C7 90
C8 90
C9 90
C10 90
C11 90
C12 90
C13 90
C14 90
C15 90
C16 90
C17 90
C18 90
C19 90
C20 90
C21 90
C22 90
C23 90
C24 90
C25 90
F26 0
F26_1 0
F26_2 0
F26_3 0
F27 0
F27_1 0
F27_2 0
F27_3 0
F28 0
F28_1 0
F28_2 0
F28_3 0
F29 0
F29_1 0
F29_2 0
F29_3 0
F30 0
F30_1 0
F30_2 0
F30_3 0
F31 0
F31_1 0
F31_2 0
F31_3 0
F32 0
F32_1 0
F32_2 0
F32_3 0
F33 0
F33_1 0
F33_2 0
F33_3 0
F34 0
F34_1 0
F34_2 0
F34_3 0
F35 0
F35_1 0
F35_2 0
F35_3 0
F36 0
F36_1 0
F36_2 0
F36_3 0
F37 0
F37_1 0
F37_2 0
F37_3 0
F38 0
F38_1 0
F38_2 0
F38_3 0
F39 0
F39_1 0
F39_2 0
F39_3 0
F40 0
F40_1 0
F40_2 0
F40_3 0
F41 0
F41_1 0
F41_2 0
F41_3 0
F42 0
F42_1 0
F42_2 0
F42_3 0
F43 0
F43_1 0
F43_2 0
F43_3 0
F44 0
F44_1 0
F44_2 0
F44_3 0
F45 0
F45_1 0
F45_2 0
F45_3 0
F46 0
F46_1 0
F46_2 0
F46_3 0
Nσ 0
;

param d : N0 C1 C2 C3 C4 C5 C6 C7 C8 C9 C10 C11 C12 C13 C14 C15 C16 C17 C18 C19 C20 C21 C22 C23 C24 C25 F26 F26_1 F26_2 F26_3 F27 F27_1 F27_2 F27_3 F28 F28_1 F28_2 F28_3 F29 F29_1 F29_2 F29_3 F30 F30_1 F30_2 F30_3 F31 F31_1 F31_2 F31_3 F32 F32_1 F32_2 F32_3 F33 F33_1 F33_2 F33_3 F34 F34_1 F34_2 F34_3 F35 F35_1 F35_2 F35_3 F36 F36_1 F36_2 F36_3 F37 F37_1 F37_2 F37_3 F38 F38_1 F38_2 F38_3 F39 F39_1 F39_2 F39_3 F40 F40_1 F40_2 F40_3 F41 F41_1 F41_2 F41_3 F42 F42_1 F42_2 F42_3 F43 F43_1 F43_2 F43_3 F44 F44_1 F44_2 F44_3 F45 F45_1 F45_2 F45_3 F46 F46_1 F46_2 F46_3 Nσ  :=
N0 0.0000 38.0789 30.8058 36.0555 20.6155 33.5410 13.0000 15.1327 12.8062 41.2311 33.3017 25.4951 33.5410 19.6469 50.2892 15.8114 39.3573 40.3113 20.5913 17.7200 19.8494 17.1172 40.6079 35.3553 15.8114 32.3883 0.0000 0.0000 0.0000 0.0000 33.0606 33.0606 33.0606 33.0606 50.2494 50.2494 50.2494 50.2494 32.6497 32.6497 32.6497 32.6497 48.6004 48.6004 48.6004 48.6004 31.0483 31.0483 31.0483 31.0483 46.0109 46.0109 46.0109 46.0109 34.4819 34.4819 34.4819 34.4819 48.8365 48.8365 48.8365 48.8365 23.4094 23.4094 23.4094 23.4094 39.4588 39.4588 39.4588 39.4588 33.0151 33.0151 33.0151 33.0151 46.5725 46.5725 46.5725 46.5725 19.1050 19.1050 19.1050 19.1050 38.8973 38.8973 38.8973 38.8973 19.0263 19.0263 19.0263 19.0263 39.8121 39.8121 39.8121 39.8121 38.0789 38.0789 38.0789 38.0789 42.6380 42.6380 42.6380 42.6380 38.4708 38.4708 38.4708 38.4708 50.3587 50.3587 50.3587 50.3587 0.0000
C1 38.0789 0.0000 43.4626 71.0634 40.3113 5.0000 30.4795 26.2488 43.2897 7.0711 42.0595 63.2456 67.2681 45.3431 83.0000 28.2843 52.8110 11.1803 25.1794 26.9072 48.0000 24.7588 76.2168 41.2311 40.0000 10.4403 38.0789 38.0789 38.0789 38.0789 70.0928 70.0928 70.0928 70.0928 87.3212 87.3212 87.3212 87.3212 66.6033 66.6033 66.6033 66.6033 83.7377 83.7377 83.7377 83.7377 52.4786 52.4786 52.4786 52.4786 69.8355 69.8355 69.8355 69.8355 48.4665 48.4665 48.4665 48.4665 48.0104 48.0104 48.0104 48.0104 26.4197 26.4197 26.4197 26.4197 21.3776 21.3776 21.3776 21.3776 8.9443 8.9443 8.9443 8.9443 10.4403 10.4403 10.4403 10.4403 21.0950 21.0950 21.0950 21.0950 31.8277 31.8277 31.8277 31.8277 34.2345 34.2345 34.2345 34.2345 49.2443 49.2443 49.2443 49.2443 56.9210 56.9210 56.9210 56.9210 69.0507 69.0507 69.0507 69.0507 69.0652 69.0652 69.0652 69.0652 85.4751 85.4751 85.4751 85.4751 38.0789
C2 30.8058 43.4626 0.0000 38.3275 50.5371 41.7612 20.8806 23.1948 43.6005 41.3401 4.0000 47.4236 33.3766 14.3178 77.1751 20.2237 10.0000 37.2022 43.7379 20.0250 50.6063 23.0217 43.5660 7.0000 46.1411 33.1059 30.8058 30.8058 30.8058 30.8058 55.9464 55.9464 55.9464 55.9464 70.8802 70.8802 70.8802 70.8802 33.2415 33.2415 33.2415 33.2415 49.0408 49.0408 49.0408 49.0408 11.1803 11.1803 11.1803 11.1803 27.0185 27.0185 27.0185 27.0185 5.0990 5.0990 5.0990 5.0990 19.6977 19.6977 19.6977 19.6977 17.4642 17.4642 17.4642 17.4642 28.3196 28.3196 28.3196 28.3196 44.9110 44.9110 44.9110 44.9110 45.8039 45.8039 45.8039 45.8039 38.2099 38.2099 38.2099 38.2099 62.2896 62.2896 62.2896 62.2896 47.1699 47.1699 47.1699 47.1699 69.0797 69.0797 69.0797 69.0797 68.7968 68.7968 68.7968 68.7968 72.8354 72.8354 72.8354 72.8354 67.4759 67.4759 67.4759 67.4759 74.7329 74.7329 74.7329 74.7329 30.8058
C3 36.0555 71.0634 38.3275 0.0000 52.2015 67.2681 40.6079 44.8219 41.7612 72.1110 42.2966 25.4951 5.0000 27.3130 53.0000 43.0116 38.3275 69.4622 56.6039 44.6542 45.5412 46.4004 5.3852 45.2769 47.4342 62.6817 36.0555 36.0555 36.0555 36.0555 30.8707 30.8707 30.8707 30.8707 39.0512 39.0512 39.0512 39.0512 5.0990 5.0990 5.0990 5.0990 12.7279 12.7279 12.7279 12.7279 28.0000 28.0000 28.0000 28.0000 26.4008 26.4008 26.4008 26.4008 37.0000 37.0000 37.0000 37.0000 56.0803 56.0803 56.0803 56.0803 47.4131 47.4131 47.4131 47.4131 63.6946 63.6946 63.6946 63.6946 67.8970 67.8970 67.8970 67.8970 77.3886 77.3886 77.3886 77.3886 54.8179 54.8179 54.8179 54.8179 74.2496 74.2496 74.2496 74.2496 53.3104 53.3104 53.3104 53.3104 70.0357 70.0357 70.0357 70.0357 63.0079 63.0079 63.0079 63.0079 58.4637 58.4637 58.4637 58.4637 50.0000 50.0000 50.0000 50.0000 46.8615 46.8615 46.8615 46.8615 36.0555
C4 20.6155 40.3113 50.5371 52.2015 0.0000 35.3553 30.2324 29.7321 10.4403 46.0977 52.4786 32.0156 50.9902 40.2616 43.2897 32.0156 59.6154 47.4342 15.1327 33.3017 9.4340 31.1127 55.7136 54.0833 5.0000 39.9249 20.6155 20.6155 20.6155 20.6155 35.6090 35.6090 35.6090 35.6090 51.4782 51.4782 51.4782 51.4782 50.0100 50.0100 50.0100 50.0100 63.6946 63.6946 63.6946 63.6946 51.6624 51.6624 51.6624 51.6624 66.2722 66.2722 66.2722 66.2722 54.6260 54.6260 54.6260 54.6260 67.0075 67.0075 67.0075 67.0075 38.8973 38.8973 38.8973 38.8973 51.1077 51.1077 51.1077 51.1077 32.0156 32.0156 32.0156 32.0156 50.6360 50.6360 50.6360 50.6360 20.2485 20.2485 20.2485 20.2485 24.0416 24.0416 24.0416 24.0416 6.0828 6.0828 6.0828 6.0828 19.2354 19.2354 19.2354 19.2354 19.1050 19.1050 19.1050 19.1050 28.8617 28.8617 28.8617 28.8617 29.0689 29.0689 29.0689 29.0689 47.1275 47.1275 47.1275 47.1275 20.6155
C5 33.5410 5.0000 41.7612 67.2681 35.3553 0.0000 26.9072 22.6716 38.3275 11.1803 40.7922 58.5235 63.6396 42.2019 78.0000 25.0000 51.4198 14.1421 20.2237 23.8537 43.0000 21.4009 72.3464 40.3113 35.0000 10.1980 33.5410 33.5410 33.5410 33.5410 65.2534 65.2534 65.2534 65.2534 82.4621 82.4621 82.4621 82.4621 62.9365 62.9365 62.9365 62.9365 79.9812 79.9812 79.9812 79.9812 50.0899 50.0899 50.0899 50.0899 67.5426 67.5426 67.5426 67.5426 46.8402 46.8402 46.8402 46.8402 48.3735 48.3735 48.3735 48.3735 24.3516 24.3516 24.3516 24.3516 22.8473 22.8473 22.8473 22.8473 5.0000 5.0000 5.0000 5.0000 15.2971 15.2971 15.2971 15.2971 16.1245 16.1245 16.1245 16.1245 28.4253 28.4253 28.4253 28.4253 29.2746 29.2746 29.2746 29.2746 44.9444 44.9444 44.9444 44.9444 52.2015 52.2015 52.2015 52.2015 64.1327 64.1327 64.1327 64.1327 64.0703 64.0703 64.0703 64.0703 80.5047 80.5047 80.5047 80.5047 33.5410
C6 13.0000 30.4795 20.8806 40.6079 30.2324 26.9072 0.0000 4.2426 25.0000 31.7648 22.3607 37.0000 36.7967 15.6525 63.2456 3.0000 30.5941 29.7321 23.0868 5.0000 32.0156 5.8310 45.8039 23.8537 26.2488 22.3607 13.0000 13.0000 13.0000 13.0000 45.0999 45.0999 45.0999 45.0999 62.0000 62.0000 62.0000 62.0000 36.1248 36.1248 36.1248 36.1248 53.2635 53.2635 53.2635 53.2635 25.3180 25.3180 25.3180 25.3180 42.4500 42.4500 42.4500 42.4500 25.4951 25.4951 25.4951 25.4951 36.8782 36.8782 36.8782 36.8782 10.4403 10.4403 10.4403 10.4403 27.0185 27.0185 27.0185 27.0185 28.3019 28.3019 28.3019 28.3019 37.1214 37.1214 37.1214 37.1214 18.1108 18.1108 18.1108 18.1108 42.0000 42.0000 42.0000 42.0000 26.4008 26.4008 26.4008 26.4008 48.3322 48.3322 48.3322 48.3322 49.0408 49.0408 49.0408 49.0408 55.2178 55.2178 55.2178 55.2178 51.4296 51.4296 51.4296 51.4296 62.9682 62.9682 62.9682 62.9682 13.0000
C7 15.1327 26.2488 23.1948 44.8219 29.7321 22.6716 4.2426 0.0000 25.9422 27.7308 24.0416 40.1123 41.0366 19.7231 65.2534 3.0000 33.1361 25.9615 20.6155 3.6056 32.7567 2.0000 50.0000 25.0799 26.2488 18.3848 15.1327 15.1327 15.1327 15.1327 48.0000 48.0000 48.0000 48.0000 65.0692 65.0692 65.0692 65.0692 40.3609 40.3609 40.3609 40.3609 57.4891 57.4891 57.4891 57.4891 28.8617 28.8617 28.8617 28.8617 46.1736 46.1736 46.1736 46.1736 28.0713 28.0713 28.0713 28.0713 37.4433 37.4433 37.4433 37.4433 9.2195 9.2195 9.2195 9.2195 24.3311 24.3311 24.3311 24.3311 24.1868 24.1868 24.1868 24.1868 33.1059 33.1059 33.1059 33.1059 15.0333 15.0333 15.0333 15.0333 39.1152 39.1152 39.1152 39.1152 25.2389 25.2389 25.2389 25.2389 47.0106 47.0106 47.0106 47.0106 48.7955 48.7955 48.7955 48.7955 56.0803 56.0803 56.0803 56.0803 52.9245 52.9245 52.9245 52.9245 65.4905 65.4905 65.4905 65.4905 15.1327
C8 12.8062 43.2897 43.6005 41.7612 10.4403 38.3275 25.0000 25.9422 0.0000 48.0000 46.0977 22.6716 40.6079 31.7805 40.3113 27.4591 51.9711 48.2597 19.6977 29.1548 7.0711 27.7308 45.3100 48.1041 5.8310 40.3113 12.8062 12.8062 12.8062 12.8062 27.7308 27.7308 27.7308 27.7308 44.5982 44.5982 44.5982 44.5982 39.6232 39.6232 39.6232 39.6232 53.3104 53.3104 53.3104 53.3104 43.0813 43.0813 43.0813 43.0813 56.7186 56.7186 56.7186 56.7186 47.1699 47.1699 47.1699 47.1699 61.5224 61.5224 61.5224 61.5224 34.9857 34.9857 34.9857 34.9857 49.6488 49.6488 49.6488 49.6488 36.1386 36.1386 36.1386 36.1386 53.0377 53.0377 53.0377 53.0377 22.2036 22.2036 22.2036 22.2036 33.6006 33.6006 33.6006 33.6006 12.7279 12.7279 12.7279 12.7279 29.0000 29.0000 29.0000 29.0000 25.4951 25.4951 25.4951 25.4951 30.2324 30.2324 30.2324 30.2324 27.2029 27.2029 27.2029 27.2029 42.1900 42.1900 42.1900 42.1900 12.8062
C9 41.2311 7.0711 41.3401 72.1110 46.0977 11.1803 31.7648 27.7308 48.0000 0.0000 39.3573 66.7083 68.0074 45.4533 88.1419 29.1548 50.0899 5.0000 31.0483 27.4591 53.2353 25.9422 77.3886 38.0789 45.2769 9.4340 41.2311 41.2311 41.2311 41.2311 73.9797 73.9797 73.9797 73.9797 91.2414 91.2414 91.2414 91.2414 67.4240 67.4240 67.4240 67.4240 84.6286 84.6286 84.6286 84.6286 51.2250 51.2250 51.2250 51.2250 68.2422 68.2422 68.2422 68.2422 46.1411 46.1411 46.1411 46.1411 43.1856 43.1856 43.1856 43.1856 25.4558 25.4558 25.4558 25.4558 16.0312 16.0312 16.0312 16.0312 15.8114 15.8114 15.8114 15.8114 5.3852 5.3852 5.3852 5.3852 26.1725 26.1725 26.1725 26.1725 38.8973 38.8973 38.8973 38.8973 40.0250 40.0250 40.0250 40.0250 56.0803 56.0803 56.0803 56.0803 63.3246 63.3246 63.3246 63.3246 74.9533 74.9533 74.9533 74.9533 74.4312 74.4312 74.4312 74.4312 90.0888 90.0888 90.0888 90.0888 41.2311
C10 33.3017 42.0595 4.0000 42.2966 52.4786 40.7922 22.3607 24.0416 46.0977 39.3573 0.0000 51.0784 37.3363 18.0278 80.6226 21.1896 10.7703 34.9857 44.6430 20.6155 53.1507 23.5372 47.5184 3.0000 48.2597 31.6228 33.3017 33.3017 33.3017 33.3017 59.6154 59.6154 59.6154 59.6154 74.7262 74.7262 74.7262 74.7262 37.2156 37.2156 37.2156 37.2156 52.8867 52.8867 52.8867 52.8867 14.8661 14.8661 14.8661 14.8661 29.6985 29.6985 29.6985 29.6985 7.0711 7.0711 7.0711 7.0711 16.1245 16.1245 16.1245 16.1245 17.0000 17.0000 17.0000 17.0000 25.4951 25.4951 25.4951 25.4951 44.2832 44.2832 44.2832 44.2832 43.5660 43.5660 43.5660 43.5660 38.8330 38.8330 38.8330 38.8330 62.8013 62.8013 62.8013 62.8013 48.7545 48.7545 48.7545 48.7545 70.6824 70.6824 70.6824 70.6824 71.0282 71.0282 71.0282 71.0282 75.6902 75.6902 75.6902 75.6902 70.6045 70.6045 70.6045 70.6045 78.3901 78.3901 78.3901 78.3901 33.3017
C11 25.4951 63.2456 47.4236 25.4951 32.0156 58.5235 37.0000 40.1123 22.6716 66.7083 51.0784 0.0000 26.9258 33.1059 30.4795 40.0000 52.4309 65.7647 41.8808 42.0000 23.3238 42.1070 27.0000 53.8516 28.2843 57.8705 25.4951 25.4951 25.4951 25.4951 8.5440 8.5440 8.5440 8.5440 25.0000 25.0000 25.0000 25.0000 26.0000 26.0000 26.0000 26.0000 34.2345 34.2345 34.2345 34.2345 41.4005 41.4005 41.4005 41.4005 48.5489 48.5489 48.5489 48.5489 48.8774 48.8774 48.8774 48.8774 67.1193 67.1193 67.1193 67.1193 47.0956 47.0956 47.0956 47.0956 64.0078 64.0078 64.0078 64.0078 57.2713 57.2713 57.2713 57.2713 72.0347 72.0347 72.0347 72.0347 42.9535 42.9535 42.9535 42.9535 55.9732 55.9732 55.9732 55.9732 35.3836 35.3836 35.3836 35.3836 47.1699 47.1699 47.1699 47.1699 38.4708 38.4708 38.4708 38.4708 32.9848 32.9848 32.9848 32.9848 24.6982 24.6982 24.6982 24.6982 27.3130 27.3130 27.3130 27.3130 25.4951
C12 33.5410 67.2681 33.3766 5.0000 50.9902 63.6396 36.7967 41.0366 40.6079 68.0074 37.3363 26.9258 0.0000 22.8254 55.8032 39.0512 33.3766 65.1920 54.1202 40.6079 45.0444 42.5206 10.1980 40.3113 46.0977 58.6003 33.5410 33.5410 33.5410 33.5410 33.2866 33.2866 33.2866 33.2866 43.0116 43.0116 43.0116 43.0116 1.0000 1.0000 1.0000 1.0000 16.6433 16.6433 16.6433 16.6433 23.0000 23.0000 23.0000 23.0000 22.6274 22.6274 22.6274 22.6274 32.0000 32.0000 32.0000 32.0000 51.0882 51.0882 51.0882 51.0882 43.0465 43.0465 43.0465 43.0465 59.0931 59.0931 59.0931 59.0931 64.5368 64.5368 64.5368 64.5368 73.2393 73.2393 73.2393 73.2393 51.8652 51.8652 51.8652 51.8652 72.2357 72.2357 72.2357 72.2357 51.5461 51.5461 51.5461 51.5461 69.3542 69.3542 69.3542 69.3542 63.1269 63.1269 63.1269 63.1269 59.7746 59.7746 59.7746 59.7746 51.6236 51.6236 51.6236 51.6236 50.2096 50.2096 50.2096 50.2096 33.5410
C13 19.6469 45.3431 14.3178 27.3130 40.2616 42.2019 15.6525 19.7231 31.7805 45.4533 18.0278 33.1059 22.8254 0.0000 62.9682 17.2047 20.6155 42.4382 37.3363 18.4391 38.4708 20.8087 32.6956 20.8806 35.4401 36.1248 19.6469 19.6469 19.6469 19.6469 41.6293 41.6293 41.6293 41.6293 56.7539 56.7539 56.7539 56.7539 22.3607 22.3607 22.3607 22.3607 39.4462 39.4462 39.4462 39.4462 11.4018 11.4018 11.4018 11.4018 27.2947 27.2947 27.2947 27.2947 16.2788 16.2788 16.2788 16.2788 34.0147 34.0147 34.0147 34.0147 20.2485 20.2485 20.2485 20.2485 36.4005 36.4005 36.4005 36.4005 43.9090 43.9090 43.9090 43.9090 50.6063 50.6063 50.6063 50.6063 33.2415 33.2415 33.2415 33.2415 56.4358 56.4358 56.4358 56.4358 38.2099 38.2099 38.2099 38.2099 59.4390 59.4390 59.4390 59.4390 57.2713 57.2713 57.2713 57.2713 59.6657 59.6657 59.6657 59.6657 53.7587 53.7587 53.7587 53.7587 60.4152 60.4152 60.4152 60.4152 19.6469
C14 50.2892 83.0000 77.1751 53.0000 43.2897 78.0000 63.2456 65.2534 40.3113 88.1419 80.6226 30.4795 55.8032 62.9682 0.0000 66.0984 82.8010 88.5664 58.0775 68.0074 35.0000 67.1863 52.3259 83.2406 43.0000 80.6226 50.2892 50.2892 50.2892 50.2892 22.6716 22.6716 22.6716 22.6716 20.0998 20.0998 20.0998 20.0998 55.0000 55.0000 55.0000 55.0000 57.2451 57.2451 57.2451 57.2451 71.8401 71.8401 71.8401 71.8401 78.2432 78.2432 78.2432 78.2432 79.0569 79.0569 79.0569 79.0569 96.7471 96.7471 96.7471 96.7471 73.6817 73.6817 73.6817 73.6817 89.4986 89.4986 89.4986 89.4986 75.1066 75.1066 75.1066 75.1066 93.0484 93.0484 93.0484 93.0484 62.0322 62.0322 62.0322 62.0322 63.9062 63.9062 63.9062 63.9062 49.1630 49.1630 49.1630 49.1630 46.6476 46.6476 46.6476 46.6476 34.1321 34.1321 34.1321 34.1321 19.2094 19.2094 19.2094 19.2094 14.3178 14.3178 14.3178 14.3178 9.2195 9.2195 9.2195 9.2195 50.2892
C15 15.8114 28.2843 20.2237 43.0116 32.0156 25.0000 3.0000 3.0000 27.4591 29.1548 21.1896 40.0000 39.0512 17.2047 66.0984 0.0000 30.1496 26.9258 23.5372 2.0000 34.4093 3.6056 48.2597 22.3607 28.2843 19.7231 15.8114 15.8114 15.8114 15.8114 48.0937 48.0937 48.0937 48.0937 65.0000 65.0000 65.0000 65.0000 38.4187 38.4187 38.4187 38.4187 55.6058 55.6058 55.6058 55.6058 25.9615 25.9615 25.9615 25.9615 43.3244 43.3244 43.3244 43.3244 25.0799 25.0799 25.0799 25.0799 35.0000 35.0000 35.0000 35.0000 7.6158 7.6158 7.6158 7.6158 24.0208 24.0208 24.0208 24.0208 26.8328 26.8328 26.8328 26.8328 34.4819 34.4819 34.4819 34.4819 18.0278 18.0278 18.0278 18.0278 42.1070 42.1070 42.1070 42.1070 27.7849 27.7849 27.7849 27.7849 49.6488 49.6488 49.6488 49.6488 50.9902 50.9902 50.9902 50.9902 57.6888 57.6888 57.6888 57.6888 54.1295 54.1295 54.1295 54.1295 65.9242 65.9242 65.9242 65.9242 15.8114
C16 39.3573 52.8110 10.0000 38.3275 59.6154 51.4198 30.5941 33.1361 51.9711 50.0899 10.7703 52.4309 33.3766 20.6155 82.8010 30.1496 0.0000 45.6508 53.6004 30.0167 58.8303 33.0151 43.1045 12.2066 55.0364 42.3792 39.3573 39.3573 39.3573 39.3573 60.7454 60.7454 60.7454 60.7454 74.3236 74.3236 74.3236 74.3236 33.5410 33.5410 33.5410 33.5410 47.1699 47.1699 47.1699 47.1699 11.1803 11.1803 11.1803 11.1803 20.2485 20.2485 20.2485 20.2485 5.0990 5.0990 5.0990 5.0990 18.1108 18.1108 18.1108 18.1108 27.2947 27.2947 27.2947 27.2947 35.8050 35.8050 35.8050 35.8050 54.7449 54.7449 54.7449 54.7449 54.2033 54.2033 54.2033 54.2033 48.1664 48.1664 48.1664 48.1664 72.2496 72.2496 72.2496 72.2496 56.6127 56.6127 56.6127 56.6127 78.4347 78.4347 78.4347 78.4347 77.4145 77.4145 77.4145 77.4145 80.2808 80.2808 80.2808 80.2808 74.2496 74.2496 74.2496 74.2496 79.4040 79.4040 79.4040 79.4040 39.3573
C17 40.3113 11.1803 37.2022 69.4622 47.4342 14.1421 29.7321 25.9615 48.2597 5.0000 34.9857 65.7647 65.1920 42.4382 88.5664 26.9258 45.6508 0.0000 32.6956 25.0799 53.9351 24.0416 74.7930 33.5410 46.0977 8.0000 40.3113 40.3113 40.3113 40.3113 73.3348 73.3348 73.3348 73.3348 90.5539 90.5539 90.5539 90.5539 64.6607 64.6607 64.6607 64.6607 81.8352 81.8352 81.8352 81.8352 47.4236 47.4236 47.4236 47.4236 64.2028 64.2028 64.2028 64.2028 41.8808 41.8808 41.8808 41.8808 38.2099 38.2099 38.2099 38.2099 22.2036 22.2036 22.2036 22.2036 11.0454 11.0454 11.0454 11.0454 19.1050 19.1050 19.1050 19.1050 8.6023 8.6023 8.6023 8.6023 27.2029 27.2029 27.2029 27.2029 42.5206 42.5206 42.5206 42.5206 41.4367 41.4367 41.4367 41.4367 58.8218 58.8218 58.8218 58.8218 65.3070 65.3070 65.3070 65.3070 76.2430 76.2430 76.2430 76.2430 75.1332 75.1332 75.1332 75.1332 90.0056 90.0056 90.0056 90.0056 40.3113
C18 20.5913 25.1794 43.7379 56.6039 15.1327 20.2237 23.0868 20.6155 19.6977 31.0483 44.6430 41.8808 54.1202 37.3363 58.0775 23.5372 53.6004 32.6956 0.0000 24.0416 23.1948 21.1896 61.0328 45.5412 15.2971 25.5539 20.5913 20.5913 20.5913 20.5913 47.4236 47.4236 47.4236 47.4236 64.2573 64.2573 64.2573 64.2573 53.2353 53.2353 53.2353 53.2353 69.0652 69.0652 69.0652 69.0652 48.0416 48.0416 48.0416 48.0416 64.6297 64.6297 64.6297 64.6297 48.5077 48.5077 48.5077 48.5077 57.2451 57.2451 57.2451 57.2451 28.6356 28.6356 28.6356 28.6356 37.6431 37.6431 37.6431 37.6431 17.0294 17.0294 17.0294 17.0294 35.5106 35.5106 35.5106 35.5106 6.4031 6.4031 6.4031 6.4031 19.1050 19.1050 19.1050 19.1050 9.0554 9.0554 9.0554 9.0554 27.6586 27.6586 27.6586 27.6586 32.6497 32.6497 32.6497 32.6497 43.9318 43.9318 43.9318 43.9318 44.0000 44.0000 44.0000 44.0000 61.1882 61.1882 61.1882 61.1882 20.5913
C19 17.7200 26.9072 20.0250 44.6542 33.3017 23.8537 5.0000 3.6056 29.1548 27.4591 20.6155 42.0000 40.6079 18.4391 68.0074 2.0000 30.0167 25.0799 24.0416 0.0000 36.0555 3.0000 49.9300 21.5407 29.7321 18.0278 17.7200 17.7200 17.7200 17.7200 50.0899 50.0899 50.0899 50.0899 67.0000 67.0000 67.0000 67.0000 40.0000 40.0000 40.0000 40.0000 57.2014 57.2014 57.2014 57.2014 26.5707 26.5707 26.5707 26.5707 44.0114 44.0114 44.0114 44.0114 25.0000 25.0000 25.0000 25.0000 33.8378 33.8378 33.8378 33.8378 5.8310 5.8310 5.8310 5.8310 22.0227 22.0227 22.0227 22.0227 26.0000 26.0000 26.0000 26.0000 32.7567 32.7567 32.7567 32.7567 18.2483 18.2483 18.2483 18.2483 42.2966 42.2966 42.2966 42.2966 28.8444 28.8444 28.8444 28.8444 50.6063 50.6063 50.6063 50.6063 52.3450 52.3450 52.3450 52.3450 59.3633 59.3633 59.3633 59.3633 55.9464 55.9464 55.9464 55.9464 67.8970 67.8970 67.8970 67.8970 17.7200
C20 19.8494 48.0000 50.6063 45.5412 9.4340 43.0000 32.0156 32.7567 7.0711 53.2353 53.1507 23.3238 45.0444 38.4708 35.0000 34.4093 58.8303 53.9351 23.1948 36.0555 0.0000 34.4819 48.5077 55.1725 8.0000 46.0977 19.8494 19.8494 19.8494 19.8494 26.2488 26.2488 26.2488 26.2488 42.0595 42.0595 42.0595 42.0595 44.0454 44.0454 44.0454 44.0454 56.3205 56.3205 56.3205 56.3205 49.6588 49.6588 49.6588 49.6588 62.5859 62.5859 62.5859 62.5859 54.0833 54.0833 54.0833 54.0833 68.5930 68.5930 68.5930 68.5930 41.8808 41.8808 41.8808 41.8808 56.0803 56.0803 56.0803 56.0803 40.1995 40.1995 40.1995 40.1995 58.0775 58.0775 58.0775 58.0775 27.0740 27.0740 27.0740 27.0740 33.3017 33.3017 33.3017 33.3017 14.5602 14.5602 14.5602 14.5602 24.5153 24.5153 24.5153 24.5153 18.9737 18.9737 18.9737 18.9737 23.3238 23.3238 23.3238 23.3238 21.2132 21.2132 21.2132 21.2132 38.0789 38.0789 38.0789 38.0789 19.8494
C21 17.1172 24.7588 23.0217 46.4004 31.1127 21.4009 5.8310 2.0000 27.7308 25.9422 23.5372 42.1070 42.5206 20.8087 67.1863 3.6056 33.0151 24.0416 21.1896 3.0000 34.4819 0.0000 51.6140 24.3516 27.8029 16.5529 17.1172 17.1172 17.1172 17.1172 50.0000 50.0000 50.0000 50.0000 67.0671 67.0671 67.0671 67.0671 41.8688 41.8688 41.8688 41.8688 59.0339 59.0339 59.0339 59.0339 29.4109 29.4109 29.4109 29.4109 46.8188 46.8188 46.8188 46.8188 28.0000 28.0000 28.0000 28.0000 36.3593 36.3593 36.3593 36.3593 7.8102 7.8102 7.8102 7.8102 22.3607 22.3607 22.3607 22.3607 23.2594 23.2594 23.2594 23.2594 31.3050 31.3050 31.3050 31.3050 15.2971 15.2971 15.2971 15.2971 39.3192 39.3192 39.3192 39.3192 26.4008 26.4008 26.4008 26.4008 48.0208 48.0208 48.0208 48.0208 50.2096 50.2096 50.2096 50.2096 57.8014 57.8014 57.8014 57.8014 54.7814 54.7814 54.7814 54.7814 67.4759 67.4759 67.4759 67.4759 17.1172
C22 40.6079 76.2168 43.5660 5.3852 55.7136 72.3464 45.8039 50.0000 45.3100 77.3886 47.5184 27.0000 10.1980 32.6956 52.3259 48.2597 43.1045 74.7930 61.0328 49.9300 48.5077 51.6140 0.0000 50.4876 51.0784 67.9559 40.6079 40.6079 40.6079 40.6079 31.0483 31.0483 31.0483 31.0483 36.7967 36.7967 36.7967 36.7967 10.4403 10.4403 10.4403 10.4403 8.0623 8.0623 8.0623 8.0623 33.0606 33.0606 33.0606 33.0606 29.5296 29.5296 29.5296 29.5296 42.0476 42.0476 42.0476 42.0476 61.0082 61.0082 61.0082 61.0082 52.7731 52.7731 52.7731 52.7731 69.0797 69.0797 69.0797 69.0797 72.8354 72.8354 72.8354 72.8354 82.6801 82.6801 82.6801 82.6801 59.5483 59.5483 59.5483 59.5483 78.2943 78.2943 78.2943 78.2943 57.2451 57.2451 57.2451 57.2451 73.0068 73.0068 73.0068 73.0068 65.2763 65.2763 65.2763 65.2763 59.5399 59.5399 59.5399 59.5399 50.8035 50.8035 50.8035 50.8035 45.4863 45.4863 45.4863 45.4863 40.6079
C23 35.3553 41.2311 7.0000 45.2769 54.0833 40.3113 23.8537 25.0799 48.1041 38.0789 3.0000 53.8516 40.3113 20.8806 83.2406 22.3607 12.2066 33.5410 45.5412 21.5407 55.1725 24.3516 50.4876 0.0000 50.0000 30.8058 35.3553 35.3553 35.3553 35.3553 62.3939 62.3939 62.3939 62.3939 77.6209 77.6209 77.6209 77.6209 40.1995 40.1995 40.1995 40.1995 55.7853 55.7853 55.7853 55.7853 17.7200 17.7200 17.7200 17.7200 31.8904 31.8904 31.8904 31.8904 9.4340 9.4340 9.4340 9.4340 13.6015 13.6015 13.6015 13.6015 17.2627 17.2627 17.2627 17.2627 23.6008 23.6008 23.6008 23.6008 44.0454 44.0454 44.0454 44.0454 42.0595 42.0595 42.0595 42.0595 39.5601 39.5601 39.5601 39.5601 63.3482 63.3482 63.3482 63.3482 50.1199 50.1199 50.1199 50.1199 72.0069 72.0069 72.0069 72.0069 72.8011 72.8011 72.8011 72.8011 77.8974 77.8974 77.8974 77.8974 73.0068 73.0068 73.0068 73.0068 81.1542 81.1542 81.1542 81.1542 35.3553
C24 15.8114 40.0000 46.1411 47.4342 5.0000 35.0000 26.2488 26.2488 5.8310 45.2769 48.2597 28.2843 46.0977 35.4401 43.0000 28.2843 55.0364 46.0977 15.2971 29.7321 8.0000 27.8029 51.0784 50.0000 0.0000 38.3275 15.8114 15.8114 15.8114 15.8114 32.7567 32.7567 32.7567 32.7567 49.2443 49.2443 49.2443 49.2443 45.1221 45.1221 45.1221 45.1221 59.0931 59.0931 59.0931 59.0931 46.8402 46.8402 46.8402 46.8402 61.2944 61.2944 61.2944 61.2944 50.0899 50.0899 50.0899 50.0899 63.1269 63.1269 63.1269 63.1269 35.4683 35.4683 35.4683 35.4683 48.7545 48.7545 48.7545 48.7545 32.2490 32.2490 32.2490 32.2490 50.0899 50.0899 50.0899 50.0899 19.1050 19.1050 19.1050 19.1050 27.8029 27.8029 27.8029 27.8029 7.2111 7.2111 7.2111 7.2111 24.1868 24.1868 24.1868 24.1868 22.8035 22.8035 22.8035 22.8035 30.4631 30.4631 30.4631 30.4631 29.1548 29.1548 29.1548 29.1548 45.8912 45.8912 45.8912 45.8912 15.8114
C25 32.3883 10.4403 33.1059 62.6817 39.9249 10.1980 22.3607 18.3848 40.3113 9.4340 31.6228 57.8705 58.6003 36.1248 80.6226 19.7231 42.3792 8.0000 25.5539 18.0278 46.0977 16.5529 67.9559 30.8058 38.3275 0.0000 32.3883 32.3883 32.3883 32.3883 65.3758 65.3758 65.3758 65.3758 82.6075 82.6075 82.6075 82.6075 58.0086 58.0086 58.0086 58.0086 75.2130 75.2130 75.2130 75.2130 42.4382 42.4382 42.4382 42.4382 59.6825 59.6825 59.6825 59.6825 38.0789 38.0789 38.0789 38.0789 38.2099 38.2099 38.2099 38.2099 16.4012 16.4012 16.4012 16.4012 13.0384 13.0384 13.0384 13.0384 14.8661 14.8661 14.8661 14.8661 14.7648 14.7648 14.7648 14.7648 19.6977 19.6977 19.6977 19.6977 37.7359 37.7359 37.7359 37.7359 34.0147 34.0147 34.0147 34.0147 52.4976 52.4976 52.4976 52.4976 58.1808 58.1808 58.1808 58.1808 68.6222 68.6222 68.6222 68.6222 67.2681 67.2681 67.2681 67.2681 82.0061 82.0061 82.0061 82.0061 32.3883
F26 0.0000 38.0789 30.8058 36.0555 20.6155 33.5410 13.0000 15.1327 12.8062 41.2311 33.3017 25.4951 33.5410 19.6469 50.2892 15.8114 39.3573 40.3113 20.5913 17.7200 19.8494 17.1172 40.6079 35.3553 15.8114 32.3883 0.0000 0.0000 0.0000 0.0000 33.0606 33.0606 33.0606 33.0606 50.2494 50.2494 50.2494 50.2494 32.6497 32.6497 32.6497 32.6497 48.6004 48.6004 48.6004 48.6004 31.0483 31.0483 31.0483 31.0483 46.0109 46.0109 46.0109 46.0109 34.4819 34.4819 34.4819 34.4819 48.8365 48.8365 48.8365 48.8365 23.4094 23.4094 23.4094 23.4094 39.4588 39.4588 39.4588 39.4588 33.0151 33.0151 33.0151 33.0151 46.5725 46.5725 46.5725 46.5725 19.1050 19.1050 19.1050 19.1050 38.8973 38.8973 38.8973 38.8973 19.0263 19.0263 19.0263 19.0263 39.8121 39.8121 39.8121 39.8121 38.0789 38.0789 38.0789 38.0789 42.6380 42.6380 42.6380 42.6380 38.4708 38.4708 38.4708 38.4708 50.3587 50.3587 50.3587 50.3587 0.0000
F26_1 0.0000 38.0789 30.8058 36.0555 20.6155 33.5410 13.0000 15.1327 12.8062 41.2311 33.3017 25.4951 33.5410 19.6469 50.2892 15.8114 39.3573 40.3113 20.5913 17.7200 19.8494 17.1172 40.6079 35.3553 15.8114 32.3883 0.0000 0.0000 0.0000 0.0000 33.0606 33.0606 33.0606 33.0606 50.2494 50.2494 50.2494 50.2494 32.6497 32.6497 32.6497 32.6497 48.6004 48.6004 48.6004 48.6004 31.0483 31.0483 31.0483 31.0483 46.0109 46.0109 46.0109 46.0109 34.4819 34.4819 34.4819 34.4819 48.8365 48.8365 48.8365 48.8365 23.4094 23.4094 23.4094 23.4094 39.4588 39.4588 39.4588 39.4588 33.0151 33.0151 33.0151 33.0151 46.5725 46.5725 46.5725 46.5725 19.1050 19.1050 19.1050 19.1050 38.8973 38.8973 38.8973 38.8973 19.0263 19.0263 19.0263 19.0263 39.8121 39.8121 39.8121 39.8121 38.0789 38.0789 38.0789 38.0789 42.6380 42.6380 42.6380 42.6380 38.4708 38.4708 38.4708 38.4708 50.3587 50.3587 50.3587 50.3587 0.0000
F26_2 0.0000 38.0789 30.8058 36.0555 20.6155 33.5410 13.0000 15.1327 12.8062 41.2311 33.3017 25.4951 33.5410 19.6469 50.2892 15.8114 39.3573 40.3113 20.5913 17.7200 19.8494 17.1172 40.6079 35.3553 15.8114 32.3883 0.0000 0.0000 0.0000 0.0000 33.0606 33.0606 33.0606 33.0606 50.2494 50.2494 50.2494 50.2494 32.6497 32.6497 32.6497 32.6497 48.6004 48.6004 48.6004 48.6004 31.0483 31.0483 31.0483 31.0483 46.0109 46.0109 46.0109 46.0109 34.4819 34.4819 34.4819 34.4819 48.8365 48.8365 48.8365 48.8365 23.4094 23.4094 23.4094 23.4094 39.4588 39.4588 39.4588 39.4588 33.0151 33.0151 33.0151 33.0151 46.5725 46.5725 46.5725 46.5725 19.1050 19.1050 19.1050 19.1050 38.8973 38.8973 38.8973 38.8973 19.0263 19.0263 19.0263 19.0263 39.8121 39.8121 39.8121 39.8121 38.0789 38.0789 38.0789 38.0789 42.6380 42.6380 42.6380 42.6380 38.4708 38.4708 38.4708 38.4708 50.3587 50.3587 50.3587 50.3587 0.0000
F26_3 0.0000 38.0789 30.8058 36.0555 20.6155 33.5410 13.0000 15.1327 12.8062 41.2311 33.3017 25.4951 33.5410 19.6469 50.2892 15.8114 39.3573 40.3113 20.5913 17.7200 19.8494 17.1172 40.6079 35.3553 15.8114 32.3883 0.0000 0.0000 0.0000 0.0000 33.0606 33.0606 33.0606 33.0606 50.2494 50.2494 50.2494 50.2494 32.6497 32.6497 32.6497 32.6497 48.6004 48.6004 48.6004 48.6004 31.0483 31.0483 31.0483 31.0483 46.0109 46.0109 46.0109 46.0109 34.4819 34.4819 34.4819 34.4819 48.8365 48.8365 48.8365 48.8365 23.4094 23.4094 23.4094 23.4094 39.4588 39.4588 39.4588 39.4588 33.0151 33.0151 33.0151 33.0151 46.5725 46.5725 46.5725 46.5725 19.1050 19.1050 19.1050 19.1050 38.8973 38.8973 38.8973 38.8973 19.0263 19.0263 19.0263 19.0263 39.8121 39.8121 39.8121 39.8121 38.0789 38.0789 38.0789 38.0789 42.6380 42.6380 42.6380 42.6380 38.4708 38.4708 38.4708 38.4708 50.3587 50.3587 50.3587 50.3587 0.0000
F27 33.0606 70.0928 55.9464 30.8707 35.6090 65.2534 45.0999 48.0000 27.7308 73.9797 59.6154 8.5440 33.2866 41.6293 22.6716 48.0937 60.7454 73.3348 47.4236 50.0899 26.2488 50.0000 31.0483 62.3939 32.7567 65.3758 33.0606 33.0606 33.0606 33.0606 0.0000 0.0000 0.0000 0.0000 17.2627 17.2627 17.2627 17.2627 32.4500 32.4500 32.4500 32.4500 37.2156 37.2156 37.2156 37.2156 49.6488 49.6488 49.6488 49.6488 55.6058 55.6058 55.6058 55.6058 57.3062 57.3062 57.3062 57.3062 75.6439 75.6439 75.6439 75.6439 55.3263 55.3263 55.3263 55.3263 72.1110 72.1110 72.1110 72.1110 63.5689 63.5689 63.5689 63.5689 79.2465 79.2465 79.2465 79.2465 49.3356 49.3356 49.3356 49.3356 59.5483 59.5483 59.5483 59.5483 39.9625 39.9625 39.9625 39.9625 48.0208 48.0208 48.0208 48.0208 37.6962 37.6962 37.6962 37.6962 29.0000 29.0000 29.0000 29.0000 20.0250 20.0250 20.0250 20.0250 18.7883 18.7883 18.7883 18.7883 33.0606
F27_1 33.0606 70.0928 55.9464 30.8707 35.6090 65.2534 45.0999 48.0000 27.7308 73.9797 59.6154 8.5440 33.2866 41.6293 22.6716 48.0937 60.7454 73.3348 47.4236 50.0899 26.2488 50.0000 31.0483 62.3939 32.7567 65.3758 33.0606 33.0606 33.0606 33.0606 0.0000 0.0000 0.0000 0.0000 17.2627 17.2627 17.2627 17.2627 32.4500 32.4500 32.4500 32.4500 37.2156 37.2156 37.2156 37.2156 49.6488 49.6488 49.6488 49.6488 55.6058 55.6058 55.6058 55.6058 57.3062 57.3062 57.3062 57.3062 75.6439 75.6439 75.6439 75.6439 55.3263 55.3263 55.3263 55.3263 72.1110 72.1110 72.1110 72.1110 63.5689 63.5689 63.5689 63.5689 79.2465 79.2465 79.2465 79.2465 49.3356 49.3356 49.3356 49.3356 59.5483 59.5483 59.5483 59.5483 39.9625 39.9625 39.9625 39.9625 48.0208 48.0208 48.0208 48.0208 37.6962 37.6962 37.6962 37.6962 29.0000 29.0000 29.0000 29.0000 20.0250 20.0250 20.0250 20.0250 18.7883 18.7883 18.7883 18.7883 33.0606
F27_2 33.0606 70.0928 55.9464 30.8707 35.6090 65.2534 45.0999 48.0000 27.7308 73.9797 59.6154 8.5440 33.2866 41.6293 22.6716 48.0937 60.7454 73.3348 47.4236 50.0899 26.2488 50.0000 31.0483 62.3939 32.7567 65.3758 33.0606 33.0606 33.0606 33.0606 0.0000 0.0000 0.0000 0.0000 17.2627 17.2627 17.2627 17.2627 32.4500 32.4500 32.4500 32.4500 37.2156 37.2156 37.2156 37.2156 49.6488 49.6488 49.6488 49.6488 55.6058 55.6058 55.6058 55.6058 57.3062 57.3062 57.3062 57.3062 75.6439 75.6439 75.6439 75.6439 55.3263 55.3263 55.3263 55.3263 72.1110 72.1110 72.1110 72.1110 63.5689 63.5689 63.5689 63.5689 79.2465 79.2465 79.2465 79.2465 49.3356 49.3356 49.3356 49.3356 59.5483 59.5483 59.5483 59.5483 39.9625 39.9625 39.9625 39.9625 48.0208 48.0208 48.0208 48.0208 37.6962 37.6962 37.6962 37.6962 29.0000 29.0000 29.0000 29.0000 20.0250 20.0250 20.0250 20.0250 18.7883 18.7883 18.7883 18.7883 33.0606
F27_3 33.0606 70.0928 55.9464 30.8707 35.6090 65.2534 45.0999 48.0000 27.7308 73.9797 59.6154 8.5440 33.2866 41.6293 22.6716 48.0937 60.7454 73.3348 47.4236 50.0899 26.2488 50.0000 31.0483 62.3939 32.7567 65.3758 33.0606 33.0606 33.0606 33.0606 0.0000 0.0000 0.0000 0.0000 17.2627 17.2627 17.2627 17.2627 32.4500 32.4500 32.4500 32.4500 37.2156 37.2156 37.2156 37.2156 49.6488 49.6488 49.6488 49.6488 55.6058 55.6058 55.6058 55.6058 57.3062 57.3062 57.3062 57.3062 75.6439 75.6439 75.6439 75.6439 55.3263 55.3263 55.3263 55.3263 72.1110 72.1110 72.1110 72.1110 63.5689 63.5689 63.5689 63.5689 79.2465 79.2465 79.2465 79.2465 49.3356 49.3356 49.3356 49.3356 59.5483 59.5483 59.5483 59.5483 39.9625 39.9625 39.9625 39.9625 48.0208 48.0208 48.0208 48.0208 37.6962 37.6962 37.6962 37.6962 29.0000 29.0000 29.0000 29.0000 20.0250 20.0250 20.0250 20.0250 18.7883 18.7883 18.7883 18.7883 33.0606
F28 50.2494 87.3212 70.8802 39.0512 51.4782 82.4621 62.0000 65.0692 44.5982 91.2414 74.7262 25.0000 43.0116 56.7539 20.0998 65.0000 74.3236 90.5539 64.2573 67.0000 42.0595 67.0671 36.7967 77.6209 49.2443 82.6075 50.2494 50.2494 50.2494 50.2494 17.2627 17.2627 17.2627 17.2627 0.0000 0.0000 0.0000 0.0000 42.4382 42.4382 42.4382 42.4382 39.9625 39.9625 39.9625 39.9625 63.1585 63.1585 63.1585 63.1585 65.4370 65.4370 65.4370 65.4370 71.5122 71.5122 71.5122 71.5122 90.4434 90.4434 90.4434 90.4434 72.0625 72.0625 72.0625 72.0625 89.0056 89.0056 89.0056 89.0056 80.6536 80.6536 80.6536 80.6536 96.5091 96.5091 96.5091 96.5091 66.4831 66.4831 66.4831 66.4831 74.8866 74.8866 74.8866 74.8866 56.3649 56.3649 56.3649 56.3649 60.8276 60.8276 60.8276 60.8276 49.0408 49.0408 49.0408 49.0408 36.2353 36.2353 36.2353 36.2353 28.0179 28.0179 28.0179 28.0179 11.0000 11.0000 11.0000 11.0000 50.2494
F28_1 50.2494 87.3212 70.8802 39.0512 51.4782 82.4621 62.0000 65.0692 44.5982 91.2414 74.7262 25.0000 43.0116 56.7539 20.0998 65.0000 74.3236 90.5539 64.2573 67.0000 42.0595 67.0671 36.7967 77.6209 49.2443 82.6075 50.2494 50.2494 50.2494 50.2494 17.2627 17.2627 17.2627 17.2627 0.0000 0.0000 0.0000 0.0000 42.4382 42.4382 42.4382 42.4382 39.9625 39.9625 39.9625 39.9625 63.1585 63.1585 63.1585 63.1585 65.4370 65.4370 65.4370 65.4370 71.5122 71.5122 71.5122 71.5122 90.4434 90.4434 90.4434 90.4434 72.0625 72.0625 72.0625 72.0625 89.0056 89.0056 89.0056 89.0056 80.6536 80.6536 80.6536 80.6536 96.5091 96.5091 96.5091 96.5091 66.4831 66.4831 66.4831 66.4831 74.8866 74.8866 74.8866 74.8866 56.3649 56.3649 56.3649 56.3649 60.8276 60.8276 60.8276 60.8276 49.0408 49.0408 49.0408 49.0408 36.2353 36.2353 36.2353 36.2353 28.0179 28.0179 28.0179 28.0179 11.0000 11.0000 11.0000 11.0000 50.2494
F28_2 50.2494 87.3212 70.8802 39.0512 51.4782 82.4621 62.0000 65.0692 44.5982 91.2414 74.7262 25.0000 43.0116 56.7539 20.0998 65.0000 74.3236 90.5539 64.2573 67.0000 42.0595 67.0671 36.7967 77.6209 49.2443 82.6075 50.2494 50.2494 50.2494 50.2494 17.2627 17.2627 17.2627 17.2627 0.0000 0.0000 0.0000 0.0000 42.4382 42.4382 42.4382 42.4382 39.9625 39.9625 39.9625 39.9625 63.1585 63.1585 63.1585 63.1585 65.4370 65.4370 65.4370 65.4370 71.5122 71.5122 71.5122 71.5122 90.4434 90.4434 90.4434 90.4434 72.0625 72.0625 72.0625 72.0625 89.0056 89.0056 89.0056 89.0056 80.6536 80.6536 80.6536 80.6536 96.5091 96.5091 96.5091 96.5091 66.4831 66.4831 66.4831 66.4831 74.8866 74.8866 74.8866 74.8866 56.3649 56.3649 56.3649 56.3649 60.8276 60.8276 60.8276 60.8276 49.0408 49.0408 49.0408 49.0408 36.2353 36.2353 36.2353 36.2353 28.0179 28.0179 28.0179 28.0179 11.0000 11.0000 11.0000 11.0000 50.2494
F28_3 50.2494 87.3212 70.8802 39.0512 51.4782 82.4621 62.0000 65.0692 44.5982 91.2414 74.7262 25.0000 43.0116 56.7539 20.0998 65.0000 74.3236 90.5539 64.2573 67.0000 42.0595 67.0671 36.7967 77.6209 49.2443 82.6075 50.2494 50.2494 50.2494 50.2494 17.2627 17.2627 17.2627 17.2627 0.0000 0.0000 0.0000 0.0000 42.4382 42.4382 42.4382 42.4382 39.9625 39.9625 39.9625 39.9625 63.1585 63.1585 63.1585 63.1585 65.4370 65.4370 65.4370 65.4370 71.5122 71.5122 71.5122 71.5122 90.4434 90.4434 90.4434 90.4434 72.0625 72.0625 72.0625 72.0625 89.0056 89.0056 89.0056 89.0056 80.6536 80.6536 80.6536 80.6536 96.5091 96.5091 96.5091 96.5091 66.4831 66.4831 66.4831 66.4831 74.8866 74.8866 74.8866 74.8866 56.3649 56.3649 56.3649 56.3649 60.8276 60.8276 60.8276 60.8276 49.0408 49.0408 49.0408 49.0408 36.2353 36.2353 36.2353 36.2353 28.0179 28.0179 28.0179 28.0179 11.0000 11.0000 11.0000 11.0000 50.2494
F29 32.6497 66.6033 33.2415 5.0990 50.0100 62.9365 36.1248 40.3609 39.6232 67.4240 37.2156 26.0000 1.0000 22.3607 55.0000 38.4187 33.5410 64.6607 53.2353 40.0000 44.0454 41.8688 10.4403 40.1995 45.1221 58.0086 32.6497 32.6497 32.6497 32.6497 32.4500 32.4500 32.4500 32.4500 42.4382 42.4382 42.4382 42.4382 0.0000 0.0000 0.0000 0.0000 17.2047 17.2047 17.2047 17.2047 23.0217 23.0217 23.0217 23.0217 23.3452 23.3452 23.3452 23.3452 32.0156 32.0156 32.0156 32.0156 51.1566 51.1566 51.1566 51.1566 42.5441 42.5441 42.5441 42.5441 58.6941 58.6941 58.6941 58.6941 63.7809 63.7809 63.7809 63.7809 72.6705 72.6705 72.6705 72.6705 51.0392 51.0392 51.0392 51.0392 71.3092 71.3092 71.3092 71.3092 50.5964 50.5964 50.5964 50.5964 68.3593 68.3593 68.3593 68.3593 62.1289 62.1289 62.1289 62.1289 58.8218 58.8218 58.8218 58.8218 50.6952 50.6952 50.6952 50.6952 49.4975 49.4975 49.4975 49.4975 32.6497
