# set
set V := C1 C2 C3 C4 C5 C6 C7 C8 C9 C10 C11 C12 C13 C14 C15 C16 C17 C18 C19 C20 C21 C22 C23 C24 C25 ;
set F := F26 F27 F28 F29 F30 F31 F32 F33 F34 F35 F36 F37 F38 F39 F40 F41 F42 F43 F44 F45 F46 F26_1 F26_2 F26_3 F27_1 F27_2 F27_3 F28_1 F28_2 F28_3 F29_1 F29_2 F29_3 F30_1 F30_2 F30_3 F31_1 F31_2 F31_3 F32_1 F32_2 F32_3 F33_1 F33_2 F33_3 F34_1 F34_2 F34_3 F35_1 F35_2 F35_3 F36_1 F36_2 F36_3 F37_1 F37_2 F37_3 F38_1 F38_2 F38_3 F39_1 F39_2 F39_3 F40_1 F40_2 F40_3 F41_1 F41_2 F41_3 F42_1 F42_2 F42_3 F43_1 F43_2 F43_3 F44_1 F44_2 F44_3 F45_1 F45_2 F45_3 F46_1 F46_2 F46_3 ;
set D0 := N0;
set Dσ := Nσ;

# param
param Cf := 200;		# ECV fixed cost
param C := 700;		# ECV max load
param Q := 117.7;		# ECV/BSV battery level
param r := 1;		# ECV consumption

param Cr := 100;		# recharging cost
param Ct := 10;		# travel cost
param Cs ;		# battery swap cost
param n := 25;		# number of customers
param g := 6.87;	# recharging rate

param m :=
N0 0
C1 10
C2 20
C3 10
C4 10
C5 10
C6 10
C7 10
C8 30
C9 30
C10 10
C11 40
C12 10
C13 10
C14 10
C15 40
C16 30
C17 40
C18 10
C19 40
C20 10
C21 20
C22 20
C23 40
C24 10
C25 10
F26 0
F26_1 0
F26_2 0
F26_3 0
F27 0
F27_1 0
F27_2 0
F27_3 0
F28 0
F28_1 0
F28_2 0
F28_3 0
F29 0
F29_1 0
F29_2 0
F29_3 0
F30 0
F30_1 0
F30_2 0
F30_3 0
F31 0
F31_1 0
F31_2 0
F31_3 0
F32 0
F32_1 0
F32_2 0
F32_3 0
F33 0
F33_1 0
F33_2 0
F33_3 0
F34 0
F34_1 0
F34_2 0
F34_3 0
F35 0
F35_1 0
F35_2 0
F35_3 0
F36 0
F36_1 0
F36_2 0
F36_3 0
F37 0
F37_1 0
F37_2 0
F37_3 0
F38 0
F38_1 0
F38_2 0
F38_3 0
F39 0
F39_1 0
F39_2 0
F39_3 0
F40 0
F40_1 0
F40_2 0
F40_3 0
F41 0
F41_1 0
F41_2 0
F41_3 0
F42 0
F42_1 0
F42_2 0
F42_3 0
F43 0
F43_1 0
F43_2 0
F43_3 0
F44 0
F44_1 0
F44_2 0
F44_3 0
F45 0
F45_1 0
F45_2 0
F45_3 0
F46 0
F46_1 0
F46_2 0
F46_3 0
Nσ 0
;

param e :=
N0 0
C1 2348
C2 1036
C3 1030
C4 812
C5 1154
C6 93
C7 1519
C8 1199
C9 2119
C10 2369
C11 1763
C12 2385
C13 897
C14 1076
C15 1552
C16 1829
C17 998
C18 2002
C19 8
C20 10
C21 2653
C22 772
C23 499
C24 170
C25 641
F26 0
F26_1 0
F26_2 0
F26_3 0
F27 0
F27_1 0
F27_2 0
F27_3 0
F28 0
F28_1 0
F28_2 0
F28_3 0
F29 0
F29_1 0
F29_2 0
F29_3 0
F30 0
F30_1 0
F30_2 0
F30_3 0
F31 0
F31_1 0
F31_2 0
F31_3 0
F32 0
F32_1 0
F32_2 0
F32_3 0
F33 0
F33_1 0
F33_2 0
F33_3 0
F34 0
F34_1 0
F34_2 0
F34_3 0
F35 0
F35_1 0
F35_2 0
F35_3 0
F36 0
F36_1 0
F36_2 0
F36_3 0
F37 0
F37_1 0
F37_2 0
F37_3 0
F38 0
F38_1 0
F38_2 0
F38_3 0
F39 0
F39_1 0
F39_2 0
F39_3 0
F40 0
F40_1 0
F40_2 0
F40_3 0
F41 0
F41_1 0
F41_2 0
F41_3 0
F42 0
F42_1 0
F42_2 0
F42_3 0
F43 0
F43_1 0
F43_2 0
F43_3 0
F44 0
F44_1 0
F44_2 0
F44_3 0
F45 0
F45_1 0
F45_2 0
F45_3 0
F46 0
F46_1 0
F46_2 0
F46_3 0
Nσ 0
;

param l :=
N0 3390
C1 2771
C2 1439
C3 1463
C4 1281
C5 1527
C6 484
C7 1926
C8 1660
C9 2682
C10 2816
C11 2264
C12 2976
C13 1392
C14 1589
C15 2057
C16 2388
C17 1481
C18 2419
C19 509
C20 645
C21 3280
C22 1329
C23 1030
C24 595
C25 1070
F26 3390
F26_1 3390
F26_2 3390
F26_3 3390
F27 3390
F27_1 3390
F27_2 3390
F27_3 3390
F28 3390
F28_1 3390
F28_2 3390
F28_3 3390
F29 3390
F29_1 3390
F29_2 3390
F29_3 3390
F30 3390
F30_1 3390
F30_2 3390
F30_3 3390
F31 3390
F31_1 3390
F31_2 3390
F31_3 3390
F32 3390
F32_1 3390
F32_2 3390
F32_3 3390
F33 3390
F33_1 3390
F33_2 3390
F33_3 3390
F34 3390
F34_1 3390
F34_2 3390
F34_3 3390
F35 3390
F35_1 3390
F35_2 3390
F35_3 3390
F36 3390
F36_1 3390
F36_2 3390
F36_3 3390
F37 3390
F37_1 3390
F37_2 3390
F37_3 3390
F38 3390
F38_1 3390
F38_2 3390
F38_3 3390
F39 3390
F39_1 3390
F39_2 3390
F39_3 3390
F40 3390
F40_1 3390
F40_2 3390
F40_3 3390
F41 3390
F41_1 3390
F41_2 3390
F41_3 3390
F42 3390
F42_1 3390
F42_2 3390
F42_3 3390
F43 3390
F43_1 3390
F43_2 3390
F43_3 3390
F44 3390
F44_1 3390
F44_2 3390
F44_3 3390
F45 3390
F45_1 3390
F45_2 3390
F45_3 3390
F46 3390
F46_1 3390
F46_2 3390
F46_3 3390
Nσ 3390
;

param s :=
N0 0
C1 90
C2 90
C3 90
C4 90
C5 90
C6 90
C7 90
C8 90
C9 90
C10 90
C11 90
C12 90
C13 90
C14 90
C15 90
C16 90
C17 90
C18 90
C19 90
C20 90
C21 90
C22 90
C23 90
C24 90
C25 90
F26 0
F26_1 0
F26_2 0
F26_3 0
F27 0
F27_1 0
F27_2 0
F27_3 0
F28 0
F28_1 0
F28_2 0
F28_3 0
F29 0
F29_1 0
F29_2 0
F29_3 0
F30 0
F30_1 0
F30_2 0
F30_3 0
F31 0
F31_1 0
F31_2 0
F31_3 0
F32 0
F32_1 0
F32_2 0
F32_3 0
F33 0
F33_1 0
F33_2 0
F33_3 0
F34 0
F34_1 0
F34_2 0
F34_3 0
F35 0
F35_1 0
F35_2 0
F35_3 0
F36 0
F36_1 0
F36_2 0
F36_3 0
F37 0
F37_1 0
F37_2 0
F37_3 0
F38 0
F38_1 0
F38_2 0
F38_3 0
F39 0
F39_1 0
F39_2 0
F39_3 0
F40 0
F40_1 0
F40_2 0
F40_3 0
F41 0
F41_1 0
F41_2 0
F41_3 0
F42 0
F42_1 0
F42_2 0
F42_3 0
F43 0
F43_1 0
F43_2 0
F43_3 0
F44 0
F44_1 0
F44_2 0
F44_3 0
F45 0
F45_1 0
F45_2 0
F45_3 0
F46 0
F46_1 0
F46_2 0
F46_3 0
Nσ 0
;

param d : N0 C1 C2 C3 C4 C5 C6 C7 C8 C9 C10 C11 C12 C13 C14 C15 C16 C17 C18 C19 C20 C21 C22 C23 C24 C25 F26 F26_1 F26_2 F26_3 F27 F27_1 F27_2 F27_3 F28 F28_1 F28_2 F28_3 F29 F29_1 F29_2 F29_3 F30 F30_1 F30_2 F30_3 F31 F31_1 F31_2 F31_3 F32 F32_1 F32_2 F32_3 F33 F33_1 F33_2 F33_3 F34 F34_1 F34_2 F34_3 F35 F35_1 F35_2 F35_3 F36 F36_1 F36_2 F36_3 F37 F37_1 F37_2 F37_3 F38 F38_1 F38_2 F38_3 F39 F39_1 F39_2 F39_3 F40 F40_1 F40_2 F40_3 F41 F41_1 F41_2 F41_3 F42 F42_1 F42_2 F42_3 F43 F43_1 F43_2 F43_3 F44 F44_1 F44_2 F44_3 F45 F45_1 F45_2 F45_3 F46 F46_1 F46_2 F46_3 Nσ  :=
N0 0.0000 18.0278 40.3113 29.0689 31.0483 25.6125 17.1172 30.5287 45.0000 58.5235 51.4782 40.3113 23.3238 35.0571 35.3553 35.0571 46.1736 40.0500 52.2015 8.2462 10.0000 11.6619 39.2938 33.5261 20.6155 20.0998 0.0000 0.0000 0.0000 0.0000 33.0606 33.0606 33.0606 33.0606 50.2494 50.2494 50.2494 50.2494 32.6497 32.6497 32.6497 32.6497 48.6004 48.6004 48.6004 48.6004 31.0483 31.0483 31.0483 31.0483 46.0109 46.0109 46.0109 46.0109 34.4819 34.4819 34.4819 34.4819 48.8365 48.8365 48.8365 48.8365 23.4094 23.4094 23.4094 23.4094 39.4588 39.4588 39.4588 39.4588 33.0151 33.0151 33.0151 33.0151 46.5725 46.5725 46.5725 46.5725 19.1050 19.1050 19.1050 19.1050 38.8973 38.8973 38.8973 38.8973 19.0263 19.0263 19.0263 19.0263 39.8121 39.8121 39.8121 39.8121 38.0789 38.0789 38.0789 38.0789 42.6380 42.6380 42.6380 42.6380 38.4708 38.4708 38.4708 38.4708 50.3587 50.3587 50.3587 50.3587 0.0000
C1 18.0278 0.0000 31.6228 46.6905 23.4307 43.1393 18.3848 34.8855 31.6228 65.1920 55.9017 50.9902 35.0571 23.3238 26.9258 21.5407 57.0701 27.7308 60.0000 25.9422 15.0000 25.3180 28.4429 22.5610 22.3607 13.0000 18.0278 18.0278 18.0278 18.0278 46.2385 46.2385 46.2385 46.2385 63.2456 63.2456 63.2456 63.2456 50.6063 50.6063 50.6063 50.6063 66.6108 66.6108 66.6108 66.6108 45.0444 45.0444 45.0444 45.0444 61.6604 61.6604 61.6604 61.6604 45.5412 45.5412 45.5412 45.5412 54.5894 54.5894 54.5894 54.5894 25.9422 25.9422 25.9422 25.9422 35.8050 35.8050 35.8050 35.8050 17.4642 17.4642 17.4642 17.4642 35.1283 35.1283 35.1283 35.1283 4.4721 4.4721 4.4721 4.4721 22.0907 22.0907 22.0907 22.0907 9.8489 9.8489 9.8489 9.8489 30.0000 30.0000 30.0000 30.0000 34.1321 34.1321 34.1321 34.1321 44.6430 44.6430 44.6430 44.6430 44.1022 44.1022 44.1022 44.1022 60.6712 60.6712 60.6712 60.6712 18.0278
C2 40.3113 31.6228 0.0000 66.4831 54.1202 63.5689 24.0416 25.2389 56.5685 96.1769 87.3212 44.7214 37.5366 51.6140 5.0000 48.4149 86.0058 54.6717 90.5539 43.9659 30.4138 37.1618 5.3852 9.4340 22.3607 44.5982 40.3113 40.3113 40.3113 40.3113 73.3348 73.3348 73.3348 73.3348 90.5539 90.5539 90.5539 90.5539 64.6607 64.6607 64.6607 64.6607 81.8352 81.8352 81.8352 81.8352 47.4236 47.4236 47.4236 47.4236 64.2028 64.2028 64.2028 64.2028 41.8808 41.8808 41.8808 41.8808 38.2099 38.2099 38.2099 38.2099 22.2036 22.2036 22.2036 22.2036 11.0454 11.0454 11.0454 11.0454 19.1050 19.1050 19.1050 19.1050 8.6023 8.6023 8.6023 8.6023 27.2029 27.2029 27.2029 27.2029 42.5206 42.5206 42.5206 42.5206 41.4367 41.4367 41.4367 41.4367 58.8218 58.8218 58.8218 58.8218 65.3070 65.3070 65.3070 65.3070 76.2430 76.2430 76.2430 76.2430 75.1332 75.1332 75.1332 75.1332 90.0056 90.0056 90.0056 90.0056 40.3113
C3 29.0689 46.6905 66.4831 0.0000 50.9608 3.6056 42.5441 48.0937 67.6757 51.0882 49.6488 44.9444 34.0147 57.5847 61.8466 59.0931 33.2415 62.2977 44.0454 22.8254 37.2156 29.4109 66.6408 61.2944 44.2719 43.8292 29.0689 29.0689 29.0689 29.0689 20.2485 20.2485 20.2485 20.2485 31.3050 31.3050 31.3050 31.3050 12.2066 12.2066 12.2066 12.2066 21.1896 21.1896 21.1896 21.1896 31.9531 31.9531 31.9531 31.9531 35.4683 35.4683 35.4683 35.4683 40.5216 40.5216 40.5216 40.5216 59.6657 59.6657 59.6657 59.6657 45.3542 45.3542 45.3542 45.3542 62.3699 62.3699 62.3699 62.3699 62.0081 62.0081 62.0081 62.0081 73.8241 73.8241 73.8241 73.8241 48.1664 48.1664 48.1664 48.1664 65.5134 65.5134 65.5134 65.5134 44.4185 44.4185 44.4185 44.4185 59.6657 59.6657 59.6657 59.6657 52.0865 52.0865 52.0865 52.0865 47.2969 47.2969 47.2969 47.2969 38.8973 38.8973 38.8973 38.8973 37.5366 37.5366 37.5366 37.5366 29.0689
C4 31.0483 23.4307 54.1202 50.9608 0.0000 47.5395 40.6079 57.2014 17.0000 48.0521 37.3363 70.7743 53.8516 7.8102 49.7393 11.1803 46.0435 11.6619 44.5982 38.4708 34.9857 42.3792 50.1597 44.7214 44.8219 11.6619 31.0483 31.0483 31.0483 31.0483 40.6079 40.6079 40.6079 40.6079 54.6717 54.6717 54.6717 54.6717 59.4138 59.4138 59.4138 59.4138 72.1249 72.1249 72.1249 72.1249 62.0967 62.0967 62.0967 62.0967 76.5310 76.5310 76.5310 76.5310 65.0000 65.0000 65.0000 65.0000 76.8440 76.8440 76.8440 76.8440 48.4149 48.4149 48.4149 48.4149 59.2030 59.2030 59.2030 59.2030 36.6879 36.6879 36.6879 36.6879 55.9732 55.9732 55.9732 55.9732 27.8029 27.8029 27.8029 27.8029 21.1896 21.1896 21.1896 21.1896 14.2127 14.2127 14.2127 14.2127 9.0000 9.0000 9.0000 9.0000 11.4018 11.4018 11.4018 11.4018 25.1794 25.1794 25.1794 25.1794 28.6356 28.6356 28.6356 28.6356 48.3735 48.3735 48.3735 48.3735 31.0483
C5 25.6125 43.1393 63.5689 3.6056 47.5395 0.0000 39.5601 46.0000 64.1950 50.2096 48.0208 44.2832 32.2490 54.0833 58.8727 55.5428 32.8024 58.8218 43.1393 19.6977 34.0000 26.6833 63.5610 58.1378 41.4849 40.2492 25.6125 25.6125 25.6125 25.6125 19.1050 19.1050 19.1050 19.1050 31.9531 31.9531 31.9531 31.9531 13.9284 13.9284 13.9284 13.9284 24.6982 24.6982 24.6982 24.6982 31.3050 31.3050 31.3050 31.3050 36.6197 36.6197 36.6197 36.6197 39.5601 39.5601 39.5601 39.5601 58.5235 58.5235 58.5235 58.5235 42.7551 42.7551 42.7551 42.7551 59.8415 59.8415 59.8415 59.8415 58.6003 58.6003 58.6003 58.6003 70.7743 70.7743 70.7743 70.7743 44.6878 44.6878 44.6878 44.6878 61.9112 61.9112 61.9112 61.9112 40.8167 40.8167 40.8167 40.8167 56.2939 56.2939 56.2939 56.2939 49.0102 49.0102 49.0102 49.0102 44.9222 44.9222 44.9222 44.9222 36.7696 36.7696 36.7696 36.7696 37.2022 37.2022 37.2022 37.2022 25.6125
C6 17.1172 18.3848 24.0416 42.5441 40.6079 39.5601 0.0000 16.6433 49.9800 75.2861 67.6240 33.1361 18.6815 41.5933 19.3132 39.9249 63.2851 46.0977 69.1231 19.9249 7.2801 13.6015 24.1868 19.2094 4.2426 29.0689 17.1172 17.1172 17.1172 17.1172 50.0000 50.0000 50.0000 50.0000 67.0671 67.0671 67.0671 67.0671 41.8688 41.8688 41.8688 41.8688 59.0339 59.0339 59.0339 59.0339 29.4109 29.4109 29.4109 29.4109 46.8188 46.8188 46.8188 46.8188 28.0000 28.0000 28.0000 28.0000 36.3593 36.3593 36.3593 36.3593 7.8102 7.8102 7.8102 7.8102 22.3607 22.3607 22.3607 22.3607 23.2594 23.2594 23.2594 23.2594 31.3050 31.3050 31.3050 31.3050 15.2971 15.2971 15.2971 15.2971 39.3192 39.3192 39.3192 39.3192 26.4008 26.4008 26.4008 26.4008 48.0208 48.0208 48.0208 48.0208 50.2096 50.2096 50.2096 50.2096 57.8014 57.8014 57.8014 57.8014 54.7814 54.7814 54.7814 54.7814 67.4759 67.4759 67.4759 67.4759 17.1172
C7 30.5287 34.8855 25.2389 48.0937 57.2014 46.0000 16.6433 0.0000 66.3099 88.6397 81.9878 19.9249 14.5602 58.1808 22.8473 56.3649 74.7262 62.6099 82.0792 29.1204 22.6274 20.8806 28.6356 26.6833 12.5300 45.6070 30.5287 30.5287 30.5287 30.5287 60.6383 60.6383 60.6383 60.6383 76.7919 76.7919 76.7919 76.7919 43.0116 43.0116 43.0116 43.0116 59.6154 59.6154 59.6154 59.6154 22.8035 22.8035 22.8035 22.8035 39.0512 39.0512 39.0512 39.0512 16.6433 16.6433 16.6433 16.6433 19.7231 19.7231 19.7231 19.7231 8.9443 8.9443 8.9443 8.9443 16.4012 16.4012 16.4012 16.4012 35.0143 35.0143 35.0143 35.0143 33.8378 33.8378 33.8378 33.8378 31.3847 31.3847 31.3847 31.3847 54.8179 54.8179 54.8179 54.8179 43.0116 43.0116 43.0116 43.0116 64.6607 64.6607 64.6607 64.6607 66.5282 66.5282 66.5282 66.5282 73.0068 73.0068 73.0068 73.0068 68.9638 68.9638 68.9638 68.9638 79.1202 79.1202 79.1202 79.1202 30.5287
C8 45.0000 31.6228 56.5685 67.6757 17.0000 64.1950 49.9800 66.3099 0.0000 60.4152 49.2443 82.4621 66.0984 10.1980 53.1507 10.1980 61.6198 5.3852 58.3095 53.0377 46.0977 55.3263 51.6624 47.4236 53.8516 25.0799 45.0000 45.0000 45.0000 45.0000 57.4282 57.4282 57.4282 57.4282 70.7107 70.7107 70.7107 70.7107 75.5050 75.5050 75.5050 75.5050 88.8651 88.8651 88.8651 88.8651 75.4255 75.4255 75.4255 75.4255 91.0055 91.0055 91.0055 91.0055 76.9025 76.9025 76.9025 76.9025 85.9069 85.9069 85.9069 85.9069 57.3847 57.3847 57.3847 57.3847 64.2028 64.2028 64.2028 64.2028 37.4833 37.4833 37.4833 37.4833 55.8032 55.8032 55.8032 55.8032 34.9285 34.9285 34.9285 34.9285 14.4222 14.4222 14.4222 14.4222 26.0192 26.0192 26.0192 26.0192 10.0000 10.0000 10.0000 10.0000 22.4722 22.4722 22.4722 22.4722 37.5899 37.5899 37.5899 37.5899 43.4166 43.4166 43.4166 43.4166 63.4114 63.4114 63.4114 63.4114 45.0000
C9 58.5235 65.1920 96.1769 51.0882 48.0521 50.2096 75.2861 88.6397 60.4152 0.0000 11.1803 93.0054 78.0320 55.0818 91.2414 58.9406 18.3576 56.6480 7.0711 59.9416 68.0074 67.9779 93.5361 87.5728 79.0569 53.0000 58.5235 58.5235 58.5235 58.5235 31.1127 31.1127 31.1127 31.1127 25.4951 25.4951 25.4951 25.4951 63.2535 63.2535 63.2535 63.2535 64.4748 64.4748 64.4748 64.4748 80.4301 80.4301 80.4301 80.4301 86.5563 86.5563 86.5563 86.5563 87.6584 87.6584 87.6584 87.6584 105.3091 105.3091 105.3091 105.3091 81.9329 81.9329 81.9329 81.9329 97.5295 97.5295 97.5295 97.5295 82.0061 82.0061 82.0061 82.0061 100.3195 100.3195 100.3195 100.3195 69.3542 69.3542 69.3542 69.3542 69.1231 69.1231 69.1231 69.1231 56.0089 56.0089 56.0089 56.0089 50.6952 50.6952 50.6952 50.6952 38.2753 38.2753 38.2753 38.2753 23.0868 23.0868 23.0868 23.0868 21.0950 21.0950 21.0950 21.0950 14.8661 14.8661 14.8661 14.8661 58.5235
C10 51.4782 55.9017 87.3212 49.6488 37.3363 48.0208 67.6240 81.9878 49.2443 11.1803 0.0000 88.4590 72.6223 44.1475 82.4621 48.0521 21.0238 45.5412 11.1803 54.2033 60.4152 61.8547 84.3445 78.4474 71.5891 43.2897 51.4782 51.4782 51.4782 51.4782 29.5466 29.5466 29.5466 29.5466 30.4138 30.4138 30.4138 30.4138 61.7738 61.7738 61.7738 61.7738 65.9697 65.9697 65.9697 65.9697 76.3806 76.3806 76.3806 76.3806 84.5991 84.5991 84.5991 84.5991 82.8794 82.8794 82.8794 82.8794 99.6243 99.6243 99.6243 99.6243 74.6860 74.6860 74.6860 74.6860 89.5377 89.5377 89.5377 89.5377 72.2496 72.2496 72.2496 72.2496 90.9340 90.9340 90.9340 90.9340 60.2080 60.2080 60.2080 60.2080 58.2495 58.2495 58.2495 58.2495 46.3897 46.3897 46.3897 46.3897 39.5601 39.5601 39.5601 39.5601 27.2029 27.2029 27.2029 27.2029 12.1655 12.1655 12.1655 12.1655 13.0384 13.0384 13.0384 13.0384 19.6469 19.6469 19.6469 19.6469 51.4782
C11 40.3113 50.9902 44.7214 44.9444 70.7743 44.2832 33.1361 19.9249 82.4621 93.0054 88.4590 0.0000 17.0000 73.3757 42.7200 72.2772 76.6616 78.1601 86.0233 34.8281 36.4005 28.6531 48.4665 46.5725 30.0000 59.2368 40.3113 40.3113 40.3113 40.3113 62.4340 62.4340 62.4340 62.4340 76.1577 76.1577 76.1577 76.1577 35.5106 35.5106 35.5106 35.5106 49.1630 49.1630 49.1630 49.1630 13.0000 13.0000 13.0000 13.0000 21.9545 21.9545 21.9545 21.9545 5.8310 5.8310 5.8310 5.8310 16.1245 16.1245 16.1245 16.1245 27.0740 27.0740 27.0740 27.0740 34.6699 34.6699 34.6699 34.6699 54.4518 54.4518 54.4518 54.4518 53.2353 53.2353 53.2353 53.2353 48.3735 48.3735 48.3735 48.3735 72.4431 72.4431 72.4431 72.4431 57.2451 57.2451 57.2451 57.2451 79.1202 79.1202 79.1202 79.1202 78.3901 78.3901 78.3901 78.3901 81.5659 81.5659 81.5659 81.5659 75.6637 75.6637 75.6637 75.6637 81.1234 81.1234 81.1234 81.1234 40.3113
C12 23.3238 35.0571 37.5366 34.0147 53.8516 32.2490 18.6815 14.5602 66.0984 78.0320 72.6223 17.0000 0.0000 56.7539 33.9706 55.9017 62.7694 61.6117 71.1969 18.4391 20.0998 11.6619 39.6989 36.0555 17.0000 42.3792 23.3238 23.3238 23.3238 23.3238 48.4665 48.4665 48.4665 48.4665 63.7887 63.7887 63.7887 63.7887 28.4605 28.4605 28.4605 28.4605 45.1885 45.1885 45.1885 45.1885 10.7703 10.7703 10.7703 10.7703 28.2312 28.2312 28.2312 28.2312 11.1803 11.1803 11.1803 11.1803 27.2947 27.2947 27.2947 27.2947 15.6205 15.6205 15.6205 15.6205 30.4138 30.4138 30.4138 30.4138 41.7852 41.7852 41.7852 41.7852 45.9674 45.9674 45.9674 45.9674 33.0606 33.0606 33.0606 33.0606 57.0000 57.0000 57.0000 57.0000 40.5216 40.5216 40.5216 40.5216 62.2977 62.2977 62.2977 62.2977 61.4003 61.4003 61.4003 61.4003 65.0692 65.0692 65.0692 65.0692 59.6657 59.6657 59.6657 59.6657 67.2309 67.2309 67.2309 67.2309 23.3238
C13 35.0571 23.3238 51.6140 57.5847 7.8102 54.0833 41.5933 58.1808 10.1980 55.0818 44.1475 73.3757 56.7539 0.0000 47.6340 4.0000 53.8238 5.0000 52.0000 43.0000 37.0000 45.7056 47.1699 42.2019 45.6508 15.0000 35.0571 35.0571 35.0571 35.0571 48.2701 48.2701 48.2701 48.2701 62.4820 62.4820 62.4820 62.4820 65.3070 65.3070 65.3070 65.3070 78.7718 78.7718 78.7718 78.7718 65.7647 65.7647 65.7647 65.7647 81.0555 81.0555 81.0555 81.0555 67.7200 67.7200 67.7200 67.7200 77.8974 77.8974 77.8974 77.8974 49.2443 49.2443 49.2443 49.2443 57.9828 57.9828 57.9828 57.9828 33.1210 33.1210 33.1210 33.1210 52.3259 52.3259 52.3259 52.3259 27.2029 27.2029 27.2029 27.2029 14.1421 14.1421 14.1421 14.1421 16.2788 16.2788 16.2788 16.2788 7.2111 7.2111 7.2111 7.2111 17.1172 17.1172 17.1172 17.1172 32.0156 32.0156 32.0156 32.0156 36.2353 36.2353 36.2353 36.2353 56.0803 56.0803 56.0803 56.0803 35.0571
C14 35.3553 26.9258 5.0000 61.8466 49.7393 58.8727 19.3132 22.8473 53.1507 91.2414 82.4621 42.7200 33.9706 47.6340 0.0000 44.5982 81.0062 50.9313 85.5862 39.2173 25.4951 32.6497 5.8310 5.8310 18.0278 39.9249 35.3553 35.3553 35.3553 35.3553 68.3593 68.3593 68.3593 68.3593 85.5862 85.5862 85.5862 85.5862 60.4649 60.4649 60.4649 60.4649 77.6660 77.6660 77.6660 77.6660 44.2041 44.2041 44.2041 44.2041 61.2944 61.2944 61.2944 61.2944 39.3573 39.3573 39.3573 39.3573 38.0132 38.0132 38.0132 38.0132 18.3848 18.3848 18.3848 18.3848 11.7047 11.7047 11.7047 11.7047 16.1245 16.1245 16.1245 16.1245 12.2066 12.2066 12.2066 12.2066 22.4722 22.4722 22.4722 22.4722 39.4081 39.4081 39.4081 39.4081 36.7696 36.7696 36.7696 36.7696 54.8179 54.8179 54.8179 54.8179 60.8276 60.8276 60.8276 60.8276 71.4703 71.4703 71.4703 71.4703 70.2140 70.2140 70.2140 70.2140 85.0059 85.0059 85.0059 85.0059 35.3553
C15 35.0571 21.5407 48.4149 59.0931 11.1803 55.5428 39.9249 56.3649 10.1980 58.9406 48.0521 72.2772 55.9017 4.0000 44.5982 0.0000 57.1402 6.4031 55.7136 43.1856 35.9026 45.1774 43.8292 39.0512 43.8634 15.5242 35.0571 35.0571 35.0571 35.0571 50.9313 50.9313 50.9313 50.9313 65.6049 65.6049 65.6049 65.6049 66.2193 66.2193 66.2193 66.2193 80.2309 80.2309 80.2309 80.2309 65.2763 65.2763 65.2763 65.2763 81.0062 81.0062 81.0062 81.0062 66.7083 66.7083 66.7083 66.7083 76.0263 76.0263 76.0263 76.0263 47.4236 47.4236 47.4236 47.4236 55.2268 55.2268 55.2268 55.2268 29.6816 29.6816 29.6816 29.6816 48.7647 48.7647 48.7647 48.7647 25.0599 25.0599 25.0599 25.0599 10.1980 10.1980 10.1980 10.1980 16.0312 16.0312 16.0312 16.0312 10.7703 10.7703 10.7703 10.7703 21.0950 21.0950 21.0950 21.0950 35.9026 35.9026 35.9026 35.9026 39.8121 39.8121 39.8121 39.8121 59.5399 59.5399 59.5399 59.5399 35.0571
C16 46.1736 57.0701 86.0058 33.2415 46.0435 32.8024 63.2851 74.7262 61.6198 18.3576 21.0238 76.6616 62.7694 53.8238 81.0062 57.1402 0.0000 56.8507 11.7047 45.6070 56.1427 53.8516 84.2140 78.2304 66.6108 46.8188 46.1736 46.1736 46.1736 46.1736 14.3178 14.3178 14.3178 14.3178 9.8489 9.8489 9.8489 9.8489 45.2769 45.2769 45.2769 45.2769 46.2385 46.2385 46.2385 46.2385 63.8122 63.8122 63.8122 63.8122 68.6222 68.6222 68.6222 68.6222 71.5891 71.5891 71.5891 71.5891 89.9611 89.9611 89.9611 89.9611 69.0507 69.0507 69.0507 69.0507 85.5862 85.5862 85.5862 85.5862 74.5252 74.5252 74.5252 74.5252 91.3510 91.3510 91.3510 91.3510 60.6712 60.6712 60.6712 60.6712 66.7308 66.7308 66.7308 66.7308 49.3356 49.3356 49.3356 49.3356 51.6624 51.6624 51.6624 51.6624 39.6232 39.6232 39.6232 39.6232 26.4197 26.4197 26.4197 26.4197 18.4391 18.4391 18.4391 18.4391 4.4721 4.4721 4.4721 4.4721 46.1736
C17 40.0500 27.7308 54.6717 62.2977 11.6619 58.8218 46.0977 62.6099 5.3852 56.6480 45.5412 78.1601 61.6117 5.0000 50.9313 6.4031 56.8507 0.0000 54.1202 48.0000 41.7612 50.6360 50.0000 45.3431 50.0899 20.0000 40.0500 40.0500 40.0500 40.0500 52.2015 52.2015 52.2015 52.2015 65.7951 65.7951 65.7951 65.7951 70.2140 70.2140 70.2140 70.2140 83.4865 83.4865 83.4865 83.4865 70.7107 70.7107 70.7107 70.7107 86.0523 86.0523 86.0523 86.0523 72.5328 72.5328 72.5328 72.5328 82.2982 82.2982 82.2982 82.2982 53.6656 53.6656 53.6656 53.6656 61.6198 61.6198 61.6198 61.6198 35.8050 35.8050 35.8050 35.8050 54.7083 54.7083 54.7083 54.7083 31.3847 31.3847 31.3847 31.3847 14.3178 14.3178 14.3178 14.3178 21.2132 21.2132 21.2132 21.2132 6.0828 6.0828 6.0828 6.0828 18.3848 18.3848 18.3848 18.3848 33.6155 33.6155 33.6155 33.6155 38.8330 38.8330 38.8330 38.8330 58.8218 58.8218 58.8218 58.8218 40.0500
C18 52.2015 60.0000 90.5539 44.0454 44.5982 43.1393 69.1231 82.0792 58.3095 7.0711 11.1803 86.0233 71.1969 52.0000 85.5862 55.7136 11.7047 54.1202 0.0000 53.2259 61.8466 61.3270 88.1419 82.1523 72.8011 48.2597 52.2015 52.2015 52.2015 52.2015 24.0416 24.0416 24.0416 24.0416 20.0000 20.0000 20.0000 20.0000 56.2228 56.2228 56.2228 56.2228 57.9396 57.9396 57.9396 57.9396 73.4098 73.4098 73.4098 73.4098 79.5110 79.5110 79.5110 79.5110 80.7094 80.7094 80.7094 80.7094 98.4886 98.4886 98.4886 98.4886 75.5844 75.5844 75.5844 75.5844 91.4440 91.4440 91.4440 91.4440 77.1038 77.1038 77.1038 77.1038 95.0474 95.0474 95.0474 95.0474 64.0312 64.0312 64.0312 64.0312 65.7875 65.7875 65.7875 65.7875 51.1566 51.1566 51.1566 51.1566 48.3735 48.3735 48.3735 48.3735 35.8469 35.8469 35.8469 35.8469 20.8087 20.8087 20.8087 20.8087 16.2788 16.2788 16.2788 16.2788 9.0000 9.0000 9.0000 9.0000 52.2015
C19 8.2462 25.9422 43.9659 22.8254 38.4708 19.6977 19.9249 29.1204 53.0377 59.9416 54.2033 34.8281 18.4391 43.0000 39.2173 43.1856 45.6070 48.0000 53.2259 0.0000 14.4222 8.2462 43.8634 38.4708 22.2036 28.0000 8.2462 8.2462 8.2462 8.2462 31.5753 31.5753 31.5753 31.5753 48.0937 48.0937 48.0937 48.0937 24.6982 24.6982 24.6982 24.6982 41.1096 41.1096 41.1096 41.1096 24.1661 24.1661 24.1661 24.1661 38.1182 38.1182 38.1182 38.1182 29.0689 29.0689 29.0689 29.0689 45.4863 45.4863 45.4863 45.4863 24.0000 24.0000 24.0000 24.0000 41.0488 41.0488 41.0488 41.0488 39.6232 39.6232 39.6232 39.6232 51.0784 51.0784 51.0784 51.0784 26.4008 26.4008 26.4008 26.4008 47.1275 47.1275 47.1275 47.1275 27.1662 27.1662 27.1662 27.1662 47.3814 47.3814 47.3814 47.3814 44.3847 44.3847 44.3847 44.3847 46.7547 46.7547 46.7547 46.7547 41.2311 41.2311 41.2311 41.2311 50.0000 50.0000 50.0000 50.0000 8.2462
C20 10.0000 15.0000 30.4138 37.2156 34.9857 34.0000 7.2801 22.6274 46.0977 68.0074 60.4152 36.4005 20.0998 37.0000 25.4951 35.9026 56.1427 41.7612 61.8466 14.4222 0.0000 10.7703 29.7321 24.1661 11.1803 23.3238 10.0000 10.0000 10.0000 10.0000 43.0465 43.0465 43.0465 43.0465 60.2080 60.2080 60.2080 60.2080 38.2884 38.2884 38.2884 38.2884 55.1543 55.1543 55.1543 55.1543 30.0666 30.0666 30.0666 30.0666 46.8722 46.8722 46.8722 46.8722 30.8058 30.8058 30.8058 30.8058 42.0119 42.0119 42.0119 42.0119 14.4222 14.4222 14.4222 14.4222 29.6142 29.6142 29.6142 29.6142 25.4951 25.4951 25.4951 25.4951 37.0000 37.0000 37.0000 37.0000 13.6015 13.6015 13.6015 13.6015 37.0540 37.0540 37.0540 37.0540 21.0238 21.0238 21.0238 21.0238 42.9535 42.9535 42.9535 42.9535 43.9318 43.9318 43.9318 43.9318 50.7740 50.7740 50.7740 50.7740 47.5395 47.5395 47.5395 47.5395 60.2993 60.2993 60.2993 60.2993 10.0000
C21 11.6619 25.3180 37.1618 29.4109 42.3792 26.6833 13.6015 20.8806 55.3263 67.9779 61.8547 28.6531 11.6619 45.7056 32.6497 45.1774 53.8516 50.6360 61.3270 8.2462 10.7703 0.0000 37.7359 32.8024 14.8661 31.0483 11.6619 11.6619 11.6619 11.6619 39.8121 39.8121 39.8121 39.8121 56.2228 56.2228 56.2228 56.2228 28.3196 28.3196 28.3196 28.3196 45.4533 45.4533 45.4533 45.4533 20.0998 20.0998 20.0998 20.0998 36.3456 36.3456 36.3456 36.3456 22.8254 22.8254 22.8254 22.8254 37.8021 37.8021 37.8021 37.8021 16.1245 16.1245 16.1245 16.1245 33.2415 33.2415 33.2415 33.2415 35.8050 35.8050 35.8050 35.8050 44.7772 44.7772 44.7772 44.7772 24.3516 24.3516 24.3516 24.3516 47.3814 47.3814 47.3814 47.3814 29.4279 29.4279 29.4279 29.4279 50.9608 50.9608 50.9608 50.9608 49.7393 49.7393 49.7393 49.7393 53.7587 53.7587 53.7587 53.7587 48.8262 48.8262 48.8262 48.8262 58.2409 58.2409 58.2409 58.2409 11.6619
C22 39.2938 28.4429 5.3852 66.6408 50.1597 63.5610 24.1868 28.6356 51.6624 93.5361 84.3445 48.4665 39.6989 47.1699 5.8310 43.8292 84.2140 50.0000 88.1419 43.8634 29.7321 37.7359 0.0000 6.0000 23.4307 41.2311 39.2938 39.2938 39.2938 39.2938 72.0069 72.0069 72.0069 72.0069 89.2693 89.2693 89.2693 89.2693 65.8027 65.8027 65.8027 65.8027 83.0060 83.0060 83.0060 83.0060 50.0000 50.0000 50.0000 50.0000 67.1193 67.1193 67.1193 67.1193 45.1774 45.1774 45.1774 45.1774 43.0465 43.0465 43.0465 43.0465 24.0832 24.0832 24.0832 24.0832 16.0312 16.0312 16.0312 16.0312 14.2127 14.2127 14.2127 14.2127 7.2801 7.2801 7.2801 7.2801 24.1868 24.1868 24.1868 24.1868 37.4833 37.4833 37.4833 37.4833 38.0789 38.0789 38.0789 38.0789 54.3783 54.3783 54.3783 54.3783 61.4654 61.4654 61.4654 61.4654 73.0068 73.0068 73.0068 73.0068 72.4431 72.4431 72.4431 72.4431 88.0909 88.0909 88.0909 88.0909 39.2938
C23 33.5261 22.5610 9.4340 61.2944 44.7214 58.1378 19.2094 26.6833 47.4236 87.5728 78.4474 46.5725 36.0555 42.2019 5.8310 39.0512 78.2304 45.3431 82.1523 38.4708 24.1661 32.8024 6.0000 0.0000 19.2094 35.4401 33.5261 33.5261 33.5261 33.5261 66.0984 66.0984 66.0984 66.0984 83.3607 83.3607 83.3607 83.3607 61.0737 61.0737 61.0737 61.0737 78.2432 78.2432 78.2432 78.2432 46.6476 46.6476 46.6476 46.6476 64.0078 64.0078 64.0078 64.0078 42.7200 42.7200 42.7200 42.7200 43.1856 43.1856 43.1856 43.1856 20.5913 20.5913 20.5913 20.5913 17.4642 17.4642 17.4642 17.4642 10.2956 10.2956 10.2956 10.2956 13.1529 13.1529 13.1529 13.1529 18.2483 18.2483 18.2483 18.2483 33.6006 33.6006 33.6006 33.6006 32.2800 32.2800 32.2800 32.2800 49.4065 49.4065 49.4065 49.4065 55.9464 55.9464 55.9464 55.9464 67.1863 67.1863 67.1863 67.1863 66.4831 66.4831 66.4831 66.4831 82.0975 82.0975 82.0975 82.0975 33.5261
C24 20.6155 22.3607 22.3607 44.2719 44.8219 41.4849 4.2426 12.5300 53.8516 79.0569 71.5891 30.0000 17.0000 45.6508 18.0278 43.8634 66.6108 50.0899 72.8011 22.2036 11.1803 14.8661 23.4307 19.2094 0.0000 33.3017 20.6155 20.6155 20.6155 20.6155 53.0848 53.0848 53.0848 53.0848 70.0000 70.0000 70.0000 70.0000 42.4382 42.4382 42.4382 42.4382 59.6406 59.6406 59.6406 59.6406 27.7308 27.7308 27.7308 27.7308 45.1885 45.1885 45.1885 45.1885 25.1794 25.1794 25.1794 25.1794 32.2490 32.2490 32.2490 32.2490 3.6056 3.6056 3.6056 3.6056 19.0263 19.0263 19.0263 19.0263 25.0000 25.0000 25.0000 25.0000 30.2324 30.2324 30.2324 30.2324 18.9737 18.9737 18.9737 18.9737 42.7551 42.7551 42.7551 42.7551 30.6105 30.6105 30.6105 30.6105 52.1536 52.1536 52.1536 52.1536 54.4518 54.4518 54.4518 54.4518 61.9112 61.9112 61.9112 61.9112 58.6941 58.6941 58.6941 58.6941 70.8590 70.8590 70.8590 70.8590 20.6155
C25 20.0998 13.0000 44.5982 43.8292 11.6619 40.2492 29.0689 45.6070 25.0799 53.0000 43.2897 59.2368 42.3792 15.0000 39.9249 15.5242 46.8188 20.0000 48.2597 28.0000 23.3238 31.0483 41.2311 35.4401 33.3017 0.0000 20.0998 20.0998 20.0998 20.0998 38.0132 38.0132 38.0132 38.0132 54.1202 54.1202 54.1202 54.1202 50.6952 50.6952 50.6952 50.6952 64.8845 64.8845 64.8845 64.8845 50.9902 50.9902 50.9902 50.9902 66.0681 66.0681 66.0681 66.0681 53.4883 53.4883 53.4883 53.4883 65.2150 65.2150 65.2150 65.2150 36.8782 36.8782 36.8782 36.8782 48.5489 48.5489 48.5489 48.5489 29.0172 29.0172 29.0172 29.0172 47.6760 47.6760 47.6760 47.6760 17.4642 17.4642 17.4642 17.4642 22.0227 22.0227 22.0227 22.0227 3.1623 3.1623 3.1623 3.1623 19.9249 19.9249 19.9249 19.9249 21.4009 21.4009 21.4009 21.4009 31.7805 31.7805 31.7805 31.7805 32.0624 32.0624 32.0624 32.0624 50.0000 50.0000 50.0000 50.0000 20.0998
F26 0.0000 18.0278 40.3113 29.0689 31.0483 25.6125 17.1172 30.5287 45.0000 58.5235 51.4782 40.3113 23.3238 35.0571 35.3553 35.0571 46.1736 40.0500 52.2015 8.2462 10.0000 11.6619 39.2938 33.5261 20.6155 20.0998 0.0000 0.0000 0.0000 0.0000 33.0606 33.0606 33.0606 33.0606 50.2494 50.2494 50.2494 50.2494 32.6497 32.6497 32.6497 32.6497 48.6004 48.6004 48.6004 48.6004 31.0483 31.0483 31.0483 31.0483 46.0109 46.0109 46.0109 46.0109 34.4819 34.4819 34.4819 34.4819 48.8365 48.8365 48.8365 48.8365 23.4094 23.4094 23.4094 23.4094 39.4588 39.4588 39.4588 39.4588 33.0151 33.0151 33.0151 33.0151 46.5725 46.5725 46.5725 46.5725 19.1050 19.1050 19.1050 19.1050 38.8973 38.8973 38.8973 38.8973 19.0263 19.0263 19.0263 19.0263 39.8121 39.8121 39.8121 39.8121 38.0789 38.0789 38.0789 38.0789 42.6380 42.6380 42.6380 42.6380 38.4708 38.4708 38.4708 38.4708 50.3587 50.3587 50.3587 50.3587 0.0000
F26_1 0.0000 18.0278 40.3113 29.0689 31.0483 25.6125 17.1172 30.5287 45.0000 58.5235 51.4782 40.3113 23.3238 35.0571 35.3553 35.0571 46.1736 40.0500 52.2015 8.2462 10.0000 11.6619 39.2938 33.5261 20.6155 20.0998 0.0000 0.0000 0.0000 0.0000 33.0606 33.0606 33.0606 33.0606 50.2494 50.2494 50.2494 50.2494 32.6497 32.6497 32.6497 32.6497 48.6004 48.6004 48.6004 48.6004 31.0483 31.0483 31.0483 31.0483 46.0109 46.0109 46.0109 46.0109 34.4819 34.4819 34.4819 34.4819 48.8365 48.8365 48.8365 48.8365 23.4094 23.4094 23.4094 23.4094 39.4588 39.4588 39.4588 39.4588 33.0151 33.0151 33.0151 33.0151 46.5725 46.5725 46.5725 46.5725 19.1050 19.1050 19.1050 19.1050 38.8973 38.8973 38.8973 38.8973 19.0263 19.0263 19.0263 19.0263 39.8121 39.8121 39.8121 39.8121 38.0789 38.0789 38.0789 38.0789 42.6380 42.6380 42.6380 42.6380 38.4708 38.4708 38.4708 38.4708 50.3587 50.3587 50.3587 50.3587 0.0000
F26_2 0.0000 18.0278 40.3113 29.0689 31.0483 25.6125 17.1172 30.5287 45.0000 58.5235 51.4782 40.3113 23.3238 35.0571 35.3553 35.0571 46.1736 40.0500 52.2015 8.2462 10.0000 11.6619 39.2938 33.5261 20.6155 20.0998 0.0000 0.0000 0.0000 0.0000 33.0606 33.0606 33.0606 33.0606 50.2494 50.2494 50.2494 50.2494 32.6497 32.6497 32.6497 32.6497 48.6004 48.6004 48.6004 48.6004 31.0483 31.0483 31.0483 31.0483 46.0109 46.0109 46.0109 46.0109 34.4819 34.4819 34.4819 34.4819 48.8365 48.8365 48.8365 48.8365 23.4094 23.4094 23.4094 23.4094 39.4588 39.4588 39.4588 39.4588 33.0151 33.0151 33.0151 33.0151 46.5725 46.5725 46.5725 46.5725 19.1050 19.1050 19.1050 19.1050 38.8973 38.8973 38.8973 38.8973 19.0263 19.0263 19.0263 19.0263 39.8121 39.8121 39.8121 39.8121 38.0789 38.0789 38.0789 38.0789 42.6380 42.6380 42.6380 42.6380 38.4708 38.4708 38.4708 38.4708 50.3587 50.3587 50.3587 50.3587 0.0000
F26_3 0.0000 18.0278 40.3113 29.0689 31.0483 25.6125 17.1172 30.5287 45.0000 58.5235 51.4782 40.3113 23.3238 35.0571 35.3553 35.0571 46.1736 40.0500 52.2015 8.2462 10.0000 11.6619 39.2938 33.5261 20.6155 20.0998 0.0000 0.0000 0.0000 0.0000 33.0606 33.0606 33.0606 33.0606 50.2494 50.2494 50.2494 50.2494 32.6497 32.6497 32.6497 32.6497 48.6004 48.6004 48.6004 48.6004 31.0483 31.0483 31.0483 31.0483 46.0109 46.0109 46.0109 46.0109 34.4819 34.4819 34.4819 34.4819 48.8365 48.8365 48.8365 48.8365 23.4094 23.4094 23.4094 23.4094 39.4588 39.4588 39.4588 39.4588 33.0151 33.0151 33.0151 33.0151 46.5725 46.5725 46.5725 46.5725 19.1050 19.1050 19.1050 19.1050 38.8973 38.8973 38.8973 38.8973 19.0263 19.0263 19.0263 19.0263 39.8121 39.8121 39.8121 39.8121 38.0789 38.0789 38.0789 38.0789 42.6380 42.6380 42.6380 42.6380 38.4708 38.4708 38.4708 38.4708 50.3587 50.3587 50.3587 50.3587 0.0000
F27 33.0606 46.2385 73.3348 20.2485 40.6079 19.1050 50.0000 60.6383 57.4282 31.1127 29.5466 62.4340 48.4665 48.2701 68.3593 50.9313 14.3178 52.2015 24.0416 31.5753 43.0465 39.8121 72.0069 66.0984 53.0848 38.0132 33.0606 33.0606 33.0606 33.0606 0.0000 0.0000 0.0000 0.0000 17.2627 17.2627 17.2627 17.2627 32.4500 32.4500 32.4500 32.4500 37.2156 37.2156 37.2156 37.2156 49.6488 49.6488 49.6488 49.6488 55.6058 55.6058 55.6058 55.6058 57.3062 57.3062 57.3062 57.3062 75.6439 75.6439 75.6439 75.6439 55.3263 55.3263 55.3263 55.3263 72.1110 72.1110 72.1110 72.1110 63.5689 63.5689 63.5689 63.5689 79.2465 79.2465 79.2465 79.2465 49.3356 49.3356 49.3356 49.3356 59.5483 59.5483 59.5483 59.5483 39.9625 39.9625 39.9625 39.9625 48.0208 48.0208 48.0208 48.0208 37.6962 37.6962 37.6962 37.6962 29.0000 29.0000 29.0000 29.0000 20.0250 20.0250 20.0250 20.0250 18.7883 18.7883 18.7883 18.7883 33.0606
F27_1 33.0606 46.2385 73.3348 20.2485 40.6079 19.1050 50.0000 60.6383 57.4282 31.1127 29.5466 62.4340 48.4665 48.2701 68.3593 50.9313 14.3178 52.2015 24.0416 31.5753 43.0465 39.8121 72.0069 66.0984 53.0848 38.0132 33.0606 33.0606 33.0606 33.0606 0.0000 0.0000 0.0000 0.0000 17.2627 17.2627 17.2627 17.2627 32.4500 32.4500 32.4500 32.4500 37.2156 37.2156 37.2156 37.2156 49.6488 49.6488 49.6488 49.6488 55.6058 55.6058 55.6058 55.6058 57.3062 57.3062 57.3062 57.3062 75.6439 75.6439 75.6439 75.6439 55.3263 55.3263 55.3263 55.3263 72.1110 72.1110 72.1110 72.1110 63.5689 63.5689 63.5689 63.5689 79.2465 79.2465 79.2465 79.2465 49.3356 49.3356 49.3356 49.3356 59.5483 59.5483 59.5483 59.5483 39.9625 39.9625 39.9625 39.9625 48.0208 48.0208 48.0208 48.0208 37.6962 37.6962 37.6962 37.6962 29.0000 29.0000 29.0000 29.0000 20.0250 20.0250 20.0250 20.0250 18.7883 18.7883 18.7883 18.7883 33.0606
F27_2 33.0606 46.2385 73.3348 20.2485 40.6079 19.1050 50.0000 60.6383 57.4282 31.1127 29.5466 62.4340 48.4665 48.2701 68.3593 50.9313 14.3178 52.2015 24.0416 31.5753 43.0465 39.8121 72.0069 66.0984 53.0848 38.0132 33.0606 33.0606 33.0606 33.0606 0.0000 0.0000 0.0000 0.0000 17.2627 17.2627 17.2627 17.2627 32.4500 32.4500 32.4500 32.4500 37.2156 37.2156 37.2156 37.2156 49.6488 49.6488 49.6488 49.6488 55.6058 55.6058 55.6058 55.6058 57.3062 57.3062 57.3062 57.3062 75.6439 75.6439 75.6439 75.6439 55.3263 55.3263 55.3263 55.3263 72.1110 72.1110 72.1110 72.1110 63.5689 63.5689 63.5689 63.5689 79.2465 79.2465 79.2465 79.2465 49.3356 49.3356 49.3356 49.3356 59.5483 59.5483 59.5483 59.5483 39.9625 39.9625 39.9625 39.9625 48.0208 48.0208 48.0208 48.0208 37.6962 37.6962 37.6962 37.6962 29.0000 29.0000 29.0000 29.0000 20.0250 20.0250 20.0250 20.0250 18.7883 18.7883 18.7883 18.7883 33.0606
F27_3 33.0606 46.2385 73.3348 20.2485 40.6079 19.1050 50.0000 60.6383 57.4282 31.1127 29.5466 62.4340 48.4665 48.2701 68.3593 50.9313 14.3178 52.2015 24.0416 31.5753 43.0465 39.8121 72.0069 66.0984 53.0848 38.0132 33.0606 33.0606 33.0606 33.0606 0.0000 0.0000 0.0000 0.0000 17.2627 17.2627 17.2627 17.2627 32.4500 32.4500 32.4500 32.4500 37.2156 37.2156 37.2156 37.2156 49.6488 49.6488 49.6488 49.6488 55.6058 55.6058 55.6058 55.6058 57.3062 57.3062 57.3062 57.3062 75.6439 75.6439 75.6439 75.6439 55.3263 55.3263 55.3263 55.3263 72.1110 72.1110 72.1110 72.1110 63.5689 63.5689 63.5689 63.5689 79.2465 79.2465 79.2465 79.2465 49.3356 49.3356 49.3356 49.3356 59.5483 59.5483 59.5483 59.5483 39.9625 39.9625 39.9625 39.9625 48.0208 48.0208 48.0208 48.0208 37.6962 37.6962 37.6962 37.6962 29.0000 29.0000 29.0000 29.0000 20.0250 20.0250 20.0250 20.0250 18.7883 18.7883 18.7883 18.7883 33.0606
F28 50.2494 63.2456 90.5539 31.3050 54.6717 31.9531 67.0671 76.7919 70.7107 25.4951 30.4138 76.1577 63.7887 62.4820 85.5862 65.6049 9.8489 65.7951 20.0000 48.0937 60.2080 56.2228 89.2693 83.3607 70.0000 54.1202 50.2494 50.2494 50.2494 50.2494 17.2627 17.2627 17.2627 17.2627 0.0000 0.0000 0.0000 0.0000 42.4382 42.4382 42.4382 42.4382 39.9625 39.9625 39.9625 39.9625 63.1585 63.1585 63.1585 63.1585 65.4370 65.4370 65.4370 65.4370 71.5122 71.5122 71.5122 71.5122 90.4434 90.4434 90.4434 90.4434 72.0625 72.0625 72.0625 72.0625 89.0056 89.0056 89.0056 89.0056 80.6536 80.6536 80.6536 80.6536 96.5091 96.5091 96.5091 96.5091 66.4831 66.4831 66.4831 66.4831 74.8866 74.8866 74.8866 74.8866 56.3649 56.3649 56.3649 56.3649 60.8276 60.8276 60.8276 60.8276 49.0408 49.0408 49.0408 49.0408 36.2353 36.2353 36.2353 36.2353 28.0179 28.0179 28.0179 28.0179 11.0000 11.0000 11.0000 11.0000 50.2494
F28_1 50.2494 63.2456 90.5539 31.3050 54.6717 31.9531 67.0671 76.7919 70.7107 25.4951 30.4138 76.1577 63.7887 62.4820 85.5862 65.6049 9.8489 65.7951 20.0000 48.0937 60.2080 56.2228 89.2693 83.3607 70.0000 54.1202 50.2494 50.2494 50.2494 50.2494 17.2627 17.2627 17.2627 17.2627 0.0000 0.0000 0.0000 0.0000 42.4382 42.4382 42.4382 42.4382 39.9625 39.9625 39.9625 39.9625 63.1585 63.1585 63.1585 63.1585 65.4370 65.4370 65.4370 65.4370 71.5122 71.5122 71.5122 71.5122 90.4434 90.4434 90.4434 90.4434 72.0625 72.0625 72.0625 72.0625 89.0056 89.0056 89.0056 89.0056 80.6536 80.6536 80.6536 80.6536 96.5091 96.5091 96.5091 96.5091 66.4831 66.4831 66.4831 66.4831 74.8866 74.8866 74.8866 74.8866 56.3649 56.3649 56.3649 56.3649 60.8276 60.8276 60.8276 60.8276 49.0408 49.0408 49.0408 49.0408 36.2353 36.2353 36.2353 36.2353 28.0179 28.0179 28.0179 28.0179 11.0000 11.0000 11.0000 11.0000 50.2494
F28_2 50.2494 63.2456 90.5539 31.3050 54.6717 31.9531 67.0671 76.7919 70.7107 25.4951 30.4138 76.1577 63.7887 62.4820 85.5862 65.6049 9.8489 65.7951 20.0000 48.0937 60.2080 56.2228 89.2693 83.3607 70.0000 54.1202 50.2494 50.2494 50.2494 50.2494 17.2627 17.2627 17.2627 17.2627 0.0000 0.0000 0.0000 0.0000 42.4382 42.4382 42.4382 42.4382 39.9625 39.9625 39.9625 39.9625 63.1585 63.1585 63.1585 63.1585 65.4370 65.4370 65.4370 65.4370 71.5122 71.5122 71.5122 71.5122 90.4434 90.4434 90.4434 90.4434 72.0625 72.0625 72.0625 72.0625 89.0056 89.0056 89.0056 89.0056 80.6536 80.6536 80.6536 80.6536 96.5091 96.5091 96.5091 96.5091 66.4831 66.4831 66.4831 66.4831 74.8866 74.8866 74.8866 74.8866 56.3649 56.3649 56.3649 56.3649 60.8276 60.8276 60.8276 60.8276 49.0408 49.0408 49.0408 49.0408 36.2353 36.2353 36.2353 36.2353 28.0179 28.0179 28.0179 28.0179 11.0000 11.0000 11.0000 11.0000 50.2494
F28_3 50.2494 63.2456 90.5539 31.3050 54.6717 31.9531 67.0671 76.7919 70.7107 25.4951 30.4138 76.1577 63.7887 62.4820 85.5862 65.6049 9.8489 65.7951 20.0000 48.0937 60.2080 56.2228 89.2693 83.3607 70.0000 54.1202 50.2494 50.2494 50.2494 50.2494 17.2627 17.2627 17.2627 17.2627 0.0000 0.0000 0.0000 0.0000 42.4382 42.4382 42.4382 42.4382 39.9625 39.9625 39.9625 39.9625 63.1585 63.1585 63.1585 63.1585 65.4370 65.4370 65.4370 65.4370 71.5122 71.5122 71.5122 71.5122 90.4434 90.4434 90.4434 90.4434 72.0625 72.0625 72.0625 72.0625 89.0056 89.0056 89.0056 89.0056 80.6536 80.6536 80.6536 80.6536 96.5091 96.5091 96.5091 96.5091 66.4831 66.4831 66.4831 66.4831 74.8866 74.8866 74.8866 74.8866 56.3649 56.3649 56.3649 56.3649 60.8276 60.8276 60.8276 60.8276 49.0408 49.0408 49.0408 49.0408 36.2353 36.2353 36.2353 36.2353 28.0179 28.0179 28.0179 28.0179 11.0000 11.0000 11.0000 11.0000 50.2494
F29 32.6497 50.6063 64.6607 12.2066 59.4138 13.9284 41.8688 43.0116 75.5050 63.2535 61.7738 35.5106 28.4605 65.3070 60.4649 66.2193 45.2769 70.2140 56.2228 24.6982 38.2884 28.3196 65.8027 61.0737 42.4382 50.6952 32.6497 32.6497 32.6497 32.6497 32.4500 32.4500 32.4500 32.4500 42.4382 42.4382 42.4382 42.4382 0.0000 0.0000 0.0000 0.0000 17.2047 17.2047 17.2047 17.2047 23.0217 23.0217 23.0217 23.0217 23.3452 23.3452 23.3452 23.3452 32.0156 32.0156 32.0156 32.0156 51.1566 51.1566 51.1566 51.1566 42.5441 42.5441 42.5441 42.5441 58.6941 58.6941 58.6941 58.6941 63.7809 63.7809 63.7809 63.7809 72.6705 72.6705 72.6705 72.6705 51.0392 51.0392 51.0392 51.0392 71.3092 71.3092 71.3092 71.3092 50.5964 50.5964 50.5964 50.5964 68.3593 68.3593 68.3593 68.3593 62.1289 62.1289 62.1289 62.1289 58.8218 58.8218 58.8218 58.8218 50.6952 50.6952 50.6952 50.6952 49.4975 49.4975 49.4975 49.4975 32.6497
