# set
set V := C1 C2 C3 C4 C5 C6 C7 C8 C9 C10 C11 C12 C13 C14 C15 C16 C17 C18 C19 C20 C21 C22 C23 C24 C25 ;
set F := F26 F27 F28 F29 F30 F31 F32 F33 F34 F35 F36 F37 F38 F39 F40 F41 F42 F43 F44 F45 F46 F26_1 F26_2 F26_3 F27_1 F27_2 F27_3 F28_1 F28_2 F28_3 F29_1 F29_2 F29_3 F30_1 F30_2 F30_3 F31_1 F31_2 F31_3 F32_1 F32_2 F32_3 F33_1 F33_2 F33_3 F34_1 F34_2 F34_3 F35_1 F35_2 F35_3 F36_1 F36_2 F36_3 F37_1 F37_2 F37_3 F38_1 F38_2 F38_3 F39_1 F39_2 F39_3 F40_1 F40_2 F40_3 F41_1 F41_2 F41_3 F42_1 F42_2 F42_3 F43_1 F43_2 F43_3 F44_1 F44_2 F44_3 F45_1 F45_2 F45_3 F46_1 F46_2 F46_3 ;
set D0 := N0;
set Dσ := Nσ;

# param
param Cf := 200;		# ECV fixed cost
param C := 700;		# ECV max load
param Q := 117.66;		# ECV/BSV battery level
param r := 1;		# ECV consumption

param Cr := 100;		# recharging cost
param Ct := 10;		# travel cost
param Cs ;		# battery swap cost
param n := 25;		# number of customers
param g := 6.87;	# recharging rate

param m :=
N0 0
C1 20
C2 10
C3 10
C4 30
C5 10
C6 20
C7 20
C8 10
C9 10
C10 40
C11 30
C12 10
C13 10
C14 30
C15 10
C16 10
C17 20
C18 10
C19 20
C20 10
C21 20
C22 20
C23 40
C24 40
C25 10
F26 0
F26_1 0
F26_2 0
F26_3 0
F27 0
F27_1 0
F27_2 0
F27_3 0
F28 0
F28_1 0
F28_2 0
F28_3 0
F29 0
F29_1 0
F29_2 0
F29_3 0
F30 0
F30_1 0
F30_2 0
F30_3 0
F31 0
F31_1 0
F31_2 0
F31_3 0
F32 0
F32_1 0
F32_2 0
F32_3 0
F33 0
F33_1 0
F33_2 0
F33_3 0
F34 0
F34_1 0
F34_2 0
F34_3 0
F35 0
F35_1 0
F35_2 0
F35_3 0
F36 0
F36_1 0
F36_2 0
F36_3 0
F37 0
F37_1 0
F37_2 0
F37_3 0
F38 0
F38_1 0
F38_2 0
F38_3 0
F39 0
F39_1 0
F39_2 0
F39_3 0
F40 0
F40_1 0
F40_2 0
F40_3 0
F41 0
F41_1 0
F41_2 0
F41_3 0
F42 0
F42_1 0
F42_2 0
F42_3 0
F43 0
F43_1 0
F43_2 0
F43_3 0
F44 0
F44_1 0
F44_2 0
F44_3 0
F45 0
F45_1 0
F45_2 0
F45_3 0
F46 0
F46_1 0
F46_2 0
F46_3 0
Nσ 0
;

param e :=
N0 0
C1 2976
C2 2242
C3 15
C4 2563
C5 1842
C6 477
C7 1180
C8 246
C9 63
C10 1426
C11 1969
C12 897
C13 2605
C14 1782
C15 2789
C16 2369
C17 209
C18 1036
C19 1894
C20 15
C21 12
C22 646
C23 2177
C24 998
C25 2428
F26 0
F26_1 0
F26_2 0
F26_3 0
F27 0
F27_1 0
F27_2 0
F27_3 0
F28 0
F28_1 0
F28_2 0
F28_3 0
F29 0
F29_1 0
F29_2 0
F29_3 0
F30 0
F30_1 0
F30_2 0
F30_3 0
F31 0
F31_1 0
F31_2 0
F31_3 0
F32 0
F32_1 0
F32_2 0
F32_3 0
F33 0
F33_1 0
F33_2 0
F33_3 0
F34 0
F34_1 0
F34_2 0
F34_3 0
F35 0
F35_1 0
F35_2 0
F35_3 0
F36 0
F36_1 0
F36_2 0
F36_3 0
F37 0
F37_1 0
F37_2 0
F37_3 0
F38 0
F38_1 0
F38_2 0
F38_3 0
F39 0
F39_1 0
F39_2 0
F39_3 0
F40 0
F40_1 0
F40_2 0
F40_3 0
F41 0
F41_1 0
F41_2 0
F41_3 0
F42 0
F42_1 0
F42_2 0
F42_3 0
F43 0
F43_1 0
F43_2 0
F43_3 0
F44 0
F44_1 0
F44_2 0
F44_3 0
F45 0
F45_1 0
F45_2 0
F45_3 0
F46 0
F46_1 0
F46_2 0
F46_3 0
Nσ 0
;

param l :=
N0 3390
C1 3275
C2 2877
C3 532
C4 3002
C5 2901
C6 686
C7 2049
C8 899
C9 702
C10 2183
C11 2248
C12 1392
C13 3266
C14 2395
C15 3279
C16 2816
C17 944
C18 2213
C19 2115
C20 208
C21 752
C22 901
C23 2990
C24 1481
C25 3127
F26 3390
F26_1 3390
F26_2 3390
F26_3 3390
F27 3390
F27_1 3390
F27_2 3390
F27_3 3390
F28 3390
F28_1 3390
F28_2 3390
F28_3 3390
F29 3390
F29_1 3390
F29_2 3390
F29_3 3390
F30 3390
F30_1 3390
F30_2 3390
F30_3 3390
F31 3390
F31_1 3390
F31_2 3390
F31_3 3390
F32 3390
F32_1 3390
F32_2 3390
F32_3 3390
F33 3390
F33_1 3390
F33_2 3390
F33_3 3390
F34 3390
F34_1 3390
F34_2 3390
F34_3 3390
F35 3390
F35_1 3390
F35_2 3390
F35_3 3390
F36 3390
F36_1 3390
F36_2 3390
F36_3 3390
F37 3390
F37_1 3390
F37_2 3390
F37_3 3390
F38 3390
F38_1 3390
F38_2 3390
F38_3 3390
F39 3390
F39_1 3390
F39_2 3390
F39_3 3390
F40 3390
F40_1 3390
F40_2 3390
F40_3 3390
F41 3390
F41_1 3390
F41_2 3390
F41_3 3390
F42 3390
F42_1 3390
F42_2 3390
F42_3 3390
F43 3390
F43_1 3390
F43_2 3390
F43_3 3390
F44 3390
F44_1 3390
F44_2 3390
F44_3 3390
F45 3390
F45_1 3390
F45_2 3390
F45_3 3390
F46 3390
F46_1 3390
F46_2 3390
F46_3 3390
Nσ 3390
;

param s :=
N0 0
C1 90
C2 90
C3 90
C4 90
C5 90
C6 90
C7 90
C8 90
C9 90
C10 90
C11 90
C12 90
C13 90
C14 90
C15 90
C16 90
C17 90
C18 90
C19 90
C20 90
C21 90
C22 90
C23 90
C24 90
C25 90
F26 0
F26_1 0
F26_2 0
F26_3 0
F27 0
F27_1 0
F27_2 0
F27_3 0
F28 0
F28_1 0
F28_2 0
F28_3 0
F29 0
F29_1 0
F29_2 0
F29_3 0
F30 0
F30_1 0
F30_2 0
F30_3 0
F31 0
F31_1 0
F31_2 0
F31_3 0
F32 0
F32_1 0
F32_2 0
F32_3 0
F33 0
F33_1 0
F33_2 0
F33_3 0
F34 0
F34_1 0
F34_2 0
F34_3 0
F35 0
F35_1 0
F35_2 0
F35_3 0
F36 0
F36_1 0
F36_2 0
F36_3 0
F37 0
F37_1 0
F37_2 0
F37_3 0
F38 0
F38_1 0
F38_2 0
F38_3 0
F39 0
F39_1 0
F39_2 0
F39_3 0
F40 0
F40_1 0
F40_2 0
F40_3 0
F41 0
F41_1 0
F41_2 0
F41_3 0
F42 0
F42_1 0
F42_2 0
F42_3 0
F43 0
F43_1 0
F43_2 0
F43_3 0
F44 0
F44_1 0
F44_2 0
F44_3 0
F45 0
F45_1 0
F45_2 0
F45_3 0
F46 0
F46_1 0
F46_2 0
F46_3 0
Nσ 0
;

param d : N0 C1 C2 C3 C4 C5 C6 C7 C8 C9 C10 C11 C12 C13 C14 C15 C16 C17 C18 C19 C20 C21 C22 C23 C24 C25 F26 F26_1 F26_2 F26_3 F27 F27_1 F27_2 F27_3 F28 F28_1 F28_2 F28_3 F29 F29_1 F29_2 F29_3 F30 F30_1 F30_2 F30_3 F31 F31_1 F31_2 F31_3 F32 F32_1 F32_2 F32_3 F33 F33_1 F33_2 F33_3 F34 F34_1 F34_2 F34_3 F35 F35_1 F35_2 F35_3 F36 F36_1 F36_2 F36_3 F37 F37_1 F37_2 F37_3 F38 F38_1 F38_2 F38_3 F39 F39_1 F39_2 F39_3 F40 F40_1 F40_2 F40_3 F41 F41_1 F41_2 F41_3 F42 F42_1 F42_2 F42_3 F43 F43_1 F43_2 F43_3 F44 F44_1 F44_2 F44_3 F45 F45_1 F45_2 F45_3 F46 F46_1 F46_2 F46_3 Nσ  :=
N0 0.0000 24.3311 18.0278 15.0000 47.4342 22.8035 38.0789 45.2769 21.5407 20.6155 35.0571 46.1736 35.0571 10.7703 25.7099 20.6155 51.4782 25.2982 34.1760 35.3553 15.1327 12.1655 44.2041 24.0832 40.0500 19.6469 0.0000 0.0000 0.0000 0.0000 33.0606 33.0606 33.0606 33.0606 50.2494 50.2494 50.2494 50.2494 32.6497 32.6497 32.6497 32.6497 48.6004 48.6004 48.6004 48.6004 31.0483 31.0483 31.0483 31.0483 46.0109 46.0109 46.0109 46.0109 34.4819 34.4819 34.4819 34.4819 48.8365 48.8365 48.8365 48.8365 23.4094 23.4094 23.4094 23.4094 39.4588 39.4588 39.4588 39.4588 33.0151 33.0151 33.0151 33.0151 46.5725 46.5725 46.5725 46.5725 19.1050 19.1050 19.1050 19.1050 38.8973 38.8973 38.8973 38.8973 19.0263 19.0263 19.0263 19.0263 39.8121 39.8121 39.8121 39.8121 38.0789 38.0789 38.0789 38.0789 42.6380 42.6380 42.6380 42.6380 38.4708 38.4708 38.4708 38.4708 50.3587 50.3587 50.3587 50.3587 0.0000
C1 24.3311 0.0000 35.7351 39.2046 23.7065 40.4969 40.0250 50.2195 22.6274 44.9110 40.4599 22.0000 38.0132 28.6356 36.6197 9.8489 29.6985 48.1664 58.2409 14.2127 29.0689 36.4966 39.1152 46.5188 42.1900 37.0135 24.3311 24.3311 24.3311 24.3311 10.8167 10.8167 10.8167 10.8167 27.5136 27.5136 27.5136 27.5136 34.2053 34.2053 34.2053 34.2053 43.2897 43.2897 43.2897 43.2897 46.6905 46.6905 46.6905 46.6905 55.9017 55.9017 55.9017 55.9017 53.2635 53.2635 53.2635 53.2635 70.4911 70.4911 70.4911 70.4911 47.5395 47.5395 47.5395 47.5395 63.7887 63.7887 63.7887 63.7887 53.1601 53.1601 53.1601 53.1601 69.4622 69.4622 69.4622 69.4622 39.0512 39.0512 39.0512 39.0512 48.8365 48.8365 48.8365 48.8365 29.1548 29.1548 29.1548 29.1548 38.4838 38.4838 38.4838 38.4838 29.4279 29.4279 29.4279 29.4279 24.6982 24.6982 24.6982 24.6982 17.2047 17.2047 17.2047 17.2047 26.0768 26.0768 26.0768 26.0768 24.3311
C2 18.0278 35.7351 0.0000 15.8114 55.0000 5.0000 55.9017 30.4138 18.6815 22.3607 21.5407 57.0701 23.3238 7.8102 10.7703 36.0555 55.9017 15.6525 34.8281 49.2443 32.3110 17.1172 62.2013 32.0156 27.7308 34.3657 18.0278 18.0278 18.0278 18.0278 46.2385 46.2385 46.2385 46.2385 63.2456 63.2456 63.2456 63.2456 50.6063 50.6063 50.6063 50.6063 66.6108 66.6108 66.6108 66.6108 45.0444 45.0444 45.0444 45.0444 61.6604 61.6604 61.6604 61.6604 45.5412 45.5412 45.5412 45.5412 54.5894 54.5894 54.5894 54.5894 25.9422 25.9422 25.9422 25.9422 35.8050 35.8050 35.8050 35.8050 17.4642 17.4642 17.4642 17.4642 35.1283 35.1283 35.1283 35.1283 4.4721 4.4721 4.4721 4.4721 22.0907 22.0907 22.0907 22.0907 9.8489 9.8489 9.8489 9.8489 30.0000 30.0000 30.0000 30.0000 34.1321 34.1321 34.1321 34.1321 44.6430 44.6430 44.6430 44.6430 44.1022 44.1022 44.1022 44.1022 60.6712 60.6712 60.6712 60.6712 18.0278
C3 15.0000 39.2046 15.8114 0.0000 61.8466 18.0278 46.0977 46.0977 30.4795 7.0711 37.3363 61.1310 38.9102 14.8661 26.5707 35.3553 65.0000 12.0416 20.8087 50.2494 22.6716 3.6056 54.6717 16.2788 43.4626 21.4709 15.0000 15.0000 15.0000 15.0000 48.0416 48.0416 48.0416 48.0416 65.1920 65.1920 65.1920 65.1920 41.7253 41.7253 41.7253 41.7253 58.7963 58.7963 58.7963 58.7963 30.8058 30.8058 30.8058 30.8058 48.0833 48.0833 48.0833 48.0833 30.0666 30.0666 30.0666 30.0666 39.1152 39.1152 39.1152 39.1152 10.6301 10.6301 10.6301 10.6301 24.7386 24.7386 24.7386 24.7386 22.4722 22.4722 22.4722 22.4722 32.3110 32.3110 32.3110 32.3110 13.0384 13.0384 13.0384 13.0384 37.1214 37.1214 37.1214 37.1214 23.6008 23.6008 23.6008 23.6008 45.2769 45.2769 45.2769 45.2769 47.3814 47.3814 47.3814 47.3814 55.0727 55.0727 55.0727 55.0727 52.2015 52.2015 52.2015 52.2015 65.2763 65.2763 65.2763 65.2763 15.0000
C4 47.4342 23.7065 55.0000 61.8466 0.0000 59.0762 58.3095 58.3095 37.3363 68.0074 51.0784 11.0454 47.4236 49.2544 51.9711 32.0156 10.0000 69.3542 81.5966 22.3607 52.4309 59.4811 53.1413 70.2140 49.7393 60.4649 47.4342 47.4342 47.4342 47.4342 20.8087 20.8087 20.8087 20.8087 20.6155 20.6155 20.6155 20.6155 53.2541 53.2541 53.2541 53.2541 56.3205 56.3205 56.3205 56.3205 69.5270 69.5270 69.5270 69.5270 76.4003 76.4003 76.4003 76.4003 76.6094 76.6094 76.6094 76.6094 94.1541 94.1541 94.1541 94.1541 70.8378 70.8378 70.8378 70.8378 86.5852 86.5852 86.5852 86.5852 72.1110 72.1110 72.1110 72.1110 90.0500 90.0500 90.0500 90.0500 59.0339 59.0339 59.0339 59.0339 61.0983 61.0983 61.0983 61.0983 46.1736 46.1736 46.1736 46.1736 44.1022 44.1022 44.1022 44.1022 31.6228 31.6228 31.6228 31.6228 16.9706 16.9706 16.9706 16.9706 11.4018 11.4018 11.4018 11.4018 10.2956 10.2956 10.2956 10.2956 47.4342
C5 22.8035 40.4969 5.0000 18.0278 59.0762 0.0000 60.4152 28.4605 22.0907 23.7697 20.8087 61.6117 23.3452 12.8062 10.6301 41.0488 59.4138 14.1421 34.9857 54.1295 36.6742 20.0998 67.0075 34.2345 27.2029 38.0789 22.8035 22.8035 22.8035 22.8035 51.0784 51.0784 51.0784 51.0784 68.0074 68.0074 68.0074 68.0074 55.2268 55.2268 55.2268 55.2268 71.4003 71.4003 71.4003 71.4003 48.3735 48.3735 48.3735 48.3735 65.3070 65.3070 65.3070 65.3070 48.0937 48.0937 48.0937 48.0937 55.5428 55.5428 55.5428 55.5428 27.2029 27.2029 27.2029 27.2029 34.6554 34.6554 34.6554 34.6554 13.0384 13.0384 13.0384 13.0384 31.5753 31.5753 31.5753 31.5753 5.0000 5.0000 5.0000 5.0000 19.1050 19.1050 19.1050 19.1050 13.0384 13.0384 13.0384 13.0384 30.4138 30.4138 30.4138 30.4138 36.2491 36.2491 36.2491 36.2491 47.8539 47.8539 47.8539 47.8539 48.0000 48.0000 48.0000 48.0000 65.1153 65.1153 65.1153 65.1153 22.8035
C6 38.0789 40.0250 55.9017 46.0977 58.3095 60.4152 0.0000 82.4621 55.4437 46.0977 72.0347 49.8197 71.1969 48.8467 63.5689 30.4138 67.0820 58.0517 52.3259 36.0555 23.8537 42.6380 12.0000 38.0789 76.1183 25.6125 38.0789 38.0789 38.0789 38.0789 37.5899 37.5899 37.5899 37.5899 46.0977 46.0977 46.0977 46.0977 6.0000 6.0000 6.0000 6.0000 14.5602 14.5602 14.5602 14.5602 23.5372 23.5372 23.5372 23.5372 19.4165 19.4165 19.4165 19.4165 32.3883 32.3883 32.3883 32.3883 51.0392 51.0392 51.0392 51.0392 45.8039 45.8039 45.8039 45.8039 61.2944 61.2944 61.2944 61.2944 68.4105 68.4105 68.4105 68.4105 76.2168 76.2168 76.2168 76.2168 56.0803 56.0803 56.0803 56.0803 76.8960 76.8960 76.8960 76.8960 56.3205 56.3205 56.3205 56.3205 74.3303 74.3303 74.3303 74.3303 68.1175 68.1175 68.1175 68.1175 64.5600 64.5600 64.5600 64.5600 56.3028 56.3028 56.3028 56.3028 53.9073 53.9073 53.9073 53.9073 38.0789
C7 45.2769 50.2195 30.4138 46.0977 58.3095 28.4605 82.4621 0.0000 28.1780 52.2015 10.4403 65.4370 12.2066 35.0143 20.0250 55.9017 53.8516 41.5933 63.0714 64.0312 60.4070 47.5184 86.1626 62.3699 8.6023 64.0000 45.2769 45.2769 45.2769 45.2769 60.4401 60.4401 60.4401 60.4401 74.3303 74.3303 74.3303 74.3303 76.6551 76.6551 76.6551 76.6551 90.6201 90.6201 90.6201 90.6201 75.0600 75.0600 75.0600 75.0600 91.0879 91.0879 91.0879 91.0879 75.9539 75.9539 75.9539 75.9539 83.9345 83.9345 83.9345 83.9345 55.6597 55.6597 55.6597 55.6597 61.2944 61.2944 61.2944 61.2944 34.0588 34.0588 34.0588 34.0588 51.8556 51.8556 51.8556 51.8556 33.2415 33.2415 33.2415 33.2415 10.6301 10.6301 10.6301 10.6301 26.3059 26.3059 26.3059 26.3059 14.3178 14.3178 14.3178 14.3178 26.8328 26.8328 26.8328 26.8328 42.0476 42.0476 42.0476 42.0476 47.4342 47.4342 47.4342 47.4342 67.4240 67.4240 67.4240 67.4240 45.2769
C8 21.5407 22.6274 18.6815 30.4795 37.3363 22.0907 55.4437 28.1780 0.0000 37.5366 18.0278 41.2311 16.1555 15.6205 14.8661 27.7308 37.3363 34.1760 51.2250 36.7967 35.5106 29.7321 58.1893 44.4072 20.8806 41.1096 21.5407 21.5407 21.5407 21.5407 33.3017 33.3017 33.3017 33.3017 48.8774 48.8774 48.8774 48.8774 49.4975 49.4975 49.4975 49.4975 62.6259 62.6259 62.6259 62.6259 52.4976 52.4976 52.4976 52.4976 66.6108 66.6108 66.6108 66.6108 55.9017 55.9017 55.9017 55.9017 68.8840 68.8840 68.8840 68.8840 41.0366 41.0366 41.0366 41.0366 53.7122 53.7122 53.7122 53.7122 35.0143 35.0143 35.0143 35.0143 53.6004 53.6004 53.6004 53.6004 23.0868 23.0868 23.0868 23.0868 26.2488 26.2488 26.2488 26.2488 9.0554 9.0554 9.0554 9.0554 19.0000 19.0000 19.0000 19.0000 17.0294 17.0294 17.0294 17.0294 25.9615 25.9615 25.9615 25.9615 26.0768 26.0768 26.0768 26.0768 44.2719 44.2719 44.2719 44.2719 21.5407
C9 20.6155 44.9110 22.3607 7.0711 68.0074 23.7697 46.0977 52.2015 37.5366 0.0000 43.8634 66.6108 45.6508 21.9317 33.1059 40.0000 71.5891 13.6015 13.8924 55.0000 24.1661 8.5440 55.7584 11.1803 50.0899 20.5183 20.6155 20.6155 20.6155 20.6155 53.0848 53.0848 53.0848 53.0848 70.0000 70.0000 70.0000 70.0000 42.4382 42.4382 42.4382 42.4382 59.6406 59.6406 59.6406 59.6406 27.7308 27.7308 27.7308 27.7308 45.1885 45.1885 45.1885 45.1885 25.1794 25.1794 25.1794 25.1794 32.2490 32.2490 32.2490 32.2490 3.6056 3.6056 3.6056 3.6056 19.0263 19.0263 19.0263 19.0263 25.0000 25.0000 25.0000 25.0000 30.2324 30.2324 30.2324 30.2324 18.9737 18.9737 18.9737 18.9737 42.7551 42.7551 42.7551 42.7551 30.6105 30.6105 30.6105 30.6105 52.1536 52.1536 52.1536 52.1536 54.4518 54.4518 54.4518 54.4518 61.9112 61.9112 61.9112 61.9112 58.6941 58.6941 58.6941 58.6941 70.8590 70.8590 70.8590 70.8590 20.6155
C10 35.0571 40.4599 21.5407 37.3363 51.0784 20.8087 72.0347 10.4403 18.0278 43.8634 0.0000 57.1402 4.0000 25.0799 10.7703 45.6508 48.0521 34.8281 55.7584 54.4885 50.1597 38.3275 75.7694 53.4509 6.4031 54.0833 35.0571 35.0571 35.0571 35.0571 50.9313 50.9313 50.9313 50.9313 65.6049 65.6049 65.6049 65.6049 66.2193 66.2193 66.2193 66.2193 80.2309 80.2309 80.2309 80.2309 65.2763 65.2763 65.2763 65.2763 81.0062 81.0062 81.0062 81.0062 66.7083 66.7083 66.7083 66.7083 76.0263 76.0263 76.0263 76.0263 47.4236 47.4236 47.4236 47.4236 55.2268 55.2268 55.2268 55.2268 29.6816 29.6816 29.6816 29.6816 48.7647 48.7647 48.7647 48.7647 25.0599 25.0599 25.0599 25.0599 10.1980 10.1980 10.1980 10.1980 16.0312 16.0312 16.0312 16.0312 10.7703 10.7703 10.7703 10.7703 21.0950 21.0950 21.0950 21.0950 35.9026 35.9026 35.9026 35.9026 39.8121 39.8121 39.8121 39.8121 59.5399 59.5399 59.5399 59.5399 35.0571
C11 46.1736 22.0000 57.0701 61.1310 11.0454 61.6117 49.8197 65.4370 41.2311 66.6108 57.1402 0.0000 53.8238 50.3587 56.0803 27.5136 21.0238 70.1142 79.6241 14.2127 47.9270 58.3095 43.3820 67.0522 56.8507 55.9464 46.1736 46.1736 46.1736 46.1736 14.3178 14.3178 14.3178 14.3178 9.8489 9.8489 9.8489 9.8489 45.2769 45.2769 45.2769 45.2769 46.2385 46.2385 46.2385 46.2385 63.8122 63.8122 63.8122 63.8122 68.6222 68.6222 68.6222 68.6222 71.5891 71.5891 71.5891 71.5891 89.9611 89.9611 89.9611 89.9611 69.0507 69.0507 69.0507 69.0507 85.5862 85.5862 85.5862 85.5862 74.5252 74.5252 74.5252 74.5252 91.3510 91.3510 91.3510 91.3510 60.6712 60.6712 60.6712 60.6712 66.7308 66.7308 66.7308 66.7308 49.3356 49.3356 49.3356 49.3356 51.6624 51.6624 51.6624 51.6624 39.6232 39.6232 39.6232 39.6232 26.4197 26.4197 26.4197 26.4197 18.4391 18.4391 18.4391 18.4391 4.4721 4.4721 4.4721 4.4721 46.1736
C12 35.0571 38.0132 23.3238 38.9102 47.4236 23.3452 71.1969 12.2066 16.1555 45.6508 4.0000 53.8238 0.0000 25.7099 12.8062 43.8634 44.1475 37.4833 58.0086 51.8556 50.0000 39.5601 74.3303 54.7814 5.0000 54.4518 35.0571 35.0571 35.0571 35.0571 48.2701 48.2701 48.2701 48.2701 62.4820 62.4820 62.4820 62.4820 65.3070 65.3070 65.3070 65.3070 78.7718 78.7718 78.7718 78.7718 65.7647 65.7647 65.7647 65.7647 81.0555 81.0555 81.0555 81.0555 67.7200 67.7200 67.7200 67.7200 77.8974 77.8974 77.8974 77.8974 49.2443 49.2443 49.2443 49.2443 57.9828 57.9828 57.9828 57.9828 33.1210 33.1210 33.1210 33.1210 52.3259 52.3259 52.3259 52.3259 27.2029 27.2029 27.2029 27.2029 14.1421 14.1421 14.1421 14.1421 16.2788 16.2788 16.2788 16.2788 7.2111 7.2111 7.2111 7.2111 17.1172 17.1172 17.1172 17.1172 32.0156 32.0156 32.0156 32.0156 36.2353 36.2353 36.2353 36.2353 56.0803 56.0803 56.0803 56.0803 35.0571
C13 10.7703 28.6356 7.8102 14.8661 49.2544 12.8062 48.8467 35.0143 15.6205 21.9317 25.0799 50.3587 25.7099 0.0000 15.1327 28.3019 51.2445 20.0998 35.6090 41.7852 25.7099 14.4222 54.6443 29.5296 30.5941 29.0172 10.7703 10.7703 10.7703 10.7703 38.8973 38.8973 38.8973 38.8973 56.0446 56.0446 56.0446 56.0446 43.3820 43.3820 43.3820 43.3820 59.0762 59.0762 59.0762 59.0762 40.1995 40.1995 40.1995 40.1995 56.0803 56.0803 56.0803 56.0803 42.0595 42.0595 42.0595 42.0595 53.6004 53.6004 53.6004 53.6004 25.4558 25.4558 25.4558 25.4558 38.4838 38.4838 38.4838 38.4838 24.6982 24.6982 24.6982 24.6982 41.0488 41.0488 41.0488 41.0488 10.4403 10.4403 10.4403 10.4403 28.1603 28.1603 28.1603 28.1603 9.4868 9.4868 9.4868 9.4868 31.3847 31.3847 31.3847 31.3847 32.5269 32.5269 32.5269 32.5269 40.7185 40.7185 40.7185 40.7185 38.8330 38.8330 38.8330 38.8330 54.1479 54.1479 54.1479 54.1479 10.7703
C14 25.7099 36.6197 10.7703 26.5707 51.9711 10.6301 63.5689 20.0250 14.8661 33.1059 10.7703 56.0803 12.8062 15.1327 0.0000 39.6989 51.0000 24.7588 45.2217 50.8035 40.7922 27.6586 68.4763 42.7200 17.0000 44.0114 25.7099 25.7099 25.7099 25.7099 47.4342 47.4342 47.4342 47.4342 63.5295 63.5295 63.5295 63.5295 57.9396 57.9396 57.9396 57.9396 72.9452 72.9452 72.9452 72.9452 55.0364 55.0364 55.0364 55.0364 71.1758 71.1758 71.1758 71.1758 56.0892 56.0892 56.0892 56.0892 65.2993 65.2993 65.2993 65.2993 36.6742 36.6742 36.6742 36.6742 45.2769 45.2769 45.2769 45.2769 21.8403 21.8403 21.8403 21.8403 41.1096 41.1096 41.1096 41.1096 14.4222 14.4222 14.4222 14.4222 13.4164 13.4164 13.4164 13.4164 7.8102 7.8102 7.8102 7.8102 19.7990 19.7990 19.7990 19.7990 26.2488 26.2488 26.2488 26.2488 39.0512 39.0512 39.0512 39.0512 40.6079 40.6079 40.6079 40.6079 59.1354 59.1354 59.1354 59.1354 25.7099
C15 20.6155 9.8489 36.0555 35.3553 32.0156 41.0488 30.4138 55.9017 27.7308 40.0000 45.6508 27.5136 43.8634 28.3019 39.6989 0.0000 39.0512 45.8803 52.4690 15.0000 20.5913 32.1403 30.8058 39.5601 48.4665 28.6531 20.6155 20.6155 20.6155 20.6155 13.3417 13.3417 13.3417 13.3417 30.0000 30.0000 30.0000 30.0000 24.5153 24.5153 24.5153 24.5153 35.1710 35.1710 35.1710 35.1710 37.5366 37.5366 37.5366 37.5366 46.0652 46.0652 46.0652 46.0652 44.6542 44.6542 44.6542 44.6542 62.6099 62.6099 62.6099 62.6099 42.1070 42.1070 42.1070 42.1070 59.0085 59.0085 59.0085 59.0085 52.7731 52.7731 52.7731 52.7731 67.1863 67.1863 67.1863 67.1863 38.4708 38.4708 38.4708 38.4708 52.8015 52.8015 52.8015 52.8015 31.8904 31.8904 31.8904 31.8904 45.6070 45.6070 45.6070 45.6070 38.0132 38.0132 38.0132 38.0132 34.5398 34.5398 34.5398 34.5398 26.9258 26.9258 26.9258 26.9258 31.9531 31.9531 31.9531 31.9531 20.6155
C16 51.4782 29.6985 55.9017 65.0000 10.0000 59.4138 67.0820 53.8516 37.3363 71.5891 48.0521 21.0238 44.1475 51.2445 51.0000 39.0512 0.0000 71.0634 85.4283 31.6228 58.7282 63.0714 62.6418 75.1665 45.5412 66.6033 51.4782 51.4782 51.4782 51.4782 29.5466 29.5466 29.5466 29.5466 30.4138 30.4138 30.4138 30.4138 61.7738 61.7738 61.7738 61.7738 65.9697 65.9697 65.9697 65.9697 76.3806 76.3806 76.3806 76.3806 84.5991 84.5991 84.5991 84.5991 82.8794 82.8794 82.8794 82.8794 99.6243 99.6243 99.6243 99.6243 74.6860 74.6860 74.6860 74.6860 89.5377 89.5377 89.5377 89.5377 72.2496 72.2496 72.2496 72.2496 90.9340 90.9340 90.9340 90.9340 60.2080 60.2080 60.2080 60.2080 58.2495 58.2495 58.2495 58.2495 46.3897 46.3897 46.3897 46.3897 39.5601 39.5601 39.5601 39.5601 27.2029 27.2029 27.2029 27.2029 12.1655 12.1655 12.1655 12.1655 13.0384 13.0384 13.0384 13.0384 19.6469 19.6469 19.6469 19.6469 51.4782
C17 25.2982 48.1664 15.6525 12.0416 69.3542 14.1421 58.0517 41.5933 34.1760 13.6015 34.8281 70.1142 37.4833 20.0998 24.7588 45.8803 71.0634 0.0000 21.5407 60.4152 34.7131 15.6205 66.7083 24.7386 41.2311 33.0151 25.2982 25.2982 25.2982 25.2982 57.8705 57.8705 57.8705 57.8705 75.1332 75.1332 75.1332 75.1332 53.7587 53.7587 53.7587 53.7587 70.8378 70.8378 70.8378 70.8378 41.2311 41.2311 41.2311 41.2311 58.6941 58.6941 58.6941 58.6941 38.6394 38.6394 38.6394 38.6394 42.7200 42.7200 42.7200 42.7200 16.1245 16.1245 16.1245 16.1245 20.5183 20.5183 20.5183 20.5183 11.4018 11.4018 11.4018 11.4018 21.3776 21.3776 21.3776 21.3776 11.1803 11.1803 11.1803 11.1803 31.3847 31.3847 31.3847 31.3847 25.4951 25.4951 25.4951 25.4951 44.5533 44.5533 44.5533 44.5533 49.7393 49.7393 49.7393 49.7393 60.0833 60.0833 60.0833 60.0833 58.8558 58.8558 58.8558 58.8558 74.0270 74.0270 74.0270 74.0270 25.2982
C18 34.1760 58.2409 34.8281 20.8087 81.5966 34.9857 52.3259 63.0714 51.2250 13.8924 55.7584 79.6241 58.0086 35.6090 45.2217 52.4690 85.4283 21.5407 0.0000 67.3647 34.1321 22.3607 63.3246 14.5602 62.1289 27.8927 34.1760 34.1760 34.1760 34.1760 65.7647 65.7647 65.7647 65.7647 82.2982 82.2982 82.2982 82.2982 49.9800 49.9800 49.9800 49.9800 66.7083 66.7083 66.7083 66.7083 30.0000 30.0000 30.0000 30.0000 46.0109 46.0109 46.0109 46.0109 23.4307 23.4307 23.4307 23.4307 21.3776 21.3776 21.3776 21.3776 10.7703 10.7703 10.7703 10.7703 9.2195 9.2195 9.2195 9.2195 31.4006 31.4006 31.4006 31.4006 27.2947 27.2947 27.2947 27.2947 30.8058 30.8058 30.8058 30.8058 52.9245 52.9245 52.9245 52.9245 43.8406 43.8406 43.8406 43.8406 64.8151 64.8151 64.8151 64.8151 68.0147 68.0147 68.0147 68.0147 75.8024 75.8024 75.8024 75.8024 72.4983 72.4983 72.4983 72.4983 83.9524 83.9524 83.9524 83.9524 34.1760
C19 35.3553 14.2127 49.2443 50.2494 22.3607 54.1295 36.0555 64.0312 36.7967 55.0000 54.4885 14.2127 51.8556 41.7852 50.8035 15.0000 31.6228 60.4152 67.3647 0.0000 34.4819 47.0956 31.0483 54.1295 55.8032 42.3792 35.3553 35.3553 35.3553 35.3553 3.6056 3.6056 3.6056 3.6056 15.0000 15.0000 15.0000 15.0000 31.2410 31.2410 31.2410 31.2410 34.5254 34.5254 34.5254 34.5254 49.7393 49.7393 49.7393 49.7393 54.5619 54.5619 54.5619 54.5619 57.6975 57.6975 57.6975 57.6975 76.3217 76.3217 76.3217 76.3217 57.0789 57.0789 57.0789 57.0789 74.0068 74.0068 74.0068 74.0068 66.4831 66.4831 66.4831 66.4831 81.7863 81.7863 81.7863 81.7863 52.2015 52.2015 52.2015 52.2015 63.0317 63.0317 63.0317 63.0317 43.2666 43.2666 43.2666 43.2666 51.6236 51.6236 51.6236 51.6236 41.2311 41.2311 41.2311 41.2311 32.0624 32.0624 32.0624 32.0624 23.0217 23.0217 23.0217 23.0217 18.6011 18.6011 18.6011 18.6011 35.3553
C20 15.1327 29.0689 32.3110 22.6716 52.4309 36.6742 23.8537 60.4070 35.5106 24.1661 50.1597 47.9270 50.0000 25.7099 40.7922 20.5913 58.7282 34.7131 34.1321 34.4819 0.0000 19.1050 32.0156 20.0250 55.0000 8.0623 15.1327 15.1327 15.1327 15.1327 33.6155 33.6155 33.6155 33.6155 49.0306 49.0306 49.0306 49.0306 19.1050 19.1050 19.1050 19.1050 36.1248 36.1248 36.1248 36.1248 18.0278 18.0278 18.0278 18.0278 31.1448 31.1448 31.1448 31.1448 24.2074 24.2074 24.2074 24.2074 42.0476 42.0476 42.0476 42.0476 25.0000 25.0000 25.0000 25.0000 41.9762 41.9762 41.9762 41.9762 44.6878 44.6878 44.6878 44.6878 54.2033 54.2033 54.2033 54.2033 32.2490 32.2490 32.2490 32.2490 53.8516 53.8516 53.8516 53.8516 34.1321 34.1321 34.1321 34.1321 54.3323 54.3323 54.3323 54.3323 50.9215 50.9215 50.9215 50.9215 52.2015 52.2015 52.2015 52.2015 45.9674 45.9674 45.9674 45.9674 52.3927 52.3927 52.3927 52.3927 15.1327
C21 12.1655 36.4966 17.1172 3.6056 59.4811 20.0998 42.6380 47.5184 29.7321 8.5440 38.3275 58.3095 39.5601 14.4222 27.6586 32.1403 63.0714 15.6205 22.3607 47.0956 19.1050 0.0000 51.0882 15.2315 44.2719 18.3848 12.1655 12.1655 12.1655 12.1655 45.0000 45.0000 45.0000 45.0000 62.0725 62.0725 62.0725 62.0725 38.1838 38.1838 38.1838 38.1838 55.2268 55.2268 55.2268 55.2268 28.2843 28.2843 28.2843 28.2843 45.3542 45.3542 45.3542 45.3542 28.4429 28.4429 28.4429 28.4429 39.2046 39.2046 39.2046 39.2046 11.6619 11.6619 11.6619 11.6619 27.2947 27.2947 27.2947 27.2947 25.8070 25.8070 25.8070 25.8070 35.8469 35.8469 35.8469 35.8469 15.1327 15.1327 15.1327 15.1327 39.0000 39.0000 39.0000 39.0000 23.7065 23.7065 23.7065 23.7065 45.6180 45.6180 45.6180 45.6180 46.7547 46.7547 46.7547 46.7547 53.5350 53.5350 53.5350 53.5350 50.1597 50.1597 50.1597 50.1597 62.5140 62.5140 62.5140 62.5140 12.1655
C22 44.2041 39.1152 62.2013 54.6717 53.1413 67.0075 12.0000 86.1626 58.1893 55.7584 75.7694 43.3820 74.3303 54.6443 68.4763 30.8058 62.6418 66.7083 63.3246 31.0483 32.0156 51.0882 0.0000 48.8467 79.0569 35.7771 44.2041 44.2041 44.2041 44.2041 33.5410 33.5410 33.5410 33.5410 37.8021 37.8021 37.8021 37.8021 13.4164 13.4164 13.4164 13.4164 4.4721 4.4721 4.4721 4.4721 35.3553 35.3553 35.3553 35.3553 30.0832 30.0832 30.0832 30.0832 44.2832 44.2832 44.2832 44.2832 63.0317 63.0317 63.0317 63.0317 55.9464 55.9464 55.9464 55.9464 72.0902 72.0902 72.0902 72.0902 76.3675 76.3675 76.3675 76.3675 85.9826 85.9826 85.9826 85.9826 63.1269 63.1269 63.1269 63.1269 81.8841 81.8841 81.8841 81.8841 60.8276 60.8276 60.8276 60.8276 76.4003 76.4003 76.4003 76.4003 68.4690 68.4690 68.4690 68.4690 62.2896 62.2896 62.2896 62.2896 53.4603 53.4603 53.4603 53.4603 47.0106 47.0106 47.0106 47.0106 44.2041
C23 24.0832 46.5188 32.0156 16.2788 70.2140 34.2345 38.0789 62.3699 44.4072 11.1803 53.4509 67.0522 54.7814 29.5296 42.7200 39.5601 75.1665 24.7386 14.5602 54.1295 20.0250 15.2315 48.8467 0.0000 59.4643 13.3417 24.0832 24.0832 24.0832 24.0832 52.8867 52.8867 52.8867 52.8867 68.8840 68.8840 68.8840 68.8840 35.4683 35.4683 35.4683 35.4683 52.3259 52.3259 52.3259 52.3259 17.2047 17.2047 17.2047 17.2047 34.4819 34.4819 34.4819 34.4819 14.0357 14.0357 14.0357 14.0357 24.7588 24.7588 24.7588 24.7588 8.9443 8.9443 8.9443 8.9443 23.2594 23.2594 23.2594 23.2594 36.1386 36.1386 36.1386 36.1386 38.8973 38.8973 38.8973 38.8973 29.2746 29.2746 29.2746 29.2746 53.3385 53.3385 53.3385 53.3385 38.9102 38.9102 38.9102 38.9102 60.8358 60.8358 60.8358 60.8358 61.4003 61.4003 61.4003 61.4003 66.7083 66.7083 66.7083 66.7083 62.1289 62.1289 62.1289 62.1289 71.4703 71.4703 71.4703 71.4703 24.0832
C24 40.0500 42.1900 27.7308 43.4626 49.7393 27.2029 76.1183 8.6023 20.8806 50.0899 6.4031 56.8507 5.0000 30.5941 17.0000 48.4665 45.5412 41.2311 62.1289 55.8032 55.0000 44.2719 79.0569 59.4643 0.0000 59.4138 40.0500 40.0500 40.0500 40.0500 52.2015 52.2015 52.2015 52.2015 65.7951 65.7951 65.7951 65.7951 70.2140 70.2140 70.2140 70.2140 83.4865 83.4865 83.4865 83.4865 70.7107 70.7107 70.7107 70.7107 86.0523 86.0523 86.0523 86.0523 72.5328 72.5328 72.5328 72.5328 82.2982 82.2982 82.2982 82.2982 53.6656 53.6656 53.6656 53.6656 61.6198 61.6198 61.6198 61.6198 35.8050 35.8050 35.8050 35.8050 54.7083 54.7083 54.7083 54.7083 31.3847 31.3847 31.3847 31.3847 14.3178 14.3178 14.3178 14.3178 21.2132 21.2132 21.2132 21.2132 6.0828 6.0828 6.0828 6.0828 18.3848 18.3848 18.3848 18.3848 33.6155 33.6155 33.6155 33.6155 38.8330 38.8330 38.8330 38.8330 58.8218 58.8218 58.8218 58.8218 40.0500
C25 19.6469 37.0135 34.3657 21.4709 60.4649 38.0789 25.6125 64.0000 41.1096 20.5183 54.0833 55.9464 54.4518 29.0172 44.0114 28.6531 66.6033 33.0151 27.8927 42.3792 8.0623 18.3848 35.7771 13.3417 59.4138 0.0000 19.6469 19.6469 19.6469 19.6469 41.6293 41.6293 41.6293 41.6293 56.7539 56.7539 56.7539 56.7539 22.3607 22.3607 22.3607 22.3607 39.4462 39.4462 39.4462 39.4462 11.4018 11.4018 11.4018 11.4018 27.2947 27.2947 27.2947 27.2947 16.2788 16.2788 16.2788 16.2788 34.0147 34.0147 34.0147 34.0147 20.2485 20.2485 20.2485 20.2485 36.4005 36.4005 36.4005 36.4005 43.9090 43.9090 43.9090 43.9090 50.6063 50.6063 50.6063 50.6063 33.2415 33.2415 33.2415 33.2415 56.4358 56.4358 56.4358 56.4358 38.2099 38.2099 38.2099 38.2099 59.4390 59.4390 59.4390 59.4390 57.2713 57.2713 57.2713 57.2713 59.6657 59.6657 59.6657 59.6657 53.7587 53.7587 53.7587 53.7587 60.4152 60.4152 60.4152 60.4152 19.6469
F26 0.0000 24.3311 18.0278 15.0000 47.4342 22.8035 38.0789 45.2769 21.5407 20.6155 35.0571 46.1736 35.0571 10.7703 25.7099 20.6155 51.4782 25.2982 34.1760 35.3553 15.1327 12.1655 44.2041 24.0832 40.0500 19.6469 0.0000 0.0000 0.0000 0.0000 33.0606 33.0606 33.0606 33.0606 50.2494 50.2494 50.2494 50.2494 32.6497 32.6497 32.6497 32.6497 48.6004 48.6004 48.6004 48.6004 31.0483 31.0483 31.0483 31.0483 46.0109 46.0109 46.0109 46.0109 34.4819 34.4819 34.4819 34.4819 48.8365 48.8365 48.8365 48.8365 23.4094 23.4094 23.4094 23.4094 39.4588 39.4588 39.4588 39.4588 33.0151 33.0151 33.0151 33.0151 46.5725 46.5725 46.5725 46.5725 19.1050 19.1050 19.1050 19.1050 38.8973 38.8973 38.8973 38.8973 19.0263 19.0263 19.0263 19.0263 39.8121 39.8121 39.8121 39.8121 38.0789 38.0789 38.0789 38.0789 42.6380 42.6380 42.6380 42.6380 38.4708 38.4708 38.4708 38.4708 50.3587 50.3587 50.3587 50.3587 0.0000
F26_1 0.0000 24.3311 18.0278 15.0000 47.4342 22.8035 38.0789 45.2769 21.5407 20.6155 35.0571 46.1736 35.0571 10.7703 25.7099 20.6155 51.4782 25.2982 34.1760 35.3553 15.1327 12.1655 44.2041 24.0832 40.0500 19.6469 0.0000 0.0000 0.0000 0.0000 33.0606 33.0606 33.0606 33.0606 50.2494 50.2494 50.2494 50.2494 32.6497 32.6497 32.6497 32.6497 48.6004 48.6004 48.6004 48.6004 31.0483 31.0483 31.0483 31.0483 46.0109 46.0109 46.0109 46.0109 34.4819 34.4819 34.4819 34.4819 48.8365 48.8365 48.8365 48.8365 23.4094 23.4094 23.4094 23.4094 39.4588 39.4588 39.4588 39.4588 33.0151 33.0151 33.0151 33.0151 46.5725 46.5725 46.5725 46.5725 19.1050 19.1050 19.1050 19.1050 38.8973 38.8973 38.8973 38.8973 19.0263 19.0263 19.0263 19.0263 39.8121 39.8121 39.8121 39.8121 38.0789 38.0789 38.0789 38.0789 42.6380 42.6380 42.6380 42.6380 38.4708 38.4708 38.4708 38.4708 50.3587 50.3587 50.3587 50.3587 0.0000
F26_2 0.0000 24.3311 18.0278 15.0000 47.4342 22.8035 38.0789 45.2769 21.5407 20.6155 35.0571 46.1736 35.0571 10.7703 25.7099 20.6155 51.4782 25.2982 34.1760 35.3553 15.1327 12.1655 44.2041 24.0832 40.0500 19.6469 0.0000 0.0000 0.0000 0.0000 33.0606 33.0606 33.0606 33.0606 50.2494 50.2494 50.2494 50.2494 32.6497 32.6497 32.6497 32.6497 48.6004 48.6004 48.6004 48.6004 31.0483 31.0483 31.0483 31.0483 46.0109 46.0109 46.0109 46.0109 34.4819 34.4819 34.4819 34.4819 48.8365 48.8365 48.8365 48.8365 23.4094 23.4094 23.4094 23.4094 39.4588 39.4588 39.4588 39.4588 33.0151 33.0151 33.0151 33.0151 46.5725 46.5725 46.5725 46.5725 19.1050 19.1050 19.1050 19.1050 38.8973 38.8973 38.8973 38.8973 19.0263 19.0263 19.0263 19.0263 39.8121 39.8121 39.8121 39.8121 38.0789 38.0789 38.0789 38.0789 42.6380 42.6380 42.6380 42.6380 38.4708 38.4708 38.4708 38.4708 50.3587 50.3587 50.3587 50.3587 0.0000
F26_3 0.0000 24.3311 18.0278 15.0000 47.4342 22.8035 38.0789 45.2769 21.5407 20.6155 35.0571 46.1736 35.0571 10.7703 25.7099 20.6155 51.4782 25.2982 34.1760 35.3553 15.1327 12.1655 44.2041 24.0832 40.0500 19.6469 0.0000 0.0000 0.0000 0.0000 33.0606 33.0606 33.0606 33.0606 50.2494 50.2494 50.2494 50.2494 32.6497 32.6497 32.6497 32.6497 48.6004 48.6004 48.6004 48.6004 31.0483 31.0483 31.0483 31.0483 46.0109 46.0109 46.0109 46.0109 34.4819 34.4819 34.4819 34.4819 48.8365 48.8365 48.8365 48.8365 23.4094 23.4094 23.4094 23.4094 39.4588 39.4588 39.4588 39.4588 33.0151 33.0151 33.0151 33.0151 46.5725 46.5725 46.5725 46.5725 19.1050 19.1050 19.1050 19.1050 38.8973 38.8973 38.8973 38.8973 19.0263 19.0263 19.0263 19.0263 39.8121 39.8121 39.8121 39.8121 38.0789 38.0789 38.0789 38.0789 42.6380 42.6380 42.6380 42.6380 38.4708 38.4708 38.4708 38.4708 50.3587 50.3587 50.3587 50.3587 0.0000
F27 33.0606 10.8167 46.2385 48.0416 20.8087 51.0784 37.5899 60.4401 33.3017 53.0848 50.9313 14.3178 48.2701 38.8973 47.4342 13.3417 29.5466 57.8705 65.7647 3.6056 33.6155 45.0000 33.5410 52.8867 52.2015 41.6293 33.0606 33.0606 33.0606 33.0606 0.0000 0.0000 0.0000 0.0000 17.2627 17.2627 17.2627 17.2627 32.4500 32.4500 32.4500 32.4500 37.2156 37.2156 37.2156 37.2156 49.6488 49.6488 49.6488 49.6488 55.6058 55.6058 55.6058 55.6058 57.3062 57.3062 57.3062 57.3062 75.6439 75.6439 75.6439 75.6439 55.3263 55.3263 55.3263 55.3263 72.1110 72.1110 72.1110 72.1110 63.5689 63.5689 63.5689 63.5689 79.2465 79.2465 79.2465 79.2465 49.3356 49.3356 49.3356 49.3356 59.5483 59.5483 59.5483 59.5483 39.9625 39.9625 39.9625 39.9625 48.0208 48.0208 48.0208 48.0208 37.6962 37.6962 37.6962 37.6962 29.0000 29.0000 29.0000 29.0000 20.0250 20.0250 20.0250 20.0250 18.7883 18.7883 18.7883 18.7883 33.0606
F27_1 33.0606 10.8167 46.2385 48.0416 20.8087 51.0784 37.5899 60.4401 33.3017 53.0848 50.9313 14.3178 48.2701 38.8973 47.4342 13.3417 29.5466 57.8705 65.7647 3.6056 33.6155 45.0000 33.5410 52.8867 52.2015 41.6293 33.0606 33.0606 33.0606 33.0606 0.0000 0.0000 0.0000 0.0000 17.2627 17.2627 17.2627 17.2627 32.4500 32.4500 32.4500 32.4500 37.2156 37.2156 37.2156 37.2156 49.6488 49.6488 49.6488 49.6488 55.6058 55.6058 55.6058 55.6058 57.3062 57.3062 57.3062 57.3062 75.6439 75.6439 75.6439 75.6439 55.3263 55.3263 55.3263 55.3263 72.1110 72.1110 72.1110 72.1110 63.5689 63.5689 63.5689 63.5689 79.2465 79.2465 79.2465 79.2465 49.3356 49.3356 49.3356 49.3356 59.5483 59.5483 59.5483 59.5483 39.9625 39.9625 39.9625 39.9625 48.0208 48.0208 48.0208 48.0208 37.6962 37.6962 37.6962 37.6962 29.0000 29.0000 29.0000 29.0000 20.0250 20.0250 20.0250 20.0250 18.7883 18.7883 18.7883 18.7883 33.0606
F27_2 33.0606 10.8167 46.2385 48.0416 20.8087 51.0784 37.5899 60.4401 33.3017 53.0848 50.9313 14.3178 48.2701 38.8973 47.4342 13.3417 29.5466 57.8705 65.7647 3.6056 33.6155 45.0000 33.5410 52.8867 52.2015 41.6293 33.0606 33.0606 33.0606 33.0606 0.0000 0.0000 0.0000 0.0000 17.2627 17.2627 17.2627 17.2627 32.4500 32.4500 32.4500 32.4500 37.2156 37.2156 37.2156 37.2156 49.6488 49.6488 49.6488 49.6488 55.6058 55.6058 55.6058 55.6058 57.3062 57.3062 57.3062 57.3062 75.6439 75.6439 75.6439 75.6439 55.3263 55.3263 55.3263 55.3263 72.1110 72.1110 72.1110 72.1110 63.5689 63.5689 63.5689 63.5689 79.2465 79.2465 79.2465 79.2465 49.3356 49.3356 49.3356 49.3356 59.5483 59.5483 59.5483 59.5483 39.9625 39.9625 39.9625 39.9625 48.0208 48.0208 48.0208 48.0208 37.6962 37.6962 37.6962 37.6962 29.0000 29.0000 29.0000 29.0000 20.0250 20.0250 20.0250 20.0250 18.7883 18.7883 18.7883 18.7883 33.0606
F27_3 33.0606 10.8167 46.2385 48.0416 20.8087 51.0784 37.5899 60.4401 33.3017 53.0848 50.9313 14.3178 48.2701 38.8973 47.4342 13.3417 29.5466 57.8705 65.7647 3.6056 33.6155 45.0000 33.5410 52.8867 52.2015 41.6293 33.0606 33.0606 33.0606 33.0606 0.0000 0.0000 0.0000 0.0000 17.2627 17.2627 17.2627 17.2627 32.4500 32.4500 32.4500 32.4500 37.2156 37.2156 37.2156 37.2156 49.6488 49.6488 49.6488 49.6488 55.6058 55.6058 55.6058 55.6058 57.3062 57.3062 57.3062 57.3062 75.6439 75.6439 75.6439 75.6439 55.3263 55.3263 55.3263 55.3263 72.1110 72.1110 72.1110 72.1110 63.5689 63.5689 63.5689 63.5689 79.2465 79.2465 79.2465 79.2465 49.3356 49.3356 49.3356 49.3356 59.5483 59.5483 59.5483 59.5483 39.9625 39.9625 39.9625 39.9625 48.0208 48.0208 48.0208 48.0208 37.6962 37.6962 37.6962 37.6962 29.0000 29.0000 29.0000 29.0000 20.0250 20.0250 20.0250 20.0250 18.7883 18.7883 18.7883 18.7883 33.0606
F28 50.2494 27.5136 63.2456 65.1920 20.6155 68.0074 46.0977 74.3303 48.8774 70.0000 65.6049 9.8489 62.4820 56.0446 63.5295 30.0000 30.4138 75.1332 82.2982 15.0000 49.0306 62.0725 37.8021 68.8840 65.7951 56.7539 50.2494 50.2494 50.2494 50.2494 17.2627 17.2627 17.2627 17.2627 0.0000 0.0000 0.0000 0.0000 42.4382 42.4382 42.4382 42.4382 39.9625 39.9625 39.9625 39.9625 63.1585 63.1585 63.1585 63.1585 65.4370 65.4370 65.4370 65.4370 71.5122 71.5122 71.5122 71.5122 90.4434 90.4434 90.4434 90.4434 72.0625 72.0625 72.0625 72.0625 89.0056 89.0056 89.0056 89.0056 80.6536 80.6536 80.6536 80.6536 96.5091 96.5091 96.5091 96.5091 66.4831 66.4831 66.4831 66.4831 74.8866 74.8866 74.8866 74.8866 56.3649 56.3649 56.3649 56.3649 60.8276 60.8276 60.8276 60.8276 49.0408 49.0408 49.0408 49.0408 36.2353 36.2353 36.2353 36.2353 28.0179 28.0179 28.0179 28.0179 11.0000 11.0000 11.0000 11.0000 50.2494
F28_1 50.2494 27.5136 63.2456 65.1920 20.6155 68.0074 46.0977 74.3303 48.8774 70.0000 65.6049 9.8489 62.4820 56.0446 63.5295 30.0000 30.4138 75.1332 82.2982 15.0000 49.0306 62.0725 37.8021 68.8840 65.7951 56.7539 50.2494 50.2494 50.2494 50.2494 17.2627 17.2627 17.2627 17.2627 0.0000 0.0000 0.0000 0.0000 42.4382 42.4382 42.4382 42.4382 39.9625 39.9625 39.9625 39.9625 63.1585 63.1585 63.1585 63.1585 65.4370 65.4370 65.4370 65.4370 71.5122 71.5122 71.5122 71.5122 90.4434 90.4434 90.4434 90.4434 72.0625 72.0625 72.0625 72.0625 89.0056 89.0056 89.0056 89.0056 80.6536 80.6536 80.6536 80.6536 96.5091 96.5091 96.5091 96.5091 66.4831 66.4831 66.4831 66.4831 74.8866 74.8866 74.8866 74.8866 56.3649 56.3649 56.3649 56.3649 60.8276 60.8276 60.8276 60.8276 49.0408 49.0408 49.0408 49.0408 36.2353 36.2353 36.2353 36.2353 28.0179 28.0179 28.0179 28.0179 11.0000 11.0000 11.0000 11.0000 50.2494
F28_2 50.2494 27.5136 63.2456 65.1920 20.6155 68.0074 46.0977 74.3303 48.8774 70.0000 65.6049 9.8489 62.4820 56.0446 63.5295 30.0000 30.4138 75.1332 82.2982 15.0000 49.0306 62.0725 37.8021 68.8840 65.7951 56.7539 50.2494 50.2494 50.2494 50.2494 17.2627 17.2627 17.2627 17.2627 0.0000 0.0000 0.0000 0.0000 42.4382 42.4382 42.4382 42.4382 39.9625 39.9625 39.9625 39.9625 63.1585 63.1585 63.1585 63.1585 65.4370 65.4370 65.4370 65.4370 71.5122 71.5122 71.5122 71.5122 90.4434 90.4434 90.4434 90.4434 72.0625 72.0625 72.0625 72.0625 89.0056 89.0056 89.0056 89.0056 80.6536 80.6536 80.6536 80.6536 96.5091 96.5091 96.5091 96.5091 66.4831 66.4831 66.4831 66.4831 74.8866 74.8866 74.8866 74.8866 56.3649 56.3649 56.3649 56.3649 60.8276 60.8276 60.8276 60.8276 49.0408 49.0408 49.0408 49.0408 36.2353 36.2353 36.2353 36.2353 28.0179 28.0179 28.0179 28.0179 11.0000 11.0000 11.0000 11.0000 50.2494
F28_3 50.2494 27.5136 63.2456 65.1920 20.6155 68.0074 46.0977 74.3303 48.8774 70.0000 65.6049 9.8489 62.4820 56.0446 63.5295 30.0000 30.4138 75.1332 82.2982 15.0000 49.0306 62.0725 37.8021 68.8840 65.7951 56.7539 50.2494 50.2494 50.2494 50.2494 17.2627 17.2627 17.2627 17.2627 0.0000 0.0000 0.0000 0.0000 42.4382 42.4382 42.4382 42.4382 39.9625 39.9625 39.9625 39.9625 63.1585 63.1585 63.1585 63.1585 65.4370 65.4370 65.4370 65.4370 71.5122 71.5122 71.5122 71.5122 90.4434 90.4434 90.4434 90.4434 72.0625 72.0625 72.0625 72.0625 89.0056 89.0056 89.0056 89.0056 80.6536 80.6536 80.6536 80.6536 96.5091 96.5091 96.5091 96.5091 66.4831 66.4831 66.4831 66.4831 74.8866 74.8866 74.8866 74.8866 56.3649 56.3649 56.3649 56.3649 60.8276 60.8276 60.8276 60.8276 49.0408 49.0408 49.0408 49.0408 36.2353 36.2353 36.2353 36.2353 28.0179 28.0179 28.0179 28.0179 11.0000 11.0000 11.0000 11.0000 50.2494
F29 32.6497 34.2053 50.6063 41.7253 53.2541 55.2268 6.0000 76.6551 49.4975 42.4382 66.2193 45.2769 65.3070 43.3820 57.9396 24.5153 61.7738 53.7587 49.9800 31.2410 19.1050 38.1838 13.4164 35.4683 70.2140 22.3607 32.6497 32.6497 32.6497 32.6497 32.4500 32.4500 32.4500 32.4500 42.4382 42.4382 42.4382 42.4382 0.0000 0.0000 0.0000 0.0000 17.2047 17.2047 17.2047 17.2047 23.0217 23.0217 23.0217 23.0217 23.3452 23.3452 23.3452 23.3452 32.0156 32.0156 32.0156 32.0156 51.1566 51.1566 51.1566 51.1566 42.5441 42.5441 42.5441 42.5441 58.6941 58.6941 58.6941 58.6941 63.7809 63.7809 63.7809 63.7809 72.6705 72.6705 72.6705 72.6705 51.0392 51.0392 51.0392 51.0392 71.3092 71.3092 71.3092 71.3092 50.5964 50.5964 50.5964 50.5964 68.3593 68.3593 68.3593 68.3593 62.1289 62.1289 62.1289 62.1289 58.8218 58.8218 58.8218 58.8218 50.6952 50.6952 50.6952 50.6952 49.4975 49.4975 49.4975 49.4975 32.6497
