# set
set V := C1 C2 C3 C4 C5 C6 C7 C8 C9 C10 C11 C12 C13 C14 C15 C16 C17 C18 C19 C20 C21 C22 C23 C24 C25 ;
set F := F26 F27 F28 F29 F30 F31 F32 F33 F34 F35 F36 F37 F38 F39 F40 F41 F42 F43 F44 F45 F46 F26_1 F26_2 F26_3 F27_1 F27_2 F27_3 F28_1 F28_2 F28_3 F29_1 F29_2 F29_3 F30_1 F30_2 F30_3 F31_1 F31_2 F31_3 F32_1 F32_2 F32_3 F33_1 F33_2 F33_3 F34_1 F34_2 F34_3 F35_1 F35_2 F35_3 F36_1 F36_2 F36_3 F37_1 F37_2 F37_3 F38_1 F38_2 F38_3 F39_1 F39_2 F39_3 F40_1 F40_2 F40_3 F41_1 F41_2 F41_3 F42_1 F42_2 F42_3 F43_1 F43_2 F43_3 F44_1 F44_2 F44_3 F45_1 F45_2 F45_3 F46_1 F46_2 F46_3 ;
set D0 := N0;
set Dσ := Nσ;

# param
param Cf := 200;		# ECV fixed cost
param C := 1000;		# ECV max load
param Q := 187.9;		# ECV/BSV battery level
param r := 1;		# ECV consumption

param Cr := 100;		# recharging cost
param Ct := 10;		# travel cost
param Cs ;		# battery swap cost
param n := 25;		# number of customers
param g := 0.48;	# recharging rate

param m :=
N0 0
C1 3
C2 6
C3 9
C4 20
C5 36
C6 7
C7 22
C8 3
C9 8
C10 5
C11 5
C12 10
C13 5
C14 14
C15 9
C16 20
C17 6
C18 8
C19 10
C20 23
C21 2
C22 11
C23 11
C24 9
C25 16
F26 0
F26_1 0
F26_2 0
F26_3 0
F27 0
F27_1 0
F27_2 0
F27_3 0
F28 0
F28_1 0
F28_2 0
F28_3 0
F29 0
F29_1 0
F29_2 0
F29_3 0
F30 0
F30_1 0
F30_2 0
F30_3 0
F31 0
F31_1 0
F31_2 0
F31_3 0
F32 0
F32_1 0
F32_2 0
F32_3 0
F33 0
F33_1 0
F33_2 0
F33_3 0
F34 0
F34_1 0
F34_2 0
F34_3 0
F35 0
F35_1 0
F35_2 0
F35_3 0
F36 0
F36_1 0
F36_2 0
F36_3 0
F37 0
F37_1 0
F37_2 0
F37_3 0
F38 0
F38_1 0
F38_2 0
F38_3 0
F39 0
F39_1 0
F39_2 0
F39_3 0
F40 0
F40_1 0
F40_2 0
F40_3 0
F41 0
F41_1 0
F41_2 0
F41_3 0
F42 0
F42_1 0
F42_2 0
F42_3 0
F43 0
F43_1 0
F43_2 0
F43_3 0
F44 0
F44_1 0
F44_2 0
F44_3 0
F45 0
F45_1 0
F45_2 0
F45_3 0
F46 0
F46_1 0
F46_2 0
F46_3 0
Nσ 0
;

param e :=
N0 0
C1 0
C2 585
C3 404
C4 49
C5 0
C6 0
C7 811
C8 0
C9 175
C10 788
C11 396
C12 0
C13 41
C14 817
C15 0
C16 0
C17 839
C18 0
C19 0
C20 388
C21 18
C22 0
C23 0
C24 214
C25 302
F26 0
F26_1 0
F26_2 0
F26_3 0
F27 0
F27_1 0
F27_2 0
F27_3 0
F28 0
F28_1 0
F28_2 0
F28_3 0
F29 0
F29_1 0
F29_2 0
F29_3 0
F30 0
F30_1 0
F30_2 0
F30_3 0
F31 0
F31_1 0
F31_2 0
F31_3 0
F32 0
F32_1 0
F32_2 0
F32_3 0
F33 0
F33_1 0
F33_2 0
F33_3 0
F34 0
F34_1 0
F34_2 0
F34_3 0
F35 0
F35_1 0
F35_2 0
F35_3 0
F36 0
F36_1 0
F36_2 0
F36_3 0
F37 0
F37_1 0
F37_2 0
F37_3 0
F38 0
F38_1 0
F38_2 0
F38_3 0
F39 0
F39_1 0
F39_2 0
F39_3 0
F40 0
F40_1 0
F40_2 0
F40_3 0
F41 0
F41_1 0
F41_2 0
F41_3 0
F42 0
F42_1 0
F42_2 0
F42_3 0
F43 0
F43_1 0
F43_2 0
F43_3 0
F44 0
F44_1 0
F44_2 0
F44_3 0
F45 0
F45_1 0
F45_2 0
F45_3 0
F46 0
F46_1 0
F46_2 0
F46_3 0
Nσ 0
;

param l :=
N0 1000
C1 957
C2 692
C3 481
C4 188
C5 962
C6 955
C7 969
C8 971
C9 300
C10 968
C11 511
C12 974
C13 208
C14 952
C15 969
C16 975
C17 968
C18 968
C19 955
C20 465
C21 181
C22 971
C23 974
C24 333
C25 405
F26 1000
F26_1 1000
F26_2 1000
F26_3 1000
F27 1000
F27_1 1000
F27_2 1000
F27_3 1000
F28 1000
F28_1 1000
F28_2 1000
F28_3 1000
F29 1000
F29_1 1000
F29_2 1000
F29_3 1000
F30 1000
F30_1 1000
F30_2 1000
F30_3 1000
F31 1000
F31_1 1000
F31_2 1000
F31_3 1000
F32 1000
F32_1 1000
F32_2 1000
F32_3 1000
F33 1000
F33_1 1000
F33_2 1000
F33_3 1000
F34 1000
F34_1 1000
F34_2 1000
F34_3 1000
F35 1000
F35_1 1000
F35_2 1000
F35_3 1000
F36 1000
F36_1 1000
F36_2 1000
F36_3 1000
F37 1000
F37_1 1000
F37_2 1000
F37_3 1000
F38 1000
F38_1 1000
F38_2 1000
F38_3 1000
F39 1000
F39_1 1000
F39_2 1000
F39_3 1000
F40 1000
F40_1 1000
F40_2 1000
F40_3 1000
F41 1000
F41_1 1000
F41_2 1000
F41_3 1000
F42 1000
F42_1 1000
F42_2 1000
F42_3 1000
F43 1000
F43_1 1000
F43_2 1000
F43_3 1000
F44 1000
F44_1 1000
F44_2 1000
F44_3 1000
F45 1000
F45_1 1000
F45_2 1000
F45_3 1000
F46 1000
F46_1 1000
F46_2 1000
F46_3 1000
Nσ 1000
;

param s :=
N0 0
C1 10
C2 10
C3 10
C4 10
C5 10
C6 10
C7 10
C8 10
C9 10
C10 10
C11 10
C12 10
C13 10
C14 10
C15 10
C16 10
C17 10
C18 10
C19 10
C20 10
C21 10
C22 10
C23 10
C24 10
C25 10
F26 0
F26_1 0
F26_2 0
F26_3 0
F27 0
F27_1 0
F27_2 0
F27_3 0
F28 0
F28_1 0
F28_2 0
F28_3 0
F29 0
F29_1 0
F29_2 0
F29_3 0
F30 0
F30_1 0
F30_2 0
F30_3 0
F31 0
F31_1 0
F31_2 0
F31_3 0
F32 0
F32_1 0
F32_2 0
F32_3 0
F33 0
F33_1 0
F33_2 0
F33_3 0
F34 0
F34_1 0
F34_2 0
F34_3 0
F35 0
F35_1 0
F35_2 0
F35_3 0
F36 0
F36_1 0
F36_2 0
F36_3 0
F37 0
F37_1 0
F37_2 0
F37_3 0
F38 0
F38_1 0
F38_2 0
F38_3 0
F39 0
F39_1 0
F39_2 0
F39_3 0
F40 0
F40_1 0
F40_2 0
F40_3 0
F41 0
F41_1 0
F41_2 0
F41_3 0
F42 0
F42_1 0
F42_2 0
F42_3 0
F43 0
F43_1 0
F43_2 0
F43_3 0
F44 0
F44_1 0
F44_2 0
F44_3 0
F45 0
F45_1 0
F45_2 0
F45_3 0
F46 0
F46_1 0
F46_2 0
F46_3 0
Nσ 0
;

param d : N0 C1 C2 C3 C4 C5 C6 C7 C8 C9 C10 C11 C12 C13 C14 C15 C16 C17 C18 C19 C20 C21 C22 C23 C24 C25 F26 F26_1 F26_2 F26_3 F27 F27_1 F27_2 F27_3 F28 F28_1 F28_2 F28_3 F29 F29_1 F29_2 F29_3 F30 F30_1 F30_2 F30_3 F31 F31_1 F31_2 F31_3 F32 F32_1 F32_2 F32_3 F33 F33_1 F33_2 F33_3 F34 F34_1 F34_2 F34_3 F35 F35_1 F35_2 F35_3 F36 F36_1 F36_2 F36_3 F37 F37_1 F37_2 F37_3 F38 F38_1 F38_2 F38_3 F39 F39_1 F39_2 F39_3 F40 F40_1 F40_2 F40_3 F41 F41_1 F41_2 F41_3 F42 F42_1 F42_2 F42_3 F43 F43_1 F43_2 F43_3 F44 F44_1 F44_2 F44_3 F45 F45_1 F45_2 F45_3 F46 F46_1 F46_2 F46_3 Nσ  :=
N0 0.0000 32.2490 29.2062 26.2488 49.9300 27.8029 34.1760 20.2485 18.0278 30.4138 21.0950 28.8617 15.2315 41.4005 19.6977 20.1246 14.8661 21.0950 21.2132 34.9285 25.5539 18.3848 18.0278 15.2643 46.5188 42.4264 0.0000 0.0000 0.0000 0.0000 26.0768 26.0768 26.0768 26.0768 39.2046 39.2046 39.2046 39.2046 25.0599 25.0599 25.0599 25.0599 37.2022 37.2022 37.2022 37.2022 24.7386 24.7386 24.7386 24.7386 36.0139 36.0139 36.0139 36.0139 26.4197 26.4197 26.4197 26.4197 38.2099 38.2099 38.2099 38.2099 18.0278 18.0278 18.0278 18.0278 30.2655 30.2655 30.2655 30.2655 25.8070 25.8070 25.8070 25.8070 36.1386 36.1386 36.1386 36.1386 14.8661 14.8661 14.8661 14.8661 30.3645 30.3645 30.3645 30.3645 15.0333 15.0333 15.0333 15.0333 30.5941 30.5941 30.5941 30.5941 30.0167 30.0167 30.0167 30.0167 33.4215 33.4215 33.4215 33.4215 30.4138 30.4138 30.4138 30.4138 39.3192 39.3192 39.3192 39.3192 0.0000
C1 32.2490 0.0000 59.2368 31.8904 32.5730 23.4307 64.4981 44.9222 35.8469 62.0081 12.5300 61.0000 20.5913 29.8329 32.5576 51.6624 43.4166 39.0512 48.2701 4.4721 32.2025 45.8912 49.0408 41.0000 18.8680 67.2309 32.2490 32.2490 32.2490 32.2490 42.4264 42.4264 42.4264 42.4264 51.3128 51.3128 51.3128 51.3128 18.8680 18.8680 18.8680 18.8680 26.0768 26.0768 26.0768 26.0768 8.2462 8.2462 8.2462 8.2462 5.0000 5.0000 5.0000 5.0000 12.7279 12.7279 12.7279 12.7279 24.7386 24.7386 24.7386 24.7386 29.0689 29.0689 29.0689 29.0689 38.2099 38.2099 38.2099 38.2099 49.9800 49.9800 49.9800 49.9800 51.4004 51.4004 51.4004 51.4004 42.5793 42.5793 42.5793 42.5793 61.2046 61.2046 61.2046 61.2046 47.0956 47.0956 47.0956 47.0956 62.8013 62.8013 62.8013 62.8013 61.0328 61.0328 61.0328 61.0328 60.9016 60.9016 60.9016 60.9016 55.4707 55.4707 55.4707 55.4707 56.7274 56.7274 56.7274 56.7274 32.2490
C2 29.2062 59.2368 0.0000 53.0094 65.6201 56.5685 31.3209 37.0000 42.1900 24.0416 46.8188 12.0830 38.8973 70.0357 31.0000 10.2956 30.4631 25.1794 33.9559 62.6498 36.2215 32.5730 11.3137 34.4384 75.2928 48.5077 29.2062 29.2062 29.2062 29.2062 26.2488 26.2488 26.2488 26.2488 34.2053 34.2053 34.2053 34.2053 45.3982 45.3982 45.3982 45.3982 53.1507 53.1507 53.1507 53.1507 52.7731 52.7731 52.7731 52.7731 61.9839 61.9839 61.9839 61.9839 55.4707 55.4707 55.4707 55.4707 67.2086 67.2086 67.2086 67.2086 45.4533 45.4533 45.4533 45.4533 55.0727 55.0727 55.0727 55.0727 39.8121 39.8121 39.8121 39.8121 54.8179 54.8179 54.8179 54.8179 31.7805 31.7805 31.7805 31.7805 27.6586 27.6586 27.6586 27.6586 20.6155 20.6155 20.6155 20.6155 13.8924 13.8924 13.8924 13.8924 4.2426 4.2426 4.2426 4.2426 8.2462 8.2462 8.2462 8.2462 12.7279 12.7279 12.7279 12.7279 27.6586 27.6586 27.6586 27.6586 29.2062
C3 26.2488 31.8904 53.0094 0.0000 62.1289 9.4868 42.0595 20.6155 11.4018 42.9418 29.9666 48.1664 31.5753 18.7883 43.0000 42.8019 24.2074 46.3897 25.0799 31.0644 47.2652 24.1868 41.8808 20.0000 34.3657 38.3275 26.2488 26.2488 26.2488 26.2488 51.3517 51.3517 51.3517 51.3517 64.1249 64.1249 64.1249 64.1249 39.5601 39.5601 39.5601 39.5601 51.8941 51.8941 51.8941 51.8941 24.8395 24.8395 24.8395 24.8395 36.8782 36.8782 36.8782 36.8782 19.2094 19.2094 19.2094 19.2094 18.2483 18.2483 18.2483 18.2483 8.2462 8.2462 8.2462 8.2462 6.4031 6.4031 6.4031 6.4031 23.3452 23.3452 23.3452 23.3452 19.7231 19.7231 19.7231 19.7231 22.8035 22.8035 22.8035 22.8035 40.3113 40.3113 40.3113 40.3113 33.2415 33.2415 33.2415 33.2415 49.0408 49.0408 49.0408 49.0408 52.4976 52.4976 52.4976 52.4976 58.6686 58.6686 58.6686 58.6686 56.4624 56.4624 56.4624 56.4624 65.3070 65.3070 65.3070 65.3070 26.2488
C4 49.9300 32.5730 65.6201 62.1289 0.0000 55.0091 83.6481 68.8840 62.2415 78.7909 32.6497 72.8011 35.0000 62.3618 35.1710 62.6418 64.6375 40.4475 70.8025 35.9026 29.4279 68.0074 59.4811 64.0312 47.0000 91.8314 49.9300 49.9300 49.9300 49.9300 40.0125 40.0125 40.0125 40.0125 39.8497 39.8497 39.8497 39.8497 25.0000 25.0000 25.0000 25.0000 13.0000 13.0000 13.0000 13.0000 37.5899 37.5899 37.5899 37.5899 28.6356 28.6356 28.6356 28.6356 44.2832 44.2832 44.2832 44.2832 57.2800 57.2800 57.2800 57.2800 56.8507 56.8507 56.8507 56.8507 68.5055 68.5055 68.5055 68.5055 74.5185 74.5185 74.5185 74.5185 80.2808 80.2808 80.2808 80.2808 64.4050 64.4050 64.4050 64.4050 79.6053 79.6053 79.6053 79.6053 63.5059 63.5059 63.5059 63.5059 75.0000 75.0000 75.0000 75.0000 69.0507 69.0507 69.0507 69.0507 63.0079 63.0079 63.0079 63.0079 56.0000 56.0000 56.0000 56.0000 48.5077 48.5077 48.5077 48.5077 49.9300
C5 27.8029 23.4307 56.5685 9.4868 55.0091 0.0000 50.0100 28.4429 18.4391 49.9800 24.3311 53.5350 28.1603 13.6015 41.0000 46.7547 30.4631 45.5412 32.7567 22.0227 44.1814 31.3209 45.2548 26.5707 25.0799 47.6760 27.8029 27.8029 27.8029 27.8029 50.2892 50.2892 50.2892 50.2892 62.3699 62.3699 62.3699 62.3699 34.3657 34.3657 34.3657 34.3657 45.8803 45.8803 45.8803 45.8803 17.4642 17.4642 17.4642 17.4642 28.3196 28.3196 28.3196 28.3196 10.8167 10.8167 10.8167 10.8167 10.8167 10.8167 10.8167 10.8167 12.0830 12.0830 12.0830 12.0830 15.2643 15.2643 15.2643 15.2643 32.0156 32.0156 32.0156 32.0156 29.0689 29.0689 29.0689 29.0689 29.1548 29.1548 29.1548 29.1548 47.8017 47.8017 47.8017 47.8017 38.2753 38.2753 38.2753 38.2753 54.7083 54.7083 54.7083 54.7083 56.7274 56.7274 56.7274 56.7274 61.2209 61.2209 61.2209 61.2209 57.9828 57.9828 57.9828 57.9828 64.8460 64.8460 64.8460 64.8460 27.8029
C6 34.1760 64.4981 31.3209 42.0595 83.6481 50.0100 0.0000 21.5870 31.5753 7.2801 54.8179 19.4165 49.3964 60.7454 50.0000 25.2389 21.0950 47.3814 17.2627 66.1211 56.4004 19.0263 27.8029 24.0208 74.4312 18.1108 34.1760 34.1760 34.1760 34.1760 50.9902 50.9902 50.9902 50.9902 62.4260 62.4260 62.4260 62.4260 59.0931 59.0931 59.0931 59.0931 70.7107 70.7107 70.7107 70.7107 56.3205 56.3205 56.3205 56.3205 68.8840 68.8840 68.8840 68.8840 55.0091 55.0091 55.0091 55.0091 60.1664 60.1664 60.1664 60.1664 38.3275 38.3275 38.3275 38.3275 40.2492 40.2492 40.2492 40.2492 19.2354 19.2354 19.2354 19.2354 32.5269 32.5269 32.5269 32.5269 22.0227 22.0227 22.0227 22.0227 4.2426 4.2426 4.2426 4.2426 20.2485 20.2485 20.2485 20.2485 18.1108 18.1108 18.1108 18.1108 27.6586 27.6586 27.6586 27.6586 39.5601 39.5601 39.5601 39.5601 42.9535 42.9535 42.9535 42.9535 57.7062 57.7062 57.7062 57.7062 34.1760
C7 20.2485 44.9222 37.0000 20.6155 68.8840 28.4429 21.5870 0.0000 10.0499 22.4722 37.2156 29.4109 33.9706 39.3954 39.8246 26.9258 7.0000 40.1622 4.4721 45.8912 45.7930 4.4721 27.2947 5.0000 53.0848 23.0217 20.2485 20.2485 20.2485 20.2485 44.9222 44.9222 44.9222 44.9222 57.9741 57.9741 57.9741 57.9741 43.9318 43.9318 43.9318 43.9318 56.5862 56.5862 56.5862 56.5862 36.6879 36.6879 36.6879 36.6879 49.6488 49.6488 49.6488 49.6488 34.2345 34.2345 34.2345 34.2345 38.6005 38.6005 38.6005 38.6005 17.0000 17.0000 17.0000 17.0000 19.8494 19.8494 19.8494 19.8494 5.6569 5.6569 5.6569 5.6569 18.1108 18.1108 18.1108 18.1108 6.0828 6.0828 6.0828 6.0828 19.6977 19.6977 19.6977 19.6977 16.4924 16.4924 16.4924 16.4924 29.8329 29.8329 29.8329 29.8329 35.3412 35.3412 35.3412 35.3412 44.1475 44.1475 44.1475 44.1475 44.1022 44.1022 44.1022 44.1022 56.3205 56.3205 56.3205 56.3205 20.2485
C8 18.0278 35.8469 42.1900 11.4018 62.2415 18.4391 31.5753 10.0499 0.0000 31.7805 29.7321 36.7967 28.3019 30.0167 37.1080 31.9061 12.8062 39.1152 14.3178 36.4005 42.3792 13.0000 31.3050 8.6023 43.0465 31.3847 18.0278 18.0278 18.0278 18.0278 44.1022 44.1022 44.1022 44.1022 57.2189 57.2189 57.2189 57.2189 37.8021 37.8021 37.8021 37.8021 50.6063 50.6063 50.6063 50.6063 27.7308 27.7308 27.7308 27.7308 40.7185 40.7185 40.7185 40.7185 24.5153 24.5153 24.5153 24.5153 28.7924 28.7924 28.7924 28.7924 7.0711 7.0711 7.0711 7.0711 13.0000 13.0000 13.0000 13.0000 14.3178 14.3178 14.3178 14.3178 18.7883 18.7883 18.7883 18.7883 11.4018 11.4018 11.4018 11.4018 29.4109 29.4109 29.4109 29.4109 22.0227 22.0227 22.0227 22.0227 37.6431 37.6431 37.6431 37.6431 41.4005 41.4005 41.4005 41.4005 48.3322 48.3322 48.3322 48.3322 46.8402 46.8402 46.8402 46.8402 57.1402 57.1402 57.1402 57.1402 18.0278
C9 30.4138 62.0081 24.0416 42.9418 78.7909 49.9800 7.2801 22.4722 31.7805 0.0000 51.4782 12.1655 45.3542 61.7171 44.4185 18.4391 19.6469 41.2311 18.0278 64.0703 50.7740 18.7883 21.2132 23.4094 73.5459 25.0000 30.4138 30.4138 30.4138 30.4138 44.5533 44.5533 44.5533 44.5533 55.6058 55.6058 55.6058 55.6058 54.7083 54.7083 54.7083 54.7083 65.7951 65.7951 65.7951 65.7951 54.0093 54.0093 54.0093 54.0093 66.1211 66.1211 66.1211 66.1211 53.6004 53.6004 53.6004 53.6004 60.5392 60.5392 60.5392 60.5392 37.9473 37.9473 37.9473 37.9473 42.2019 42.2019 42.2019 42.2019 21.9317 21.9317 21.9317 21.9317 36.6197 36.6197 36.6197 36.6197 20.8806 20.8806 20.8806 20.8806 4.1231 4.1231 4.1231 4.1231 15.5242 15.5242 15.5242 15.5242 11.0000 11.0000 11.0000 11.0000 20.3961 20.3961 20.3961 20.3961 32.2800 32.2800 32.2800 32.2800 35.7771 35.7771 35.7771 35.7771 50.6063 50.6063 50.6063 50.6063 30.4138
C10 21.0950 12.5300 46.8188 29.9666 32.6497 24.3311 54.8179 37.2156 29.7321 51.4782 0.0000 49.2544 8.0623 35.2278 20.6155 39.6232 34.1760 26.8701 39.8121 16.4012 21.5407 37.1618 36.8782 32.6497 30.4138 60.2080 21.0950 21.0950 21.0950 21.0950 30.6105 30.6105 30.6105 30.6105 40.7185 40.7185 40.7185 40.7185 10.0499 10.0499 10.0499 10.0499 21.9317 21.9317 21.9317 21.9317 8.5440 8.5440 8.5440 8.5440 15.2971 15.2971 15.2971 15.2971 15.1327 15.1327 15.1327 15.1327 30.4138 30.4138 30.4138 30.4138 24.2074 24.2074 24.2074 24.2074 36.2353 36.2353 36.2353 36.2353 42.7200 42.7200 42.7200 42.7200 47.6340 47.6340 47.6340 47.6340 33.6155 33.6155 33.6155 33.6155 51.1957 51.1957 51.1957 51.1957 36.1248 36.1248 36.1248 36.1248 51.1566 51.1566 51.1566 51.1566 48.7647 48.7647 48.7647 48.7647 48.3735 48.3735 48.3735 48.3735 43.0116 43.0116 43.0116 43.0116 45.2217 45.2217 45.2217 45.2217 21.0950
C11 28.8617 61.0000 12.0830 48.1664 72.8011 53.5350 19.4165 29.4109 36.7967 12.1655 49.2544 0.0000 42.0119 66.4003 37.6431 10.1980 24.0416 33.1059 25.5539 63.7887 43.6578 25.0000 13.3417 28.2843 75.0267 37.0540 28.8617 28.8617 28.8617 28.8617 35.5106 35.5106 35.5106 35.5106 45.2548 45.2548 45.2548 45.2548 50.2494 50.2494 50.2494 50.2494 59.9083 59.9083 59.9083 59.9083 53.6004 53.6004 53.6004 53.6004 64.4981 64.4981 64.4981 64.4981 54.7814 54.7814 54.7814 54.7814 64.3506 64.3506 64.3506 64.3506 41.6173 41.6173 41.6173 41.6173 48.9183 48.9183 48.9183 48.9183 30.8707 30.8707 30.8707 30.8707 46.0977 46.0977 46.0977 46.0977 25.4558 25.4558 25.4558 25.4558 16.0312 16.0312 16.0312 16.0312 15.2643 15.2643 15.2643 15.2643 2.2361 2.2361 2.2361 2.2361 8.2462 8.2462 8.2462 8.2462 20.2485 20.2485 20.2485 20.2485 24.4131 24.4131 24.4131 24.4131 39.4081 39.4081 39.4081 39.4081 28.8617
C12 15.2315 20.5913 38.8973 31.5753 35.0000 28.1603 49.3964 33.9706 28.3019 45.3542 8.0623 42.0119 0.0000 40.5216 13.4164 32.1403 29.6816 19.2094 35.8050 24.4131 16.0312 33.0151 29.2746 29.0689 38.2099 56.8507 15.2315 15.2315 15.2315 15.2315 23.3238 23.3238 23.3238 23.3238 34.4819 34.4819 34.4819 34.4819 10.0000 10.0000 10.0000 10.0000 22.6274 22.6274 22.6274 22.6274 15.6205 15.6205 15.6205 15.6205 23.0868 23.0868 23.0868 23.0868 21.0238 21.0238 21.0238 21.0238 36.0555 36.0555 36.0555 36.0555 24.3516 24.3516 24.3516 24.3516 37.3631 37.3631 37.3631 37.3631 39.6232 39.6232 39.6232 39.6232 47.0106 47.0106 47.0106 47.0106 29.4109 29.4109 29.4109 29.4109 45.5412 45.5412 45.5412 45.5412 29.8329 29.8329 29.8329 29.8329 44.0000 44.0000 44.0000 44.0000 41.0000 41.0000 41.0000 41.0000 40.3113 40.3113 40.3113 40.3113 35.0000 35.0000 35.0000 35.0000 38.0789 38.0789 38.0789 38.0789 15.2315
C13 41.4005 29.8329 70.0357 18.7883 62.3618 13.6015 60.7454 39.3954 30.0167 61.7171 35.2278 66.4003 40.5216 0.0000 53.7587 60.1082 42.7200 58.6941 43.8634 26.5707 56.2939 42.9418 58.7282 38.5876 21.4009 55.0818 41.4005 41.4005 41.4005 41.4005 63.3246 63.3246 63.3246 63.3246 75.0000 75.0000 75.0000 75.0000 45.0999 45.0999 45.0999 45.0999 55.2268 55.2268 55.2268 55.2268 27.0185 27.0185 27.0185 27.0185 33.8378 33.8378 33.8378 33.8378 20.0998 20.0998 20.0998 20.0998 5.0990 5.0990 5.0990 5.0990 24.8395 24.8395 24.8395 24.8395 21.2132 21.2132 21.2132 21.2132 41.7612 41.7612 41.7612 41.7612 34.0588 34.0588 34.0588 34.0588 41.3401 41.3401 41.3401 41.3401 59.0931 59.0931 59.0931 59.0931 51.2250 51.2250 51.2250 51.2250 67.4240 67.4240 67.4240 67.4240 70.0357 70.0357 70.0357 70.0357 74.8131 74.8131 74.8131 74.8131 71.5612 71.5612 71.5612 71.5612 78.0000 78.0000 78.0000 78.0000 41.4005
C14 19.6977 32.5576 31.0000 43.0000 35.1710 41.0000 50.0000 39.8246 37.1080 44.4185 20.6155 37.6431 13.4164 53.7587 0.0000 27.5136 33.8378 6.7082 40.2244 36.7696 6.4031 37.4433 24.3516 34.8855 50.9902 61.2209 19.6977 19.6977 19.6977 19.6977 10.0000 10.0000 10.0000 10.0000 21.3776 21.3776 21.3776 21.3776 15.2315 15.2315 15.2315 15.2315 22.3607 22.3607 22.3607 22.3607 28.8444 28.8444 28.8444 28.8444 33.8378 33.8378 33.8378 33.8378 34.4384 34.4384 34.4384 34.4384 49.3964 49.3964 49.3964 49.3964 35.0571 35.0571 35.0571 35.0571 48.1664 48.1664 48.1664 48.1664 45.2769 45.2769 45.2769 45.2769 55.6597 55.6597 55.6597 55.6597 34.1321 34.1321 34.1321 34.1321 45.8039 45.8039 45.8039 45.8039 29.8329 29.8329 29.8329 29.8329 39.8497 39.8497 39.8497 39.8497 34.1321 34.1321 34.1321 34.1321 30.0832 30.0832 30.0832 30.0832 23.7697 23.7697 23.7697 23.7697 24.6982 24.6982 24.6982 24.6982 19.6977
C15 20.1246 51.6624 10.2956 42.8019 62.6418 46.7547 25.2389 26.9258 31.9061 18.4391 39.6232 10.1980 32.1403 60.1082 27.5136 0.0000 20.2485 23.3238 24.1868 54.7083 33.6155 22.5610 3.1623 24.1661 66.6408 40.8044 20.1246 20.1246 20.1246 20.1246 26.2488 26.2488 26.2488 26.2488 37.2022 37.2022 37.2022 37.2022 40.1123 40.1123 40.1123 40.1123 49.7293 49.7293 49.7293 49.7293 44.5982 44.5982 44.5982 44.5982 54.9181 54.9181 54.9181 54.9181 46.5296 46.5296 46.5296 46.5296 57.4891 57.4891 57.4891 57.4891 35.3836 35.3836 35.3836 35.3836 44.7772 44.7772 44.7772 44.7772 30.1496 30.1496 30.1496 30.1496 44.9110 44.9110 44.9110 44.9110 21.5407 21.5407 21.5407 21.5407 21.0950 21.0950 21.0950 21.0950 10.4403 10.4403 10.4403 10.4403 12.3693 12.3693 12.3693 12.3693 10.0000 10.0000 10.0000 10.0000 17.2627 17.2627 17.2627 17.2627 18.4391 18.4391 18.4391 18.4391 32.6956 32.6956 32.6956 32.6956 20.1246
C16 14.8661 43.4166 30.4631 24.2074 64.6375 30.4631 21.0950 7.0000 12.8062 19.6469 34.1760 24.0416 29.6816 42.7200 33.8378 20.2485 0.0000 33.6155 6.4031 45.0444 40.0000 3.6056 20.3961 4.2426 53.9351 27.5862 14.8661 14.8661 14.8661 14.8661 38.2753 38.2753 38.2753 38.2753 51.2445 51.2445 51.2445 51.2445 39.6611 39.6611 39.6611 39.6611 52.0096 52.0096 52.0096 52.0096 35.2278 35.2278 35.2278 35.2278 47.8539 47.8539 47.8539 47.8539 34.1321 34.1321 34.1321 34.1321 41.1461 41.1461 41.1461 41.1461 18.3848 18.3848 18.3848 18.3848 25.0000 25.0000 25.0000 25.0000 11.7047 11.7047 11.7047 11.7047 25.0799 25.0799 25.0799 25.0799 1.4142 1.4142 1.4142 1.4142 18.0278 18.0278 18.0278 18.0278 9.8489 9.8489 9.8489 9.8489 24.8395 24.8395 24.8395 24.8395 29.1548 29.1548 29.1548 29.1548 37.3631 37.3631 37.3631 37.3631 37.1214 37.1214 37.1214 37.1214 49.3660 49.3660 49.3660 49.3660 14.8661
C17 21.0950 39.0512 25.1794 46.3897 40.4475 45.5412 47.3814 40.1622 39.1152 41.2311 26.8701 33.1059 19.2094 58.6941 6.7082 23.3238 33.6155 0.0000 39.8121 43.1856 11.0454 37.1618 20.2485 35.4401 57.2800 60.2080 21.0950 21.0950 21.0950 21.0950 5.0000 5.0000 5.0000 5.0000 18.1108 18.1108 18.1108 18.1108 21.9317 21.9317 21.9317 21.9317 28.0179 28.0179 28.0179 28.0179 34.8281 34.8281 34.8281 34.8281 40.4969 40.4969 40.4969 40.4969 39.9625 39.9625 39.9625 39.9625 54.5619 54.5619 54.5619 54.5619 38.2099 38.2099 38.2099 38.2099 51.0392 51.0392 51.0392 51.0392 45.3100 45.3100 45.3100 45.3100 57.0701 57.0701 57.0701 57.0701 34.1760 34.1760 34.1760 34.1760 43.1393 43.1393 43.1393 43.1393 27.8029 27.8029 27.8029 27.8029 35.3412 35.3412 35.3412 35.3412 28.6356 28.6356 28.6356 28.6356 23.5372 23.5372 23.5372 23.5372 17.0880 17.0880 17.0880 17.0880 19.3132 19.3132 19.3132 19.3132 21.0950
C18 21.2132 48.2701 33.9559 25.0799 70.8025 32.7567 17.2627 4.4721 14.3178 18.0278 39.8121 25.5539 35.8050 43.8634 40.2244 24.1868 6.4031 39.8121 0.0000 49.4975 46.4004 2.8284 25.0000 7.2801 57.2189 21.2132 21.2132 21.2132 21.2132 21.2132 44.3847 44.3847 44.3847 44.3847 57.2451 57.2451 57.2451 57.2451 45.8039 45.8039 45.8039 45.8039 58.2580 58.2580 58.2580 58.2580 40.0250 40.0250 40.0250 40.0250 52.8867 52.8867 52.8867 52.8867 38.0526 38.0526 38.0526 38.0526 43.0116 43.0116 43.0116 43.0116 21.0950 21.0950 21.0950 21.0950 24.2074 24.2074 24.2074 24.2074 6.0000 6.0000 6.0000 6.0000 20.8806 20.8806 20.8806 20.8806 6.4031 6.4031 6.4031 6.4031 15.2315 15.2315 15.2315 15.2315 14.0000 14.0000 14.0000 14.0000 25.8070 25.8070 25.8070 25.8070 31.9531 31.9531 31.9531 31.9531 41.4367 41.4367 41.4367 41.4367 42.0119 42.0119 42.0119 42.0119 54.9181 54.9181 54.9181 54.9181 21.2132
C19 34.9285 4.4721 62.6498 31.0644 35.9026 22.0227 66.1211 45.8912 36.4005 64.0703 16.4012 63.7887 24.4131 26.5707 36.7696 54.7083 45.0444 43.1856 49.4975 0.0000 36.6197 47.2652 52.2015 42.2966 14.4222 67.6757 34.9285 34.9285 34.9285 34.9285 46.6905 46.6905 46.6905 46.6905 55.7584 55.7584 55.7584 55.7584 23.3238 23.3238 23.3238 23.3238 30.2655 30.2655 30.2655 30.2655 10.1980 10.1980 10.1980 10.1980 7.2801 7.2801 7.2801 7.2801 12.0830 12.0830 12.0830 12.0830 21.5407 21.5407 21.5407 21.5407 29.4109 29.4109 29.4109 29.4109 37.2022 37.2022 37.2022 37.2022 50.6952 50.6952 50.6952 50.6952 50.7740 50.7740 50.7740 50.7740 44.1022 44.1022 44.1022 44.1022 63.0079 63.0079 63.0079 63.0079 49.4975 49.4975 49.4975 49.4975 65.5134 65.5134 65.5134 65.5134 64.2573 64.2573 64.2573 64.2573 64.6607 64.6607 64.6607 64.6607 59.4054 59.4054 59.4054 59.4054 61.0737 61.0737 61.0737 61.0737 34.9285
C20 25.5539 32.2025 36.2215 47.2652 29.4279 44.1814 56.4004 45.7930 42.3792 50.7740 21.5407 43.6578 16.0312 56.2939 6.4031 33.6155 40.0000 11.0454 46.4004 36.6197 0.0000 43.6005 30.4631 40.8167 51.0392 67.4759 25.5539 25.5539 25.5539 25.5539 11.7047 11.7047 11.7047 11.7047 19.2354 19.2354 19.2354 19.2354 13.4536 13.4536 13.4536 13.4536 17.0000 17.0000 17.0000 17.0000 30.0832 30.0832 30.0832 30.0832 32.5269 32.5269 32.5269 32.5269 36.4005 36.4005 36.4005 36.4005 51.6624 51.6624 51.6624 51.6624 39.6232 39.6232 39.6232 39.6232 52.7731 52.7731 52.7731 52.7731 51.3128 51.3128 51.3128 51.3128 61.0983 61.0983 61.0983 61.0983 40.2244 40.2244 40.2244 40.2244 52.2015 52.2015 52.2015 52.2015 36.2353 36.2353 36.2353 36.2353 45.8803 45.8803 45.8803 45.8803 39.6232 39.6232 39.6232 39.6232 34.2345 34.2345 34.2345 34.2345 27.4591 27.4591 27.4591 27.4591 24.7588 24.7588 24.7588 24.7588 25.5539
C21 18.3848 45.8912 32.5730 24.1868 68.0074 31.3209 19.0263 4.4721 13.0000 18.7883 37.1618 25.0000 33.0151 42.9418 37.4433 22.5610 3.6056 37.1618 2.8284 47.2652 43.6005 0.0000 23.0868 5.0000 55.4437 24.0416 18.3848 18.3848 18.3848 18.3848 41.7852 41.7852 41.7852 41.7852 54.7083 54.7083 54.7083 54.7083 43.0116 43.0116 43.0116 43.0116 55.4437 55.4437 55.4437 55.4437 37.6563 37.6563 37.6563 37.6563 50.4480 50.4480 50.4480 50.4480 36.0000 36.0000 36.0000 36.0000 41.7852 41.7852 41.7852 41.7852 19.4165 19.4165 19.4165 19.4165 24.0416 24.0416 24.0416 24.0416 8.2462 8.2462 8.2462 8.2462 22.3607 22.3607 22.3607 22.3607 3.6056 3.6056 3.6056 3.6056 16.4924 16.4924 16.4924 16.4924 12.1655 12.1655 12.1655 12.1655 25.4951 25.4951 25.4951 25.4951 30.8707 30.8707 30.8707 30.8707 39.8121 39.8121 39.8121 39.8121 40.0125 40.0125 40.0125 40.0125 52.6118 52.6118 52.6118 52.6118 18.3848
C22 18.0278 49.0408 11.3137 41.8808 59.4811 45.2548 27.8029 27.2947 31.3050 21.2132 36.8782 13.3417 29.2746 58.7282 24.3516 3.1623 20.3961 20.2485 25.0000 52.2015 30.4631 23.0868 0.0000 24.0416 64.4127 42.7200 18.0278 18.0278 18.0278 18.0278 23.3452 23.3452 23.3452 23.3452 34.6699 34.6699 34.6699 34.6699 37.0540 37.0540 37.0540 37.0540 46.5725 46.5725 46.5725 46.5725 42.1545 42.1545 42.1545 42.1545 52.1728 52.1728 52.1728 52.1728 44.4185 44.4185 44.4185 44.4185 55.9017 55.9017 55.9017 55.9017 34.2053 34.2053 34.2053 34.2053 44.2832 44.2832 44.2832 44.2832 31.0000 31.0000 31.0000 31.0000 45.3982 45.3982 45.3982 45.3982 21.5870 21.5870 21.5870 21.5870 23.6008 23.6008 23.6008 23.6008 11.0000 11.0000 11.0000 11.0000 15.5242 15.5242 15.5242 15.5242 12.0830 12.0830 12.0830 12.0830 17.0880 17.0880 17.0880 17.0880 17.0294 17.0294 17.0294 17.0294 30.6757 30.6757 30.6757 30.6757 18.0278
C23 15.2643 41.0000 34.4384 20.0000 64.0312 26.5707 24.0208 5.0000 8.6023 23.4094 32.6497 28.2843 29.0689 38.5876 34.8855 24.1661 4.2426 35.4401 7.2801 42.2966 40.8167 5.0000 24.0416 0.0000 50.4876 27.8029 15.2643 15.2643 15.2643 15.2643 40.2616 40.2616 40.2616 40.2616 53.3667 53.3667 53.3667 53.3667 39.0512 39.0512 39.0512 39.0512 51.6624 51.6624 51.6624 51.6624 32.7567 32.7567 32.7567 32.7567 45.6070 45.6070 45.6070 45.6070 31.0000 31.0000 31.0000 31.0000 37.1618 37.1618 37.1618 37.1618 14.5602 14.5602 14.5602 14.5602 20.8087 20.8087 20.8087 20.8087 10.6301 10.6301 10.6301 10.6301 22.0227 22.0227 22.0227 22.0227 2.8284 2.8284 2.8284 2.8284 21.3776 21.3776 21.3776 21.3776 13.8924 13.8924 13.8924 13.8924 29.0689 29.0689 29.0689 29.0689 33.2866 33.2866 33.2866 33.2866 41.1096 41.1096 41.1096 41.1096 40.4475 40.4475 40.4475 40.4475 52.0865 52.0865 52.0865 52.0865 15.2643
C24 46.5188 18.8680 75.2928 34.3657 47.0000 25.0799 74.4312 53.0848 43.0465 73.5459 30.4138 75.0267 38.2099 21.4009 50.9902 66.6408 53.9351 57.2800 57.2189 14.4222 51.0392 55.4437 64.4127 50.4876 0.0000 72.6911 46.5188 46.5188 46.5188 46.5188 60.9590 60.9590 60.9590 60.9590 70.1783 70.1783 70.1783 70.1783 37.7359 37.7359 37.7359 37.7359 43.6807 43.6807 43.6807 43.6807 22.8035 22.8035 22.8035 22.8035 19.9249 19.9249 19.9249 19.9249 20.2485 20.2485 20.2485 20.2485 17.8885 17.8885 17.8885 17.8885 36.1248 36.1248 36.1248 36.1248 39.2938 39.2938 39.2938 39.2938 57.0088 57.0088 57.0088 57.0088 53.1601 53.1601 53.1601 53.1601 52.7731 52.7731 52.7731 52.7731 71.8471 71.8471 71.8471 71.8471 60.0833 60.0833 60.0833 60.0833 76.5506 76.5506 76.5506 76.5506 76.4788 76.4788 76.4788 76.4788 78.0064 78.0064 78.0064 78.0064 73.1095 73.1095 73.1095 73.1095 75.4321 75.4321 75.4321 75.4321 46.5188
C25 42.4264 67.2309 48.5077 38.3275 91.8314 47.6760 18.1108 23.0217 31.3847 25.0000 60.2080 37.0540 56.8507 55.0818 61.2209 40.8044 27.5862 60.2080 21.2132 67.6757 67.4759 24.0416 42.7200 27.8029 72.6911 0.0000 42.4264 42.4264 42.4264 42.4264 64.4981 64.4981 64.4981 64.4981 76.9220 76.9220 76.9220 76.9220 66.8431 66.8431 66.8431 66.8431 79.3977 79.3977 79.3977 79.3977 59.0931 59.0931 59.0931 59.0931 72.0902 72.0902 72.0902 72.0902 55.6597 55.6597 55.6597 55.6597 56.0357 56.0357 56.0357 56.0357 38.2753 38.2753 38.2753 38.2753 34.0000 34.0000 34.0000 34.0000 17.4929 17.4929 17.4929 17.4929 21.5870 21.5870 21.5870 21.5870 27.5862 27.5862 27.5862 27.5862 21.0238 21.0238 21.0238 21.0238 32.6497 32.6497 32.6497 32.6497 36.0000 36.0000 36.0000 36.0000 45.1774 45.1774 45.1774 45.1774 56.7186 56.7186 56.7186 56.7186 59.2030 59.2030 59.2030 59.2030 73.3894 73.3894 73.3894 73.3894 42.4264
F26 0.0000 32.2490 29.2062 26.2488 49.9300 27.8029 34.1760 20.2485 18.0278 30.4138 21.0950 28.8617 15.2315 41.4005 19.6977 20.1246 14.8661 21.0950 21.2132 34.9285 25.5539 18.3848 18.0278 15.2643 46.5188 42.4264 0.0000 0.0000 0.0000 0.0000 26.0768 26.0768 26.0768 26.0768 39.2046 39.2046 39.2046 39.2046 25.0599 25.0599 25.0599 25.0599 37.2022 37.2022 37.2022 37.2022 24.7386 24.7386 24.7386 24.7386 36.0139 36.0139 36.0139 36.0139 26.4197 26.4197 26.4197 26.4197 38.2099 38.2099 38.2099 38.2099 18.0278 18.0278 18.0278 18.0278 30.2655 30.2655 30.2655 30.2655 25.8070 25.8070 25.8070 25.8070 36.1386 36.1386 36.1386 36.1386 14.8661 14.8661 14.8661 14.8661 30.3645 30.3645 30.3645 30.3645 15.0333 15.0333 15.0333 15.0333 30.5941 30.5941 30.5941 30.5941 30.0167 30.0167 30.0167 30.0167 33.4215 33.4215 33.4215 33.4215 30.4138 30.4138 30.4138 30.4138 39.3192 39.3192 39.3192 39.3192 0.0000
F26_1 0.0000 32.2490 29.2062 26.2488 49.9300 27.8029 34.1760 20.2485 18.0278 30.4138 21.0950 28.8617 15.2315 41.4005 19.6977 20.1246 14.8661 21.0950 21.2132 34.9285 25.5539 18.3848 18.0278 15.2643 46.5188 42.4264 0.0000 0.0000 0.0000 0.0000 26.0768 26.0768 26.0768 26.0768 39.2046 39.2046 39.2046 39.2046 25.0599 25.0599 25.0599 25.0599 37.2022 37.2022 37.2022 37.2022 24.7386 24.7386 24.7386 24.7386 36.0139 36.0139 36.0139 36.0139 26.4197 26.4197 26.4197 26.4197 38.2099 38.2099 38.2099 38.2099 18.0278 18.0278 18.0278 18.0278 30.2655 30.2655 30.2655 30.2655 25.8070 25.8070 25.8070 25.8070 36.1386 36.1386 36.1386 36.1386 14.8661 14.8661 14.8661 14.8661 30.3645 30.3645 30.3645 30.3645 15.0333 15.0333 15.0333 15.0333 30.5941 30.5941 30.5941 30.5941 30.0167 30.0167 30.0167 30.0167 33.4215 33.4215 33.4215 33.4215 30.4138 30.4138 30.4138 30.4138 39.3192 39.3192 39.3192 39.3192 0.0000
F26_2 0.0000 32.2490 29.2062 26.2488 49.9300 27.8029 34.1760 20.2485 18.0278 30.4138 21.0950 28.8617 15.2315 41.4005 19.6977 20.1246 14.8661 21.0950 21.2132 34.9285 25.5539 18.3848 18.0278 15.2643 46.5188 42.4264 0.0000 0.0000 0.0000 0.0000 26.0768 26.0768 26.0768 26.0768 39.2046 39.2046 39.2046 39.2046 25.0599 25.0599 25.0599 25.0599 37.2022 37.2022 37.2022 37.2022 24.7386 24.7386 24.7386 24.7386 36.0139 36.0139 36.0139 36.0139 26.4197 26.4197 26.4197 26.4197 38.2099 38.2099 38.2099 38.2099 18.0278 18.0278 18.0278 18.0278 30.2655 30.2655 30.2655 30.2655 25.8070 25.8070 25.8070 25.8070 36.1386 36.1386 36.1386 36.1386 14.8661 14.8661 14.8661 14.8661 30.3645 30.3645 30.3645 30.3645 15.0333 15.0333 15.0333 15.0333 30.5941 30.5941 30.5941 30.5941 30.0167 30.0167 30.0167 30.0167 33.4215 33.4215 33.4215 33.4215 30.4138 30.4138 30.4138 30.4138 39.3192 39.3192 39.3192 39.3192 0.0000
F26_3 0.0000 32.2490 29.2062 26.2488 49.9300 27.8029 34.1760 20.2485 18.0278 30.4138 21.0950 28.8617 15.2315 41.4005 19.6977 20.1246 14.8661 21.0950 21.2132 34.9285 25.5539 18.3848 18.0278 15.2643 46.5188 42.4264 0.0000 0.0000 0.0000 0.0000 26.0768 26.0768 26.0768 26.0768 39.2046 39.2046 39.2046 39.2046 25.0599 25.0599 25.0599 25.0599 37.2022 37.2022 37.2022 37.2022 24.7386 24.7386 24.7386 24.7386 36.0139 36.0139 36.0139 36.0139 26.4197 26.4197 26.4197 26.4197 38.2099 38.2099 38.2099 38.2099 18.0278 18.0278 18.0278 18.0278 30.2655 30.2655 30.2655 30.2655 25.8070 25.8070 25.8070 25.8070 36.1386 36.1386 36.1386 36.1386 14.8661 14.8661 14.8661 14.8661 30.3645 30.3645 30.3645 30.3645 15.0333 15.0333 15.0333 15.0333 30.5941 30.5941 30.5941 30.5941 30.0167 30.0167 30.0167 30.0167 33.4215 33.4215 33.4215 33.4215 30.4138 30.4138 30.4138 30.4138 39.3192 39.3192 39.3192 39.3192 0.0000
F27 26.0768 42.4264 26.2488 51.3517 40.0125 50.2892 50.9902 44.9222 44.1022 44.5533 30.6105 35.5106 23.3238 63.3246 10.0000 26.2488 38.2753 5.0000 44.3847 46.6905 11.7047 41.7852 23.3452 40.2616 60.9590 64.4981 26.0768 26.0768 26.0768 26.0768 0.0000 0.0000 0.0000 0.0000 13.1529 13.1529 13.1529 13.1529 24.4131 24.4131 24.4131 24.4131 28.2843 28.2843 28.2843 28.2843 38.8330 38.8330 38.8330 38.8330 43.4166 43.4166 43.4166 43.4166 44.2945 44.2945 44.2945 44.2945 59.0931 59.0931 59.0931 59.0931 43.1856 43.1856 43.1856 43.1856 56.0357 56.0357 56.0357 56.0357 49.9800 49.9800 49.9800 49.9800 61.9839 61.9839 61.9839 61.9839 38.8973 38.8973 38.8973 38.8973 46.7547 46.7547 46.7547 46.7547 31.9061 31.9061 31.9061 31.9061 37.7359 37.7359 37.7359 37.7359 30.0832 30.0832 30.0832 30.0832 23.0000 23.0000 23.0000 23.0000 16.0312 16.0312 16.0312 16.0312 14.7648 14.7648 14.7648 14.7648 26.0768
F27_1 26.0768 42.4264 26.2488 51.3517 40.0125 50.2892 50.9902 44.9222 44.1022 44.5533 30.6105 35.5106 23.3238 63.3246 10.0000 26.2488 38.2753 5.0000 44.3847 46.6905 11.7047 41.7852 23.3452 40.2616 60.9590 64.4981 26.0768 26.0768 26.0768 26.0768 0.0000 0.0000 0.0000 0.0000 13.1529 13.1529 13.1529 13.1529 24.4131 24.4131 24.4131 24.4131 28.2843 28.2843 28.2843 28.2843 38.8330 38.8330 38.8330 38.8330 43.4166 43.4166 43.4166 43.4166 44.2945 44.2945 44.2945 44.2945 59.0931 59.0931 59.0931 59.0931 43.1856 43.1856 43.1856 43.1856 56.0357 56.0357 56.0357 56.0357 49.9800 49.9800 49.9800 49.9800 61.9839 61.9839 61.9839 61.9839 38.8973 38.8973 38.8973 38.8973 46.7547 46.7547 46.7547 46.7547 31.9061 31.9061 31.9061 31.9061 37.7359 37.7359 37.7359 37.7359 30.0832 30.0832 30.0832 30.0832 23.0000 23.0000 23.0000 23.0000 16.0312 16.0312 16.0312 16.0312 14.7648 14.7648 14.7648 14.7648 26.0768
F27_2 26.0768 42.4264 26.2488 51.3517 40.0125 50.2892 50.9902 44.9222 44.1022 44.5533 30.6105 35.5106 23.3238 63.3246 10.0000 26.2488 38.2753 5.0000 44.3847 46.6905 11.7047 41.7852 23.3452 40.2616 60.9590 64.4981 26.0768 26.0768 26.0768 26.0768 0.0000 0.0000 0.0000 0.0000 13.1529 13.1529 13.1529 13.1529 24.4131 24.4131 24.4131 24.4131 28.2843 28.2843 28.2843 28.2843 38.8330 38.8330 38.8330 38.8330 43.4166 43.4166 43.4166 43.4166 44.2945 44.2945 44.2945 44.2945 59.0931 59.0931 59.0931 59.0931 43.1856 43.1856 43.1856 43.1856 56.0357 56.0357 56.0357 56.0357 49.9800 49.9800 49.9800 49.9800 61.9839 61.9839 61.9839 61.9839 38.8973 38.8973 38.8973 38.8973 46.7547 46.7547 46.7547 46.7547 31.9061 31.9061 31.9061 31.9061 37.7359 37.7359 37.7359 37.7359 30.0832 30.0832 30.0832 30.0832 23.0000 23.0000 23.0000 23.0000 16.0312 16.0312 16.0312 16.0312 14.7648 14.7648 14.7648 14.7648 26.0768
F27_3 26.0768 42.4264 26.2488 51.3517 40.0125 50.2892 50.9902 44.9222 44.1022 44.5533 30.6105 35.5106 23.3238 63.3246 10.0000 26.2488 38.2753 5.0000 44.3847 46.6905 11.7047 41.7852 23.3452 40.2616 60.9590 64.4981 26.0768 26.0768 26.0768 26.0768 0.0000 0.0000 0.0000 0.0000 13.1529 13.1529 13.1529 13.1529 24.4131 24.4131 24.4131 24.4131 28.2843 28.2843 28.2843 28.2843 38.8330 38.8330 38.8330 38.8330 43.4166 43.4166 43.4166 43.4166 44.2945 44.2945 44.2945 44.2945 59.0931 59.0931 59.0931 59.0931 43.1856 43.1856 43.1856 43.1856 56.0357 56.0357 56.0357 56.0357 49.9800 49.9800 49.9800 49.9800 61.9839 61.9839 61.9839 61.9839 38.8973 38.8973 38.8973 38.8973 46.7547 46.7547 46.7547 46.7547 31.9061 31.9061 31.9061 31.9061 37.7359 37.7359 37.7359 37.7359 30.0832 30.0832 30.0832 30.0832 23.0000 23.0000 23.0000 23.0000 16.0312 16.0312 16.0312 16.0312 14.7648 14.7648 14.7648 14.7648 26.0768
F28 39.2046 51.3128 34.2053 64.1249 39.8497 62.3699 62.4260 57.9741 57.2189 55.6058 40.7185 45.2548 34.4819 75.0000 21.3776 37.2022 51.2445 18.1108 57.2451 55.7584 19.2354 54.7083 34.6699 53.3667 70.1783 76.9220 39.2046 39.2046 39.2046 39.2046 13.1529 13.1529 13.1529 13.1529 0.0000 0.0000 0.0000 0.0000 32.4500 32.4500 32.4500 32.4500 31.0644 31.0644 31.0644 31.0644 49.2443 49.2443 49.2443 49.2443 51.2250 51.2250 51.2250 51.2250 55.3624 55.3624 55.3624 55.3624 70.5195 70.5195 70.5195 70.5195 56.0357 56.0357 56.0357 56.0357 69.0000 69.0000 69.0000 69.0000 62.9365 62.9365 62.9365 62.9365 75.1332 75.1332 75.1332 75.1332 51.9230 51.9230 51.9230 51.9230 58.2495 58.2495 58.2495 58.2495 44.2832 44.2832 44.2832 44.2832 47.3814 47.3814 47.3814 47.3814 38.4187 38.4187 38.4187 38.4187 28.1780 28.1780 28.1780 28.1780 21.6333 21.6333 21.6333 21.6333 9.0000 9.0000 9.0000 9.0000 39.2046
F28_1 39.2046 51.3128 34.2053 64.1249 39.8497 62.3699 62.4260 57.9741 57.2189 55.6058 40.7185 45.2548 34.4819 75.0000 21.3776 37.2022 51.2445 18.1108 57.2451 55.7584 19.2354 54.7083 34.6699 53.3667 70.1783 76.9220 39.2046 39.2046 39.2046 39.2046 13.1529 13.1529 13.1529 13.1529 0.0000 0.0000 0.0000 0.0000 32.4500 32.4500 32.4500 32.4500 31.0644 31.0644 31.0644 31.0644 49.2443 49.2443 49.2443 49.2443 51.2250 51.2250 51.2250 51.2250 55.3624 55.3624 55.3624 55.3624 70.5195 70.5195 70.5195 70.5195 56.0357 56.0357 56.0357 56.0357 69.0000 69.0000 69.0000 69.0000 62.9365 62.9365 62.9365 62.9365 75.1332 75.1332 75.1332 75.1332 51.9230 51.9230 51.9230 51.9230 58.2495 58.2495 58.2495 58.2495 44.2832 44.2832 44.2832 44.2832 47.3814 47.3814 47.3814 47.3814 38.4187 38.4187 38.4187 38.4187 28.1780 28.1780 28.1780 28.1780 21.6333 21.6333 21.6333 21.6333 9.0000 9.0000 9.0000 9.0000 39.2046
F28_2 39.2046 51.3128 34.2053 64.1249 39.8497 62.3699 62.4260 57.9741 57.2189 55.6058 40.7185 45.2548 34.4819 75.0000 21.3776 37.2022 51.2445 18.1108 57.2451 55.7584 19.2354 54.7083 34.6699 53.3667 70.1783 76.9220 39.2046 39.2046 39.2046 39.2046 13.1529 13.1529 13.1529 13.1529 0.0000 0.0000 0.0000 0.0000 32.4500 32.4500 32.4500 32.4500 31.0644 31.0644 31.0644 31.0644 49.2443 49.2443 49.2443 49.2443 51.2250 51.2250 51.2250 51.2250 55.3624 55.3624 55.3624 55.3624 70.5195 70.5195 70.5195 70.5195 56.0357 56.0357 56.0357 56.0357 69.0000 69.0000 69.0000 69.0000 62.9365 62.9365 62.9365 62.9365 75.1332 75.1332 75.1332 75.1332 51.9230 51.9230 51.9230 51.9230 58.2495 58.2495 58.2495 58.2495 44.2832 44.2832 44.2832 44.2832 47.3814 47.3814 47.3814 47.3814 38.4187 38.4187 38.4187 38.4187 28.1780 28.1780 28.1780 28.1780 21.6333 21.6333 21.6333 21.6333 9.0000 9.0000 9.0000 9.0000 39.2046
F28_3 39.2046 51.3128 34.2053 64.1249 39.8497 62.3699 62.4260 57.9741 57.2189 55.6058 40.7185 45.2548 34.4819 75.0000 21.3776 37.2022 51.2445 18.1108 57.2451 55.7584 19.2354 54.7083 34.6699 53.3667 70.1783 76.9220 39.2046 39.2046 39.2046 39.2046 13.1529 13.1529 13.1529 13.1529 0.0000 0.0000 0.0000 0.0000 32.4500 32.4500 32.4500 32.4500 31.0644 31.0644 31.0644 31.0644 49.2443 49.2443 49.2443 49.2443 51.2250 51.2250 51.2250 51.2250 55.3624 55.3624 55.3624 55.3624 70.5195 70.5195 70.5195 70.5195 56.0357 56.0357 56.0357 56.0357 69.0000 69.0000 69.0000 69.0000 62.9365 62.9365 62.9365 62.9365 75.1332 75.1332 75.1332 75.1332 51.9230 51.9230 51.9230 51.9230 58.2495 58.2495 58.2495 58.2495 44.2832 44.2832 44.2832 44.2832 47.3814 47.3814 47.3814 47.3814 38.4187 38.4187 38.4187 38.4187 28.1780 28.1780 28.1780 28.1780 21.6333 21.6333 21.6333 21.6333 9.0000 9.0000 9.0000 9.0000 39.2046
F29 25.0599 18.8680 45.3982 39.5601 25.0000 34.3657 59.0931 43.9318 37.8021 54.7083 10.0499 50.2494 10.0000 45.0999 15.2315 40.1123 39.6611 21.9317 45.8039 23.3238 13.4536 43.0116 37.0540 39.0512 37.7359 66.8431 25.0599 25.0599 25.0599 25.0599 24.4131 24.4131 24.4131 24.4131 32.4500 32.4500 32.4500 32.4500 0.0000 0.0000 0.0000 0.0000 12.8062 12.8062 12.8062 12.8062 18.1108 18.1108 18.1108 18.1108 19.1050 19.1050 19.1050 19.1050 25.0200 25.0200 25.0200 25.0200 40.1995 40.1995 40.1995 40.1995 33.1210 33.1210 33.1210 33.1210 45.6946 45.6946 45.6946 45.6946 49.5782 49.5782 49.5782 49.5782 56.3028 56.3028 56.3028 56.3028 39.4081 39.4081 39.4081 39.4081 55.1543 55.1543 55.1543 55.1543 39.2173 39.2173 39.2173 39.2173 52.3450 52.3450 52.3450 52.3450 48.0937 48.0937 48.0937 48.0937 45.2217 45.2217 45.2217 45.2217 39.0000 39.0000 39.0000 39.0000 38.1838 38.1838 38.1838 38.1838 25.0599
