# set
set V := C1 C2 C3 C4 C5 C6 C7 C8 C9 C10 C11 C12 C13 C14 C15 C16 C17 C18 C19 C20 C21 C22 C23 C24 C25 ;
set F := F26 F27 F28 F29 F30 F31 F32 F33 F34 F35 F36 F37 F38 F39 F40 F41 F42 F43 F44 F45 F46 F26_1 F26_2 F26_3 F27_1 F27_2 F27_3 F28_1 F28_2 F28_3 F29_1 F29_2 F29_3 F30_1 F30_2 F30_3 F31_1 F31_2 F31_3 F32_1 F32_2 F32_3 F33_1 F33_2 F33_3 F34_1 F34_2 F34_3 F35_1 F35_2 F35_3 F36_1 F36_2 F36_3 F37_1 F37_2 F37_3 F38_1 F38_2 F38_3 F39_1 F39_2 F39_3 F40_1 F40_2 F40_3 F41_1 F41_2 F41_3 F42_1 F42_2 F42_3 F43_1 F43_2 F43_3 F44_1 F44_2 F44_3 F45_1 F45_2 F45_3 F46_1 F46_2 F46_3 ;
set D0 := N0;
set Dσ := Nσ;

# param
param Cf := 200;		# ECV fixed cost
param C := 1000;		# ECV max load
param Q := 181.83;		# ECV/BSV battery level
param r := 1;		# ECV consumption

param Cr := 100;		# recharging cost
param Ct := 10;		# travel cost
param Cs ;		# battery swap cost
param n := 25;		# number of customers
param g := 0.48;	# recharging rate

param m :=
N0 0
C1 3
C2 19
C3 10
C4 10
C5 26
C6 7
C7 9
C8 9
C9 17
C10 9
C11 35
C12 6
C13 19
C14 26
C15 27
C16 25
C17 20
C18 12
C19 23
C20 8
C21 20
C22 17
C23 20
C24 10
C25 8
F26 0
F26_1 0
F26_2 0
F26_3 0
F27 0
F27_1 0
F27_2 0
F27_3 0
F28 0
F28_1 0
F28_2 0
F28_3 0
F29 0
F29_1 0
F29_2 0
F29_3 0
F30 0
F30_1 0
F30_2 0
F30_3 0
F31 0
F31_1 0
F31_2 0
F31_3 0
F32 0
F32_1 0
F32_2 0
F32_3 0
F33 0
F33_1 0
F33_2 0
F33_3 0
F34 0
F34_1 0
F34_2 0
F34_3 0
F35 0
F35_1 0
F35_2 0
F35_3 0
F36 0
F36_1 0
F36_2 0
F36_3 0
F37 0
F37_1 0
F37_2 0
F37_3 0
F38 0
F38_1 0
F38_2 0
F38_3 0
F39 0
F39_1 0
F39_2 0
F39_3 0
F40 0
F40_1 0
F40_2 0
F40_3 0
F41 0
F41_1 0
F41_2 0
F41_3 0
F42 0
F42_1 0
F42_2 0
F42_3 0
F43 0
F43_1 0
F43_2 0
F43_3 0
F44 0
F44_1 0
F44_2 0
F44_3 0
F45 0
F45_1 0
F45_2 0
F45_3 0
F46 0
F46_1 0
F46_2 0
F46_3 0
Nσ 0
;

param e :=
N0 0
C1 651
C2 170
C3 296
C4 122
C5 20
C6 74
C7 243
C8 185
C9 215
C10 288
C11 350
C12 400
C13 222
C14 380
C15 91
C16 440
C17 32
C18 33
C19 602
C20 439
C21 49
C22 548
C23 22
C24 636
C25 479
F26 0
F26_1 0
F26_2 0
F26_3 0
F27 0
F27_1 0
F27_2 0
F27_3 0
F28 0
F28_1 0
F28_2 0
F28_3 0
F29 0
F29_1 0
F29_2 0
F29_3 0
F30 0
F30_1 0
F30_2 0
F30_3 0
F31 0
F31_1 0
F31_2 0
F31_3 0
F32 0
F32_1 0
F32_2 0
F32_3 0
F33 0
F33_1 0
F33_2 0
F33_3 0
F34 0
F34_1 0
F34_2 0
F34_3 0
F35 0
F35_1 0
F35_2 0
F35_3 0
F36 0
F36_1 0
F36_2 0
F36_3 0
F37 0
F37_1 0
F37_2 0
F37_3 0
F38 0
F38_1 0
F38_2 0
F38_3 0
F39 0
F39_1 0
F39_2 0
F39_3 0
F40 0
F40_1 0
F40_2 0
F40_3 0
F41 0
F41_1 0
F41_2 0
F41_3 0
F42 0
F42_1 0
F42_2 0
F42_3 0
F43 0
F43_1 0
F43_2 0
F43_3 0
F44 0
F44_1 0
F44_2 0
F44_3 0
F45 0
F45_1 0
F45_2 0
F45_3 0
F46 0
F46_1 0
F46_2 0
F46_3 0
Nσ 0
;

param l :=
N0 1000
C1 932
C2 403
C3 505
C4 367
C5 370
C6 351
C7 554
C8 580
C9 432
C10 597
C11 503
C12 956
C13 423
C14 487
C15 336
C16 845
C17 454
C18 510
C19 835
C20 948
C21 608
C22 707
C23 301
C24 919
C25 965
F26 1000
F26_1 1000
F26_2 1000
F26_3 1000
F27 1000
F27_1 1000
F27_2 1000
F27_3 1000
F28 1000
F28_1 1000
F28_2 1000
F28_3 1000
F29 1000
F29_1 1000
F29_2 1000
F29_3 1000
F30 1000
F30_1 1000
F30_2 1000
F30_3 1000
F31 1000
F31_1 1000
F31_2 1000
F31_3 1000
F32 1000
F32_1 1000
F32_2 1000
F32_3 1000
F33 1000
F33_1 1000
F33_2 1000
F33_3 1000
F34 1000
F34_1 1000
F34_2 1000
F34_3 1000
F35 1000
F35_1 1000
F35_2 1000
F35_3 1000
F36 1000
F36_1 1000
F36_2 1000
F36_3 1000
F37 1000
F37_1 1000
F37_2 1000
F37_3 1000
F38 1000
F38_1 1000
F38_2 1000
F38_3 1000
F39 1000
F39_1 1000
F39_2 1000
F39_3 1000
F40 1000
F40_1 1000
F40_2 1000
F40_3 1000
F41 1000
F41_1 1000
F41_2 1000
F41_3 1000
F42 1000
F42_1 1000
F42_2 1000
F42_3 1000
F43 1000
F43_1 1000
F43_2 1000
F43_3 1000
F44 1000
F44_1 1000
F44_2 1000
F44_3 1000
F45 1000
F45_1 1000
F45_2 1000
F45_3 1000
F46 1000
F46_1 1000
F46_2 1000
F46_3 1000
Nσ 1000
;

param s :=
N0 0
C1 10
C2 10
C3 10
C4 10
C5 10
C6 10
C7 10
C8 10
C9 10
C10 10
C11 10
C12 10
C13 10
C14 10
C15 10
C16 10
C17 10
C18 10
C19 10
C20 10
C21 10
C22 10
C23 10
C24 10
C25 10
F26 0
F26_1 0
F26_2 0
F26_3 0
F27 0
F27_1 0
F27_2 0
F27_3 0
F28 0
F28_1 0
F28_2 0
F28_3 0
F29 0
F29_1 0
F29_2 0
F29_3 0
F30 0
F30_1 0
F30_2 0
F30_3 0
F31 0
F31_1 0
F31_2 0
F31_3 0
F32 0
F32_1 0
F32_2 0
F32_3 0
F33 0
F33_1 0
F33_2 0
F33_3 0
F34 0
F34_1 0
F34_2 0
F34_3 0
F35 0
F35_1 0
F35_2 0
F35_3 0
F36 0
F36_1 0
F36_2 0
F36_3 0
F37 0
F37_1 0
F37_2 0
F37_3 0
F38 0
F38_1 0
F38_2 0
F38_3 0
F39 0
F39_1 0
F39_2 0
F39_3 0
F40 0
F40_1 0
F40_2 0
F40_3 0
F41 0
F41_1 0
F41_2 0
F41_3 0
F42 0
F42_1 0
F42_2 0
F42_3 0
F43 0
F43_1 0
F43_2 0
F43_3 0
F44 0
F44_1 0
F44_2 0
F44_3 0
F45 0
F45_1 0
F45_2 0
F45_3 0
F46 0
F46_1 0
F46_2 0
F46_3 0
Nσ 0
;

param d : N0 C1 C2 C3 C4 C5 C6 C7 C8 C9 C10 C11 C12 C13 C14 C15 C16 C17 C18 C19 C20 C21 C22 C23 C24 C25 F26 F26_1 F26_2 F26_3 F27 F27_1 F27_2 F27_3 F28 F28_1 F28_2 F28_3 F29 F29_1 F29_2 F29_3 F30 F30_1 F30_2 F30_3 F31 F31_1 F31_2 F31_3 F32 F32_1 F32_2 F32_3 F33 F33_1 F33_2 F33_3 F34 F34_1 F34_2 F34_3 F35 F35_1 F35_2 F35_3 F36 F36_1 F36_2 F36_3 F37 F37_1 F37_2 F37_3 F38 F38_1 F38_2 F38_3 F39 F39_1 F39_2 F39_3 F40 F40_1 F40_2 F40_3 F41 F41_1 F41_2 F41_3 F42 F42_1 F42_2 F42_3 F43 F43_1 F43_2 F43_3 F44 F44_1 F44_2 F44_3 F45 F45_1 F45_2 F45_3 F46 F46_1 F46_2 F46_3 Nσ  :=
N0 0.0000 18.0278 15.0000 26.9258 21.2603 20.6155 18.0000 11.1803 17.4929 32.0156 26.2488 35.3553 33.5410 29.1548 18.3848 17.4642 40.4969 32.0156 33.5410 34.0000 41.0366 49.9300 11.1803 14.8661 15.2315 24.5967 0.0000 0.0000 0.0000 0.0000 26.0768 26.0768 26.0768 26.0768 39.2046 39.2046 39.2046 39.2046 25.0599 25.0599 25.0599 25.0599 37.2022 37.2022 37.2022 37.2022 24.7386 24.7386 24.7386 24.7386 36.0139 36.0139 36.0139 36.0139 26.4197 26.4197 26.4197 26.4197 38.2099 38.2099 38.2099 38.2099 18.0278 18.0278 18.0278 18.0278 30.2655 30.2655 30.2655 30.2655 25.8070 25.8070 25.8070 25.8070 36.1386 36.1386 36.1386 36.1386 14.8661 14.8661 14.8661 14.8661 30.3645 30.3645 30.3645 30.3645 15.0333 15.0333 15.0333 15.0333 30.5941 30.5941 30.5941 30.5941 30.0167 30.0167 30.0167 30.0167 33.4215 33.4215 33.4215 33.4215 30.4138 30.4138 30.4138 30.4138 39.3192 39.3192 39.3192 39.3192 0.0000
C1 18.0278 0.0000 33.0151 40.0000 13.1529 4.4721 24.7588 24.6982 8.5440 26.0768 11.4018 20.6155 50.0000 15.6525 19.4165 22.8035 50.4480 24.0832 31.1448 39.3573 55.4707 62.2415 28.2843 12.8062 28.3019 35.8050 18.0278 18.0278 18.0278 18.0278 44.1022 44.1022 44.1022 44.1022 57.2189 57.2189 57.2189 57.2189 37.8021 37.8021 37.8021 37.8021 50.6063 50.6063 50.6063 50.6063 27.7308 27.7308 27.7308 27.7308 40.7185 40.7185 40.7185 40.7185 24.5153 24.5153 24.5153 24.5153 28.7924 28.7924 28.7924 28.7924 7.0711 7.0711 7.0711 7.0711 13.0000 13.0000 13.0000 13.0000 14.3178 14.3178 14.3178 14.3178 18.7883 18.7883 18.7883 18.7883 11.4018 11.4018 11.4018 11.4018 29.4109 29.4109 29.4109 29.4109 22.0227 22.0227 22.0227 22.0227 37.6431 37.6431 37.6431 37.6431 41.4005 41.4005 41.4005 41.4005 48.3322 48.3322 48.3322 48.3322 46.8402 46.8402 46.8402 46.8402 57.1402 57.1402 57.1402 57.1402 18.0278
C2 15.0000 33.0151 0.0000 23.0217 34.0147 35.3553 23.4307 14.1421 31.3209 43.0116 40.7922 49.0408 21.2132 42.7200 27.8029 25.4951 38.0132 43.0116 42.4264 37.1618 32.6956 43.6807 7.0711 27.3130 16.6433 22.3607 15.0000 15.0000 15.0000 15.0000 11.1803 11.1803 11.1803 11.1803 24.3311 24.3311 24.3311 24.3311 22.2036 22.2036 22.2036 22.2036 30.8058 30.8058 30.8058 30.8058 31.8904 31.8904 31.8904 31.8904 39.3954 39.3954 39.3954 39.3954 36.2353 36.2353 36.2353 36.2353 50.2494 50.2494 50.2494 50.2494 32.5576 32.5576 32.5576 32.5576 45.1774 45.1774 45.1774 45.1774 39.0000 39.0000 39.0000 39.0000 50.8035 50.8035 50.8035 50.8035 27.8568 27.8568 27.8568 27.8568 37.6431 37.6431 37.6431 37.6431 21.9317 21.9317 21.9317 21.9317 31.3209 31.3209 31.3209 31.3209 26.0000 26.0000 26.0000 26.0000 23.7065 23.7065 23.7065 23.7065 18.4391 18.4391 18.4391 18.4391 24.5153 24.5153 24.5153 24.5153 15.0000
C3 26.9258 40.0000 23.0217 0.0000 47.6340 44.0454 43.3244 34.2053 43.1856 34.0588 41.7852 60.2080 41.2311 54.4518 45.1774 18.9737 15.0000 58.8218 29.8329 17.8045 15.6525 23.0217 28.2843 41.6173 12.0416 45.0999 26.9258 26.9258 26.9258 26.9258 24.1868 24.1868 24.1868 24.1868 31.4006 31.4006 31.4006 31.4006 2.2361 2.2361 2.2361 2.2361 10.6301 10.6301 10.6301 10.6301 20.0250 20.0250 20.0250 20.0250 19.8494 19.8494 19.8494 19.8494 27.0000 27.0000 27.0000 27.0000 42.1070 42.1070 42.1070 42.1070 35.3553 35.3553 35.3553 35.3553 47.9270 47.9270 47.9270 47.9270 51.6624 51.6624 51.6624 51.6624 58.5235 58.5235 58.5235 58.5235 41.4005 41.4005 41.4005 41.4005 56.8595 56.8595 56.8595 56.8595 40.8534 40.8534 40.8534 40.8534 53.6004 53.6004 53.6004 53.6004 49.0102 49.0102 49.0102 49.0102 45.6070 45.6070 45.6070 45.6070 39.2173 39.2173 39.2173 39.2173 37.5366 37.5366 37.5366 37.5366 26.9258
C4 21.2603 13.1529 34.0147 47.6340 0.0000 9.8489 16.4924 21.3776 5.0990 39.2046 23.7697 15.2971 46.0109 9.0554 9.4868 33.2415 60.0333 11.7047 44.0114 50.5964 62.2254 70.6045 27.5136 6.7082 35.6090 28.1603 21.2603 21.2603 21.2603 21.2603 44.9444 44.9444 44.9444 44.9444 57.8705 57.8705 57.8705 57.8705 45.6070 45.6070 45.6070 45.6070 58.1378 58.1378 58.1378 58.1378 39.2938 39.2938 39.2938 39.2938 52.2015 52.2015 52.2015 52.2015 37.1214 37.1214 37.1214 37.1214 41.7612 41.7612 41.7612 41.7612 20.0250 20.0250 20.0250 20.0250 22.8035 22.8035 22.8035 22.8035 5.0990 5.0990 5.0990 5.0990 19.6469 19.6469 19.6469 19.6469 6.4031 6.4031 6.4031 6.4031 16.5529 16.5529 16.5529 16.5529 15.0333 15.0333 15.0333 15.0333 27.2029 27.2029 27.2029 27.2029 33.2415 33.2415 33.2415 33.2415 42.5793 42.5793 42.5793 42.5793 43.0000 43.0000 43.0000 43.0000 55.7315 55.7315 55.7315 55.7315 21.2603
C5 20.6155 4.4721 35.3553 44.0454 9.8489 0.0000 23.8537 25.4951 6.4031 30.0000 13.9284 16.2788 50.9902 11.1803 17.6918 27.2029 54.8179 20.0000 35.3553 43.8292 59.4054 66.4680 30.0000 11.6619 32.2025 35.3553 20.6155 20.6155 20.6155 20.6155 46.5296 46.5296 46.5296 46.5296 59.6825 59.6825 59.6825 59.6825 41.8688 41.8688 41.8688 41.8688 54.6717 54.6717 54.6717 54.6717 32.2025 32.2025 32.2025 32.2025 45.1885 45.1885 45.1885 45.1885 28.8617 28.8617 28.8617 28.8617 32.0156 32.0156 32.0156 32.0156 11.4018 11.4018 11.4018 11.4018 13.4536 13.4536 13.4536 13.4536 10.0499 10.0499 10.0499 10.0499 15.5242 15.5242 15.5242 15.5242 10.2956 10.2956 10.2956 10.2956 26.4008 26.4008 26.4008 26.4008 21.4709 21.4709 21.4709 21.4709 36.0694 36.0694 36.0694 36.0694 40.8167 40.8167 40.8167 40.8167 48.7032 48.7032 48.7032 48.7032 47.8539 47.8539 47.8539 47.8539 59.0000 59.0000 59.0000 59.0000 20.6155
C6 18.0000 24.7588 23.4307 43.3244 16.4924 23.8537 0.0000 9.4340 17.4929 47.4236 36.0694 31.0161 30.1496 25.1794 7.0711 35.2278 57.7235 21.1896 50.2892 52.0000 55.5698 65.7951 16.4012 12.2066 32.5576 11.7047 18.0000 18.0000 18.0000 18.0000 32.8024 32.8024 32.8024 32.8024 44.7772 44.7772 44.7772 44.7772 41.7612 41.7612 41.7612 41.7612 52.8015 52.8015 52.8015 52.8015 42.4264 42.4264 42.4264 42.4264 54.0093 54.0093 54.0093 54.0093 43.0116 43.0116 43.0116 43.0116 52.1536 52.1536 52.1536 52.1536 29.4109 29.4109 29.4109 29.4109 37.2022 37.2022 37.2022 37.2022 21.2132 21.2132 21.2132 21.2132 36.1386 36.1386 36.1386 36.1386 13.6015 13.6015 13.6015 13.6015 14.2127 14.2127 14.2127 14.2127 3.1623 3.1623 3.1623 3.1623 13.4164 13.4164 13.4164 13.4164 17.0000 17.0000 17.0000 17.0000 26.1725 26.1725 26.1725 26.1725 27.2947 27.2947 27.2947 27.2947 41.1096 41.1096 41.1096 41.1096 18.0000
C7 11.1803 24.6982 14.1421 34.2053 21.3776 25.4951 9.4340 0.0000 20.0250 43.0116 34.9857 36.6742 25.4951 30.4138 13.8924 28.4605 48.8365 29.1548 44.7214 44.2832 46.1411 56.4624 7.0711 15.0333 24.0208 13.4164 11.1803 11.1803 11.1803 11.1803 24.1868 24.1868 24.1868 24.1868 36.7696 36.7696 36.7696 36.7696 32.7567 32.7567 32.7567 32.7567 43.4626 43.4626 43.4626 43.4626 35.7351 35.7351 35.7351 35.7351 46.3897 46.3897 46.3897 46.3897 37.5899 37.5899 37.5899 37.5899 48.8365 48.8365 48.8365 48.8365 27.2029 27.2029 27.2029 27.2029 37.6962 37.6962 37.6962 37.6962 26.4764 26.4764 26.4764 26.4764 40.0125 40.0125 40.0125 40.0125 16.0000 16.0000 16.0000 16.0000 23.6008 23.6008 23.6008 23.6008 7.8102 7.8102 7.8102 7.8102 20.0250 20.0250 20.0250 20.0250 18.8680 18.8680 18.8680 18.8680 23.7065 23.7065 23.7065 23.7065 22.3607 22.3607 22.3607 22.3607 34.3657 34.3657 34.3657 34.3657 11.1803
C8 17.4929 8.5440 31.3209 43.1856 5.0990 6.4031 17.4929 20.0250 0.0000 34.3657 19.7231 17.8885 45.3982 11.6619 11.3137 28.2312 55.2268 16.7631 39.0000 45.5412 58.0517 66.0681 25.3180 5.3852 31.1448 29.0689 17.4929 17.4929 17.4929 17.4929 42.4500 42.4500 42.4500 42.4500 55.5428 55.5428 55.5428 55.5428 41.1096 41.1096 41.1096 41.1096 53.7587 53.7587 53.7587 53.7587 34.2053 34.2053 34.2053 34.2053 47.1275 47.1275 47.1275 47.1275 32.0624 32.0624 32.0624 32.0624 37.3363 37.3363 37.3363 37.3363 15.1327 15.1327 15.1327 15.1327 19.8494 19.8494 19.8494 19.8494 8.4853 8.4853 8.4853 8.4853 20.0000 20.0000 20.0000 20.0000 4.1231 4.1231 4.1231 4.1231 20.8806 20.8806 20.8806 20.8806 15.2315 15.2315 15.2315 15.2315 29.6985 29.6985 29.6985 29.6985 34.4819 34.4819 34.4819 34.4819 42.7200 42.7200 42.7200 42.7200 42.2966 42.2966 42.2966 42.2966 54.1479 54.1479 54.1479 54.1479 17.4929
C9 32.0156 26.0768 43.0116 34.0588 39.2046 30.0000 47.4236 43.0116 34.3657 0.0000 17.7200 43.4166 64.0312 40.3113 43.9659 17.8885 36.4005 50.0000 7.0711 21.9317 48.2597 49.9800 42.4264 37.3631 28.2312 56.3028 32.0156 32.0156 32.0156 32.0156 51.4296 51.4296 51.4296 51.4296 62.6259 62.6259 62.6259 62.6259 32.1403 32.1403 32.1403 32.1403 42.2966 42.2966 42.2966 42.2966 14.0357 14.0357 14.0357 14.0357 21.9545 21.9545 21.9545 21.9545 7.2801 7.2801 7.2801 7.2801 8.0623 8.0623 8.0623 8.0623 19.2354 19.2354 19.2354 19.2354 23.2594 23.2594 23.2594 23.2594 40.0125 40.0125 40.0125 40.0125 37.1618 37.1618 37.1618 37.1618 36.1386 36.1386 36.1386 36.1386 55.1090 55.1090 55.1090 55.1090 44.2832 44.2832 44.2832 44.2832 60.8358 60.8358 60.8358 60.8358 61.8547 61.8547 61.8547 61.8547 65.0538 65.0538 65.0538 65.0538 61.0737 61.0737 61.0737 61.0737 66.1891 66.1891 66.1891 66.1891 32.0156
C10 26.2488 11.4018 40.7922 41.7852 23.7697 13.9284 36.0694 34.9857 19.7231 17.7200 0.0000 25.7099 59.6154 23.0000 30.8058 22.8473 49.2037 33.3766 24.1661 36.0694 57.3847 62.1289 37.3363 24.2074 31.5753 46.8615 26.2488 26.2488 26.2488 26.2488 51.3517 51.3517 51.3517 51.3517 64.1249 64.1249 64.1249 64.1249 39.5601 39.5601 39.5601 39.5601 51.8941 51.8941 51.8941 51.8941 24.8395 24.8395 24.8395 24.8395 36.8782 36.8782 36.8782 36.8782 19.2094 19.2094 19.2094 19.2094 18.2483 18.2483 18.2483 18.2483 8.2462 8.2462 8.2462 8.2462 6.4031 6.4031 6.4031 6.4031 23.3452 23.3452 23.3452 23.3452 19.7231 19.7231 19.7231 19.7231 22.8035 22.8035 22.8035 22.8035 40.3113 40.3113 40.3113 40.3113 33.2415 33.2415 33.2415 33.2415 49.0408 49.0408 49.0408 49.0408 52.4976 52.4976 52.4976 52.4976 58.6686 58.6686 58.6686 58.6686 56.4624 56.4624 56.4624 56.4624 65.3070 65.3070 65.3070 65.3070 26.2488
C11 35.3553 20.6155 49.0408 60.2080 15.2971 16.2788 31.0161 36.6742 17.8885 43.4166 25.7099 0.0000 61.0328 6.3246 24.0000 43.4166 71.0634 13.6015 49.6488 59.6825 75.4321 82.7345 42.7200 21.8403 48.2701 42.2966 35.3553 35.3553 35.3553 35.3553 60.0833 60.0833 60.0833 60.0833 73.0821 73.0821 73.0821 73.0821 58.0517 58.0517 58.0517 58.0517 70.8378 70.8378 70.8378 70.8378 48.0208 48.0208 48.0208 48.0208 60.9016 60.9016 60.9016 60.9016 43.8634 43.8634 43.8634 43.8634 43.1045 43.1045 43.1045 43.1045 26.9258 26.9258 26.9258 26.9258 21.0238 21.0238 21.0238 21.0238 10.1980 10.1980 10.1980 10.1980 8.9443 8.9443 8.9443 8.9443 21.1896 21.1896 21.1896 21.1896 25.0599 25.0599 25.0599 25.0599 30.0666 30.0666 30.0666 30.0666 39.2173 39.2173 39.2173 39.2173 46.8722 46.8722 46.8722 46.8722 57.1402 57.1402 57.1402 57.1402 58.0775 58.0775 58.0775 58.0775 71.0211 71.0211 71.0211 71.0211 35.3553
C12 33.5410 50.0000 21.2132 41.2311 46.0109 50.9902 30.1496 25.4951 45.3982 64.0312 59.6154 61.0328 0.0000 55.0000 37.0540 46.6905 55.3624 50.9902 63.6396 57.4543 45.0444 57.0789 22.3607 40.1995 37.6431 20.2485 33.5410 33.5410 33.5410 33.5410 17.4642 17.4642 17.4642 17.4642 21.0238 21.0238 21.0238 21.0238 41.1461 41.1461 41.1461 41.1461 45.7056 45.7056 45.7056 45.7056 53.0754 53.0754 53.0754 53.0754 59.6825 59.6825 59.6825 59.6825 57.3847 57.3847 57.3847 57.3847 71.0282 71.0282 71.0282 71.0282 51.4782 51.4782 51.4782 51.4782 62.9365 62.9365 62.9365 62.9365 51.0000 51.0000 51.0000 51.0000 65.2763 65.2763 65.2763 65.2763 41.3038 41.3038 41.3038 41.3038 41.4367 41.4367 41.4367 41.4367 31.0000 31.0000 31.0000 31.0000 28.3019 28.3019 28.3019 28.3019 18.6011 18.6011 18.6011 18.6011 7.2111 7.2111 7.2111 7.2111 3.1623 3.1623 3.1623 3.1623 13.4536 13.4536 13.4536 13.4536 33.5410
C13 29.1548 15.6525 42.7200 54.4518 9.0554 11.1803 25.1794 30.4138 11.6619 40.3113 23.0000 6.3246 55.0000 0.0000 18.1108 38.2753 65.8027 11.1803 46.0977 55.0091 69.5270 77.1557 36.4005 15.5242 42.4500 36.6742 29.1548 29.1548 29.1548 29.1548 53.7587 53.7587 53.7587 53.7587 66.7608 66.7608 66.7608 66.7608 52.3259 52.3259 52.3259 52.3259 65.0692 65.0692 65.0692 65.0692 43.3820 43.3820 43.3820 43.3820 56.3649 56.3649 56.3649 56.3649 39.8497 39.8497 39.8497 39.8497 41.1096 41.1096 41.1096 41.1096 22.4722 22.4722 22.4722 22.4722 19.6469 19.6469 19.6469 19.6469 4.0000 4.0000 4.0000 4.0000 11.6619 11.6619 11.6619 11.6619 14.8661 14.8661 14.8661 14.8661 21.2603 21.2603 21.2603 21.2603 24.0000 24.0000 24.0000 24.0000 34.4384 34.4384 34.4384 34.4384 41.4849 41.4849 41.4849 41.4849 51.3517 51.3517 51.3517 51.3517 52.0096 52.0096 52.0096 52.0096 64.7765 64.7765 64.7765 64.7765 29.1548
C14 18.3848 19.4165 27.8029 45.1774 9.4868 17.6918 7.0711 13.8924 11.3137 43.9659 30.8058 24.0000 37.0540 18.1108 0.0000 34.1321 58.8727 15.2643 47.6760 51.4782 58.6003 68.0955 20.8087 6.7082 33.6155 18.6815 18.3848 18.3848 18.3848 18.3848 38.0789 38.0789 38.0789 38.0789 50.5668 50.5668 50.5668 50.5668 43.3820 43.3820 43.3820 43.3820 55.2268 55.2268 55.2268 55.2268 41.0122 41.0122 41.0122 41.0122 53.3385 53.3385 53.3385 53.3385 40.4475 40.4475 40.4475 40.4475 47.8539 47.8539 47.8539 47.8539 25.0799 25.0799 25.0799 25.0799 31.1448 31.1448 31.1448 31.1448 14.1421 14.1421 14.1421 14.1421 29.1204 29.1204 29.1204 29.1204 8.0623 8.0623 8.0623 8.0623 12.1655 12.1655 12.1655 12.1655 6.3246 6.3246 6.3246 6.3246 18.3848 18.3848 18.3848 18.3848 23.7697 23.7697 23.7697 23.7697 33.2415 33.2415 33.2415 33.2415 34.1321 34.1321 34.1321 34.1321 47.5395 47.5395 47.5395 47.5395 18.3848
C15 17.4642 22.8035 25.4951 18.9737 33.2415 27.2029 35.2278 28.4605 28.2312 17.8885 22.8473 43.4166 46.6905 38.2753 34.1321 0.0000 27.6586 44.9444 17.0294 17.4642 34.5398 39.8246 26.0768 28.6356 10.4403 41.7852 17.4642 17.4642 17.4642 17.4642 33.5410 33.5410 33.5410 33.5410 44.9222 44.9222 44.9222 44.9222 16.7631 16.7631 16.7631 16.7631 29.0689 29.0689 29.0689 29.0689 7.2801 7.2801 7.2801 7.2801 19.2354 19.2354 19.2354 19.2354 10.8167 10.8167 10.8167 10.8167 25.6320 25.6320 25.6320 25.6320 17.0294 17.0294 17.0294 17.0294 29.0689 29.0689 29.0689 29.0689 36.2353 36.2353 36.2353 36.2353 40.4599 40.4599 40.4599 40.4599 27.8927 27.8927 27.8927 27.8927 46.2709 46.2709 46.2709 46.2709 32.1403 32.1403 32.1403 32.1403 48.0521 48.0521 48.0521 48.0521 47.0106 47.0106 47.0106 47.0106 48.4149 48.4149 48.4149 48.4149 43.8406 43.8406 43.8406 43.8406 48.3011 48.3011 48.3011 48.3011 17.4642
C16 40.4969 50.4480 38.0132 15.0000 60.0333 54.8179 57.7235 48.8365 55.2268 36.4005 49.2037 71.0634 55.3624 65.8027 58.8727 27.6586 0.0000 71.5891 30.0832 14.5602 16.1245 13.6015 43.1856 54.5619 25.2982 60.0750 40.4969 40.4969 40.4969 40.4969 37.9473 37.9473 37.9473 37.9473 42.2019 42.2019 42.2019 42.2019 16.1245 16.1245 16.1245 16.1245 11.3137 11.3137 11.3137 11.3137 24.4131 24.4131 24.4131 24.4131 15.1327 15.1327 15.1327 15.1327 30.8869 30.8869 30.8869 30.8869 43.6807 43.6807 43.6807 43.6807 44.5533 44.5533 44.5533 44.5533 55.6058 55.6058 55.6058 55.6058 63.5138 63.5138 63.5138 63.5138 67.8970 67.8970 67.8970 67.8970 54.1202 54.1202 54.1202 54.1202 70.8378 70.8378 70.8378 70.8378 55.0818 55.0818 55.0818 55.0818 68.4690 68.4690 68.4690 68.4690 64.0078 64.0078 64.0078 64.0078 60.2080 60.2080 60.2080 60.2080 53.6004 53.6004 53.6004 53.6004 49.7393 49.7393 49.7393 49.7393 40.4969
C17 32.0156 24.0832 43.0116 58.8218 11.7047 20.0000 21.1896 29.1548 16.7631 50.0000 33.3766 13.6015 50.9902 11.1803 15.2643 44.9444 71.5891 0.0000 55.2268 62.2977 73.0000 81.8413 36.0555 17.2047 46.8722 31.1448 32.0156 32.0156 32.0156 32.0156 53.3385 53.3385 53.3385 53.3385 65.7419 65.7419 65.7419 65.7419 56.8595 56.8595 56.8595 56.8595 69.2026 69.2026 69.2026 69.2026 50.9608 50.9608 50.9608 50.9608 63.8905 63.8905 63.8905 63.8905 48.5077 48.5077 48.5077 48.5077 51.6236 51.6236 51.6236 51.6236 31.1448 31.1448 31.1448 31.1448 30.6757 30.6757 30.6757 30.6757 10.0499 10.0499 10.0499 10.0499 21.9317 21.9317 21.9317 21.9317 17.4929 17.4929 17.4929 17.4929 11.7047 11.7047 11.7047 11.7047 21.4709 21.4709 21.4709 21.4709 26.4764 26.4764 26.4764 26.4764 35.0143 35.0143 35.0143 35.0143 46.1736 46.1736 46.1736 46.1736 48.2701 48.2701 48.2701 48.2701 62.2977 62.2977 62.2977 62.2977 32.0156
C18 33.5410 31.1448 42.4264 29.8329 44.0114 35.3553 50.2892 44.7214 39.0000 7.0711 24.1661 49.6488 63.6396 46.0977 47.6760 17.0294 30.0832 55.2268 0.0000 15.5242 43.0000 43.6807 43.0116 41.3038 26.4008 58.1378 33.5410 33.5410 33.5410 33.5410 49.6488 49.6488 49.6488 49.6488 59.9333 59.9333 59.9333 59.9333 28.1603 28.1603 28.1603 28.1603 37.0000 37.0000 37.0000 37.0000 10.8167 10.8167 10.8167 10.8167 15.2315 15.2315 15.2315 15.2315 7.2801 7.2801 7.2801 7.2801 13.6015 13.6015 13.6015 13.6015 24.0832 24.0832 24.0832 24.0832 30.0167 30.0167 30.0167 30.0167 45.3982 45.3982 45.3982 45.3982 43.8292 43.8292 43.8292 43.8292 40.1995 40.1995 40.1995 40.1995 59.3043 59.3043 59.3043 59.3043 47.1275 47.1275 47.1275 47.1275 63.5689 63.5689 63.5689 63.5689 63.5295 63.5295 63.5295 63.5295 65.4370 65.4370 65.4370 65.4370 60.8276 60.8276 60.8276 60.8276 64.3506 64.3506 64.3506 64.3506 33.5410
C19 34.0000 39.3573 37.1618 17.8045 50.5964 43.8292 52.0000 44.2832 45.5412 21.9317 36.0694 59.6825 57.4543 55.0091 51.4782 17.4642 14.5602 62.2977 15.5242 0.0000 28.2843 28.1603 40.2616 46.0977 20.8806 57.0701 34.0000 34.0000 34.0000 34.0000 41.2311 41.2311 41.2311 41.2311 49.2037 49.2037 49.2037 49.2037 16.9706 16.9706 16.9706 16.9706 22.3607 22.3607 22.3607 22.3607 11.6619 11.6619 11.6619 11.6619 2.2361 2.2361 2.2361 2.2361 17.0294 17.0294 17.0294 17.0294 29.1204 29.1204 29.1204 29.1204 32.7567 32.7567 32.7567 32.7567 42.4264 42.4264 42.4264 42.4264 53.3104 53.3104 53.3104 53.3104 55.4437 55.4437 55.4437 55.4437 45.3542 45.3542 45.3542 45.3542 63.6396 63.6396 63.6396 63.6396 49.0102 49.0102 49.0102 49.0102 64.2806 64.2806 64.2806 64.2806 61.8466 61.8466 61.8466 61.8466 60.8358 60.8358 60.8358 60.8358 55.0727 55.0727 55.0727 55.0727 55.1543 55.1543 55.1543 55.1543 34.0000
C20 41.0366 55.4707 32.6956 15.6525 62.2254 59.4054 55.5698 46.1411 58.0517 48.2597 57.3847 75.4321 45.0444 69.5270 58.6003 34.5398 16.1245 73.0000 43.0000 28.2843 0.0000 12.0416 39.3573 55.9017 27.2029 54.7083 41.0366 41.0366 41.0366 41.0366 28.0713 28.0713 28.0713 28.0713 28.2312 28.2312 28.2312 28.2312 17.8885 17.8885 17.8885 17.8885 6.0000 6.0000 6.0000 6.0000 34.5254 34.5254 34.5254 34.5254 29.6142 29.6142 29.6142 29.6142 41.5933 41.5933 41.5933 41.5933 56.1427 56.1427 56.1427 56.1427 51.0000 51.0000 51.0000 51.0000 63.5610 63.5610 63.5610 63.5610 66.5282 66.5282 66.5282 66.5282 74.0945 74.0945 74.0945 74.0945 55.8659 55.8659 55.8659 55.8659 69.6419 69.6419 69.6419 69.6419 53.5350 53.5350 53.5350 53.5350 63.9062 63.9062 63.9062 63.9062 57.4891 57.4891 57.4891 57.4891 51.0392 51.0392 51.0392 51.0392 44.0114 44.0114 44.0114 44.0114 36.6879 36.6879 36.6879 36.6879 41.0366
C21 49.9300 62.2415 43.6807 23.0217 70.6045 66.4680 65.7951 56.4624 66.0681 49.9800 62.1289 82.7345 57.0789 77.1557 68.0955 39.8246 13.6015 81.8413 43.6807 28.1603 12.0416 0.0000 49.9800 64.6375 35.0000 65.9697 49.9300 49.9300 49.9300 49.9300 40.0125 40.0125 40.0125 40.0125 39.8497 39.8497 39.8497 39.8497 25.0000 25.0000 25.0000 25.0000 13.0000 13.0000 13.0000 13.0000 37.5899 37.5899 37.5899 37.5899 28.6356 28.6356 28.6356 28.6356 44.2832 44.2832 44.2832 44.2832 57.2800 57.2800 57.2800 57.2800 56.8507 56.8507 56.8507 56.8507 68.5055 68.5055 68.5055 68.5055 74.5185 74.5185 74.5185 74.5185 80.2808 80.2808 80.2808 80.2808 64.4050 64.4050 64.4050 64.4050 79.6053 79.6053 79.6053 79.6053 63.5059 63.5059 63.5059 63.5059 75.0000 75.0000 75.0000 75.0000 69.0507 69.0507 69.0507 69.0507 63.0079 63.0079 63.0079 63.0079 56.0000 56.0000 56.0000 56.0000 48.5077 48.5077 48.5077 48.5077 49.9300
C22 11.1803 28.2843 7.0711 28.2843 27.5136 30.0000 16.4012 7.0711 25.3180 42.4264 37.3363 42.7200 22.3607 36.4005 20.8087 26.0768 43.1856 36.0555 43.0116 40.2616 39.3573 49.9800 0.0000 20.8806 19.4165 17.0294 11.1803 11.1803 11.1803 11.1803 17.4642 17.4642 17.4642 17.4642 30.3645 30.3645 30.3645 30.3645 27.0740 27.0740 27.0740 27.0740 37.0000 37.0000 37.0000 37.0000 33.1210 33.1210 33.1210 33.1210 42.4500 42.4500 42.4500 42.4500 36.2353 36.2353 36.2353 36.2353 49.0408 49.0408 49.0408 49.0408 29.1548 29.1548 29.1548 29.1548 41.0000 41.0000 41.0000 41.0000 32.5730 32.5730 32.5730 32.5730 45.1774 45.1774 45.1774 45.1774 21.5870 21.5870 21.5870 21.5870 30.6105 30.6105 30.6105 30.6105 14.8661 14.8661 14.8661 14.8661 25.3180 25.3180 25.3180 25.3180 21.5870 21.5870 21.5870 21.5870 22.6274 22.6274 22.6274 22.6274 19.2354 19.2354 19.2354 19.2354 29.0000 29.0000 29.0000 29.0000 11.1803
C23 14.8661 12.8062 27.3130 41.6173 6.7082 11.6619 12.2066 15.0333 5.3852 37.3631 24.2074 21.8403 40.1995 15.5242 6.7082 28.6356 54.5619 17.2047 41.3038 46.0977 55.9017 64.6375 20.8806 0.0000 29.6816 23.7065 14.8661 14.8661 14.8661 14.8661 38.2753 38.2753 38.2753 38.2753 51.2445 51.2445 51.2445 51.2445 39.6611 39.6611 39.6611 39.6611 52.0096 52.0096 52.0096 52.0096 35.2278 35.2278 35.2278 35.2278 47.8539 47.8539 47.8539 47.8539 34.1321 34.1321 34.1321 34.1321 41.1461 41.1461 41.1461 41.1461 18.3848 18.3848 18.3848 18.3848 25.0000 25.0000 25.0000 25.0000 11.7047 11.7047 11.7047 11.7047 25.0799 25.0799 25.0799 25.0799 1.4142 1.4142 1.4142 1.4142 18.0278 18.0278 18.0278 18.0278 9.8489 9.8489 9.8489 9.8489 24.8395 24.8395 24.8395 24.8395 29.1548 29.1548 29.1548 29.1548 37.3631 37.3631 37.3631 37.3631 37.1214 37.1214 37.1214 37.1214 49.3660 49.3660 49.3660 49.3660 14.8661
C24 15.2315 28.3019 16.6433 12.0416 35.6090 32.2025 32.5576 24.0208 31.1448 28.2312 31.5753 48.2701 37.6431 42.4500 33.6155 10.4403 25.2982 46.8722 26.4008 20.8806 27.2029 35.0000 19.4165 29.6816 0.0000 36.3456 15.2315 15.2315 15.2315 15.2315 23.3238 23.3238 23.3238 23.3238 34.4819 34.4819 34.4819 34.4819 10.0000 10.0000 10.0000 10.0000 22.6274 22.6274 22.6274 22.6274 15.6205 15.6205 15.6205 15.6205 23.0868 23.0868 23.0868 23.0868 21.0238 21.0238 21.0238 21.0238 36.0555 36.0555 36.0555 36.0555 24.3516 24.3516 24.3516 24.3516 37.3631 37.3631 37.3631 37.3631 39.6232 39.6232 39.6232 39.6232 47.0106 47.0106 47.0106 47.0106 29.4109 29.4109 29.4109 29.4109 45.5412 45.5412 45.5412 45.5412 29.8329 29.8329 29.8329 29.8329 44.0000 44.0000 44.0000 44.0000 41.0000 41.0000 41.0000 41.0000 40.3113 40.3113 40.3113 40.3113 35.0000 35.0000 35.0000 35.0000 38.0789 38.0789 38.0789 38.0789 15.2315
C25 24.5967 35.8050 22.3607 45.0999 28.1603 35.3553 11.7047 13.4164 29.0689 56.3028 46.8615 42.2966 20.2485 36.6742 18.6815 41.7852 60.0750 31.1448 58.1378 57.0701 54.7083 65.9697 17.0294 23.7065 36.3456 0.0000 24.5967 24.5967 24.5967 24.5967 28.3019 28.3019 28.3019 28.3019 38.2099 38.2099 38.2099 38.2099 44.0114 44.0114 44.0114 44.0114 53.1507 53.1507 53.1507 53.1507 49.0408 49.0408 49.0408 49.0408 59.2284 59.2284 59.2284 59.2284 51.0000 51.0000 51.0000 51.0000 61.8466 61.8466 61.8466 61.8466 39.5980 39.5980 39.5980 39.5980 48.5489 48.5489 48.5489 48.5489 32.7567 32.7567 32.7567 32.7567 47.8017 47.8017 47.8017 47.8017 25.0599 25.0599 25.0599 25.0599 21.1896 21.1896 21.1896 21.1896 13.8924 13.8924 13.8924 13.8924 9.4340 9.4340 9.4340 9.4340 5.6569 5.6569 5.6569 5.6569 15.0333 15.0333 15.0333 15.0333 17.8885 17.8885 17.8885 17.8885 32.7567 32.7567 32.7567 32.7567 24.5967
F26 0.0000 18.0278 15.0000 26.9258 21.2603 20.6155 18.0000 11.1803 17.4929 32.0156 26.2488 35.3553 33.5410 29.1548 18.3848 17.4642 40.4969 32.0156 33.5410 34.0000 41.0366 49.9300 11.1803 14.8661 15.2315 24.5967 0.0000 0.0000 0.0000 0.0000 26.0768 26.0768 26.0768 26.0768 39.2046 39.2046 39.2046 39.2046 25.0599 25.0599 25.0599 25.0599 37.2022 37.2022 37.2022 37.2022 24.7386 24.7386 24.7386 24.7386 36.0139 36.0139 36.0139 36.0139 26.4197 26.4197 26.4197 26.4197 38.2099 38.2099 38.2099 38.2099 18.0278 18.0278 18.0278 18.0278 30.2655 30.2655 30.2655 30.2655 25.8070 25.8070 25.8070 25.8070 36.1386 36.1386 36.1386 36.1386 14.8661 14.8661 14.8661 14.8661 30.3645 30.3645 30.3645 30.3645 15.0333 15.0333 15.0333 15.0333 30.5941 30.5941 30.5941 30.5941 30.0167 30.0167 30.0167 30.0167 33.4215 33.4215 33.4215 33.4215 30.4138 30.4138 30.4138 30.4138 39.3192 39.3192 39.3192 39.3192 0.0000
F26_1 0.0000 18.0278 15.0000 26.9258 21.2603 20.6155 18.0000 11.1803 17.4929 32.0156 26.2488 35.3553 33.5410 29.1548 18.3848 17.4642 40.4969 32.0156 33.5410 34.0000 41.0366 49.9300 11.1803 14.8661 15.2315 24.5967 0.0000 0.0000 0.0000 0.0000 26.0768 26.0768 26.0768 26.0768 39.2046 39.2046 39.2046 39.2046 25.0599 25.0599 25.0599 25.0599 37.2022 37.2022 37.2022 37.2022 24.7386 24.7386 24.7386 24.7386 36.0139 36.0139 36.0139 36.0139 26.4197 26.4197 26.4197 26.4197 38.2099 38.2099 38.2099 38.2099 18.0278 18.0278 18.0278 18.0278 30.2655 30.2655 30.2655 30.2655 25.8070 25.8070 25.8070 25.8070 36.1386 36.1386 36.1386 36.1386 14.8661 14.8661 14.8661 14.8661 30.3645 30.3645 30.3645 30.3645 15.0333 15.0333 15.0333 15.0333 30.5941 30.5941 30.5941 30.5941 30.0167 30.0167 30.0167 30.0167 33.4215 33.4215 33.4215 33.4215 30.4138 30.4138 30.4138 30.4138 39.3192 39.3192 39.3192 39.3192 0.0000
F26_2 0.0000 18.0278 15.0000 26.9258 21.2603 20.6155 18.0000 11.1803 17.4929 32.0156 26.2488 35.3553 33.5410 29.1548 18.3848 17.4642 40.4969 32.0156 33.5410 34.0000 41.0366 49.9300 11.1803 14.8661 15.2315 24.5967 0.0000 0.0000 0.0000 0.0000 26.0768 26.0768 26.0768 26.0768 39.2046 39.2046 39.2046 39.2046 25.0599 25.0599 25.0599 25.0599 37.2022 37.2022 37.2022 37.2022 24.7386 24.7386 24.7386 24.7386 36.0139 36.0139 36.0139 36.0139 26.4197 26.4197 26.4197 26.4197 38.2099 38.2099 38.2099 38.2099 18.0278 18.0278 18.0278 18.0278 30.2655 30.2655 30.2655 30.2655 25.8070 25.8070 25.8070 25.8070 36.1386 36.1386 36.1386 36.1386 14.8661 14.8661 14.8661 14.8661 30.3645 30.3645 30.3645 30.3645 15.0333 15.0333 15.0333 15.0333 30.5941 30.5941 30.5941 30.5941 30.0167 30.0167 30.0167 30.0167 33.4215 33.4215 33.4215 33.4215 30.4138 30.4138 30.4138 30.4138 39.3192 39.3192 39.3192 39.3192 0.0000
F26_3 0.0000 18.0278 15.0000 26.9258 21.2603 20.6155 18.0000 11.1803 17.4929 32.0156 26.2488 35.3553 33.5410 29.1548 18.3848 17.4642 40.4969 32.0156 33.5410 34.0000 41.0366 49.9300 11.1803 14.8661 15.2315 24.5967 0.0000 0.0000 0.0000 0.0000 26.0768 26.0768 26.0768 26.0768 39.2046 39.2046 39.2046 39.2046 25.0599 25.0599 25.0599 25.0599 37.2022 37.2022 37.2022 37.2022 24.7386 24.7386 24.7386 24.7386 36.0139 36.0139 36.0139 36.0139 26.4197 26.4197 26.4197 26.4197 38.2099 38.2099 38.2099 38.2099 18.0278 18.0278 18.0278 18.0278 30.2655 30.2655 30.2655 30.2655 25.8070 25.8070 25.8070 25.8070 36.1386 36.1386 36.1386 36.1386 14.8661 14.8661 14.8661 14.8661 30.3645 30.3645 30.3645 30.3645 15.0333 15.0333 15.0333 15.0333 30.5941 30.5941 30.5941 30.5941 30.0167 30.0167 30.0167 30.0167 33.4215 33.4215 33.4215 33.4215 30.4138 30.4138 30.4138 30.4138 39.3192 39.3192 39.3192 39.3192 0.0000
F27 26.0768 44.1022 11.1803 24.1868 44.9444 46.5296 32.8024 24.1868 42.4500 51.4296 51.3517 60.0833 17.4642 53.7587 38.0789 33.5410 37.9473 53.3385 49.6488 41.2311 28.0713 40.0125 17.4642 38.2753 23.3238 28.3019 26.0768 26.0768 26.0768 26.0768 0.0000 0.0000 0.0000 0.0000 13.1529 13.1529 13.1529 13.1529 24.4131 24.4131 24.4131 24.4131 28.2843 28.2843 28.2843 28.2843 38.8330 38.8330 38.8330 38.8330 43.4166 43.4166 43.4166 43.4166 44.2945 44.2945 44.2945 44.2945 59.0931 59.0931 59.0931 59.0931 43.1856 43.1856 43.1856 43.1856 56.0357 56.0357 56.0357 56.0357 49.9800 49.9800 49.9800 49.9800 61.9839 61.9839 61.9839 61.9839 38.8973 38.8973 38.8973 38.8973 46.7547 46.7547 46.7547 46.7547 31.9061 31.9061 31.9061 31.9061 37.7359 37.7359 37.7359 37.7359 30.0832 30.0832 30.0832 30.0832 23.0000 23.0000 23.0000 23.0000 16.0312 16.0312 16.0312 16.0312 14.7648 14.7648 14.7648 14.7648 26.0768
F27_1 26.0768 44.1022 11.1803 24.1868 44.9444 46.5296 32.8024 24.1868 42.4500 51.4296 51.3517 60.0833 17.4642 53.7587 38.0789 33.5410 37.9473 53.3385 49.6488 41.2311 28.0713 40.0125 17.4642 38.2753 23.3238 28.3019 26.0768 26.0768 26.0768 26.0768 0.0000 0.0000 0.0000 0.0000 13.1529 13.1529 13.1529 13.1529 24.4131 24.4131 24.4131 24.4131 28.2843 28.2843 28.2843 28.2843 38.8330 38.8330 38.8330 38.8330 43.4166 43.4166 43.4166 43.4166 44.2945 44.2945 44.2945 44.2945 59.0931 59.0931 59.0931 59.0931 43.1856 43.1856 43.1856 43.1856 56.0357 56.0357 56.0357 56.0357 49.9800 49.9800 49.9800 49.9800 61.9839 61.9839 61.9839 61.9839 38.8973 38.8973 38.8973 38.8973 46.7547 46.7547 46.7547 46.7547 31.9061 31.9061 31.9061 31.9061 37.7359 37.7359 37.7359 37.7359 30.0832 30.0832 30.0832 30.0832 23.0000 23.0000 23.0000 23.0000 16.0312 16.0312 16.0312 16.0312 14.7648 14.7648 14.7648 14.7648 26.0768
F27_2 26.0768 44.1022 11.1803 24.1868 44.9444 46.5296 32.8024 24.1868 42.4500 51.4296 51.3517 60.0833 17.4642 53.7587 38.0789 33.5410 37.9473 53.3385 49.6488 41.2311 28.0713 40.0125 17.4642 38.2753 23.3238 28.3019 26.0768 26.0768 26.0768 26.0768 0.0000 0.0000 0.0000 0.0000 13.1529 13.1529 13.1529 13.1529 24.4131 24.4131 24.4131 24.4131 28.2843 28.2843 28.2843 28.2843 38.8330 38.8330 38.8330 38.8330 43.4166 43.4166 43.4166 43.4166 44.2945 44.2945 44.2945 44.2945 59.0931 59.0931 59.0931 59.0931 43.1856 43.1856 43.1856 43.1856 56.0357 56.0357 56.0357 56.0357 49.9800 49.9800 49.9800 49.9800 61.9839 61.9839 61.9839 61.9839 38.8973 38.8973 38.8973 38.8973 46.7547 46.7547 46.7547 46.7547 31.9061 31.9061 31.9061 31.9061 37.7359 37.7359 37.7359 37.7359 30.0832 30.0832 30.0832 30.0832 23.0000 23.0000 23.0000 23.0000 16.0312 16.0312 16.0312 16.0312 14.7648 14.7648 14.7648 14.7648 26.0768
F27_3 26.0768 44.1022 11.1803 24.1868 44.9444 46.5296 32.8024 24.1868 42.4500 51.4296 51.3517 60.0833 17.4642 53.7587 38.0789 33.5410 37.9473 53.3385 49.6488 41.2311 28.0713 40.0125 17.4642 38.2753 23.3238 28.3019 26.0768 26.0768 26.0768 26.0768 0.0000 0.0000 0.0000 0.0000 13.1529 13.1529 13.1529 13.1529 24.4131 24.4131 24.4131 24.4131 28.2843 28.2843 28.2843 28.2843 38.8330 38.8330 38.8330 38.8330 43.4166 43.4166 43.4166 43.4166 44.2945 44.2945 44.2945 44.2945 59.0931 59.0931 59.0931 59.0931 43.1856 43.1856 43.1856 43.1856 56.0357 56.0357 56.0357 56.0357 49.9800 49.9800 49.9800 49.9800 61.9839 61.9839 61.9839 61.9839 38.8973 38.8973 38.8973 38.8973 46.7547 46.7547 46.7547 46.7547 31.9061 31.9061 31.9061 31.9061 37.7359 37.7359 37.7359 37.7359 30.0832 30.0832 30.0832 30.0832 23.0000 23.0000 23.0000 23.0000 16.0312 16.0312 16.0312 16.0312 14.7648 14.7648 14.7648 14.7648 26.0768
F28 39.2046 57.2189 24.3311 31.4006 57.8705 59.6825 44.7772 36.7696 55.5428 62.6259 64.1249 73.0821 21.0238 66.7608 50.5668 44.9222 42.2019 65.7419 59.9333 49.2037 28.2312 39.8497 30.3645 51.2445 34.4819 38.2099 39.2046 39.2046 39.2046 39.2046 13.1529 13.1529 13.1529 13.1529 0.0000 0.0000 0.0000 0.0000 32.4500 32.4500 32.4500 32.4500 31.0644 31.0644 31.0644 31.0644 49.2443 49.2443 49.2443 49.2443 51.2250 51.2250 51.2250 51.2250 55.3624 55.3624 55.3624 55.3624 70.5195 70.5195 70.5195 70.5195 56.0357 56.0357 56.0357 56.0357 69.0000 69.0000 69.0000 69.0000 62.9365 62.9365 62.9365 62.9365 75.1332 75.1332 75.1332 75.1332 51.9230 51.9230 51.9230 51.9230 58.2495 58.2495 58.2495 58.2495 44.2832 44.2832 44.2832 44.2832 47.3814 47.3814 47.3814 47.3814 38.4187 38.4187 38.4187 38.4187 28.1780 28.1780 28.1780 28.1780 21.6333 21.6333 21.6333 21.6333 9.0000 9.0000 9.0000 9.0000 39.2046
F28_1 39.2046 57.2189 24.3311 31.4006 57.8705 59.6825 44.7772 36.7696 55.5428 62.6259 64.1249 73.0821 21.0238 66.7608 50.5668 44.9222 42.2019 65.7419 59.9333 49.2037 28.2312 39.8497 30.3645 51.2445 34.4819 38.2099 39.2046 39.2046 39.2046 39.2046 13.1529 13.1529 13.1529 13.1529 0.0000 0.0000 0.0000 0.0000 32.4500 32.4500 32.4500 32.4500 31.0644 31.0644 31.0644 31.0644 49.2443 49.2443 49.2443 49.2443 51.2250 51.2250 51.2250 51.2250 55.3624 55.3624 55.3624 55.3624 70.5195 70.5195 70.5195 70.5195 56.0357 56.0357 56.0357 56.0357 69.0000 69.0000 69.0000 69.0000 62.9365 62.9365 62.9365 62.9365 75.1332 75.1332 75.1332 75.1332 51.9230 51.9230 51.9230 51.9230 58.2495 58.2495 58.2495 58.2495 44.2832 44.2832 44.2832 44.2832 47.3814 47.3814 47.3814 47.3814 38.4187 38.4187 38.4187 38.4187 28.1780 28.1780 28.1780 28.1780 21.6333 21.6333 21.6333 21.6333 9.0000 9.0000 9.0000 9.0000 39.2046
F28_2 39.2046 57.2189 24.3311 31.4006 57.8705 59.6825 44.7772 36.7696 55.5428 62.6259 64.1249 73.0821 21.0238 66.7608 50.5668 44.9222 42.2019 65.7419 59.9333 49.2037 28.2312 39.8497 30.3645 51.2445 34.4819 38.2099 39.2046 39.2046 39.2046 39.2046 13.1529 13.1529 13.1529 13.1529 0.0000 0.0000 0.0000 0.0000 32.4500 32.4500 32.4500 32.4500 31.0644 31.0644 31.0644 31.0644 49.2443 49.2443 49.2443 49.2443 51.2250 51.2250 51.2250 51.2250 55.3624 55.3624 55.3624 55.3624 70.5195 70.5195 70.5195 70.5195 56.0357 56.0357 56.0357 56.0357 69.0000 69.0000 69.0000 69.0000 62.9365 62.9365 62.9365 62.9365 75.1332 75.1332 75.1332 75.1332 51.9230 51.9230 51.9230 51.9230 58.2495 58.2495 58.2495 58.2495 44.2832 44.2832 44.2832 44.2832 47.3814 47.3814 47.3814 47.3814 38.4187 38.4187 38.4187 38.4187 28.1780 28.1780 28.1780 28.1780 21.6333 21.6333 21.6333 21.6333 9.0000 9.0000 9.0000 9.0000 39.2046
F28_3 39.2046 57.2189 24.3311 31.4006 57.8705 59.6825 44.7772 36.7696 55.5428 62.6259 64.1249 73.0821 21.0238 66.7608 50.5668 44.9222 42.2019 65.7419 59.9333 49.2037 28.2312 39.8497 30.3645 51.2445 34.4819 38.2099 39.2046 39.2046 39.2046 39.2046 13.1529 13.1529 13.1529 13.1529 0.0000 0.0000 0.0000 0.0000 32.4500 32.4500 32.4500 32.4500 31.0644 31.0644 31.0644 31.0644 49.2443 49.2443 49.2443 49.2443 51.2250 51.2250 51.2250 51.2250 55.3624 55.3624 55.3624 55.3624 70.5195 70.5195 70.5195 70.5195 56.0357 56.0357 56.0357 56.0357 69.0000 69.0000 69.0000 69.0000 62.9365 62.9365 62.9365 62.9365 75.1332 75.1332 75.1332 75.1332 51.9230 51.9230 51.9230 51.9230 58.2495 58.2495 58.2495 58.2495 44.2832 44.2832 44.2832 44.2832 47.3814 47.3814 47.3814 47.3814 38.4187 38.4187 38.4187 38.4187 28.1780 28.1780 28.1780 28.1780 21.6333 21.6333 21.6333 21.6333 9.0000 9.0000 9.0000 9.0000 39.2046
F29 25.0599 37.8021 22.2036 2.2361 45.6070 41.8688 41.7612 32.7567 41.1096 32.1403 39.5601 58.0517 41.1461 52.3259 43.3820 16.7631 16.1245 56.8595 28.1603 16.9706 17.8885 25.0000 27.0740 39.6611 10.0000 44.0114 25.0599 25.0599 25.0599 25.0599 24.4131 24.4131 24.4131 24.4131 32.4500 32.4500 32.4500 32.4500 0.0000 0.0000 0.0000 0.0000 12.8062 12.8062 12.8062 12.8062 18.1108 18.1108 18.1108 18.1108 19.1050 19.1050 19.1050 19.1050 25.0200 25.0200 25.0200 25.0200 40.1995 40.1995 40.1995 40.1995 33.1210 33.1210 33.1210 33.1210 45.6946 45.6946 45.6946 45.6946 49.5782 49.5782 49.5782 49.5782 56.3028 56.3028 56.3028 56.3028 39.4081 39.4081 39.4081 39.4081 55.1543 55.1543 55.1543 55.1543 39.2173 39.2173 39.2173 39.2173 52.3450 52.3450 52.3450 52.3450 48.0937 48.0937 48.0937 48.0937 45.2217 45.2217 45.2217 45.2217 39.0000 39.0000 39.0000 39.0000 38.1838 38.1838 38.1838 38.1838 25.0599
