# set
set V := C1 C2 C3 C4 C5 C6 C7 C8 C9 C10 C11 C12 C13 C14 C15 C16 C17 C18 C19 C20 C21 C22 C23 C24 C25 ;
set F := F26 F27 F28 F29 F30 F31 F32 F33 F34 F35 F36 F37 F38 F39 F40 F41 F42 F43 F44 F45 F46 F26_1 F26_2 F26_3 F27_1 F27_2 F27_3 F28_1 F28_2 F28_3 F29_1 F29_2 F29_3 F30_1 F30_2 F30_3 F31_1 F31_2 F31_3 F32_1 F32_2 F32_3 F33_1 F33_2 F33_3 F34_1 F34_2 F34_3 F35_1 F35_2 F35_3 F36_1 F36_2 F36_3 F37_1 F37_2 F37_3 F38_1 F38_2 F38_3 F39_1 F39_2 F39_3 F40_1 F40_2 F40_3 F41_1 F41_2 F41_3 F42_1 F42_2 F42_3 F43_1 F43_2 F43_3 F44_1 F44_2 F44_3 F45_1 F45_2 F45_3 F46_1 F46_2 F46_3 ;
set D0 := N0;
set D£m := N£m;

# param
param Cf := 200;		# ECV fixed cost
param C := 200;		# ECV max load
param Q := 79.69;		# ECV/BSV battery level
param r := 1;		# ECV consumption

param Cr := 100;		# recharging cost
param Ct := 10;		# travel cost
param Cs ;		# battery swap cost
param n := 25;		# number of customers
param g := 1.14;	# recharging rate

param m :=
N0 0
C1 20
C2 30
C3 21
C4 20
C5 20
C6 10
C7 16
C8 40
C9 30
C10 27
C11 14
C12 2
C13 14
C14 10
C15 16
C16 20
C17 19
C18 13
C19 10
C20 27
C21 18
C22 9
C23 8
C24 40
C25 10
F26 0
F26_1 0
F26_2 0
F26_3 0
F27 0
F27_1 0
F27_2 0
F27_3 0
F28 0
F28_1 0
F28_2 0
F28_3 0
F29 0
F29_1 0
F29_2 0
F29_3 0
F30 0
F30_1 0
F30_2 0
F30_3 0
F31 0
F31_1 0
F31_2 0
F31_3 0
F32 0
F32_1 0
F32_2 0
F32_3 0
F33 0
F33_1 0
F33_2 0
F33_3 0
F34 0
F34_1 0
F34_2 0
F34_3 0
F35 0
F35_1 0
F35_2 0
F35_3 0
F36 0
F36_1 0
F36_2 0
F36_3 0
F37 0
F37_1 0
F37_2 0
F37_3 0
F38 0
F38_1 0
F38_2 0
F38_3 0
F39 0
F39_1 0
F39_2 0
F39_3 0
F40 0
F40_1 0
F40_2 0
F40_3 0
F41 0
F41_1 0
F41_2 0
F41_3 0
F42 0
F42_1 0
F42_2 0
F42_3 0
F43 0
F43_1 0
F43_2 0
F43_3 0
F44 0
F44_1 0
F44_2 0
F44_3 0
F45 0
F45_1 0
F45_2 0
F45_3 0
F46 0
F46_1 0
F46_2 0
F46_3 0
N£m 0
;

param e :=
N0 0
C1 60
C2 83
C3 101
C4 57
C5 57
C6 45
C7 107
C8 43
C9 106
C10 9
C11 14
C12 59
C13 30
C14 36
C15 97
C16 45
C17 91
C18 89
C19 51
C20 47
C21 73
C22 37
C23 71
C24 64
C25 99
F26 0
F26_1 0
F26_2 0
F26_3 0
F27 0
F27_1 0
F27_2 0
F27_3 0
F28 0
F28_1 0
F28_2 0
F28_3 0
F29 0
F29_1 0
F29_2 0
F29_3 0
F30 0
F30_1 0
F30_2 0
F30_3 0
F31 0
F31_1 0
F31_2 0
F31_3 0
F32 0
F32_1 0
F32_2 0
F32_3 0
F33 0
F33_1 0
F33_2 0
F33_3 0
F34 0
F34_1 0
F34_2 0
F34_3 0
F35 0
F35_1 0
F35_2 0
F35_3 0
F36 0
F36_1 0
F36_2 0
F36_3 0
F37 0
F37_1 0
F37_2 0
F37_3 0
F38 0
F38_1 0
F38_2 0
F38_3 0
F39 0
F39_1 0
F39_2 0
F39_3 0
F40 0
F40_1 0
F40_2 0
F40_3 0
F41 0
F41_1 0
F41_2 0
F41_3 0
F42 0
F42_1 0
F42_2 0
F42_3 0
F43 0
F43_1 0
F43_2 0
F43_3 0
F44 0
F44_1 0
F44_2 0
F44_3 0
F45 0
F45_1 0
F45_2 0
F45_3 0
F46 0
F46_1 0
F46_2 0
F46_3 0
N£m 0
;

param l :=
N0 240
C1 159
C2 168
C3 216
C4 154
C5 185
C6 161
C7 200
C8 186
C9 161
C10 139
C11 177
C12 144
C13 129
C14 193
C15 198
C16 183
C17 198
C18 217
C19 178
C20 162
C21 148
C22 124
C23 193
C24 149
C25 138
F26 240
F26_1 240
F26_2 240
F26_3 240
F27 240
F27_1 240
F27_2 240
F27_3 240
F28 240
F28_1 240
F28_2 240
F28_3 240
F29 240
F29_1 240
F29_2 240
F29_3 240
F30 240
F30_1 240
F30_2 240
F30_3 240
F31 240
F31_1 240
F31_2 240
F31_3 240
F32 240
F32_1 240
F32_2 240
F32_3 240
F33 240
F33_1 240
F33_2 240
F33_3 240
F34 240
F34_1 240
F34_2 240
F34_3 240
F35 240
F35_1 240
F35_2 240
F35_3 240
F36 240
F36_1 240
F36_2 240
F36_3 240
F37 240
F37_1 240
F37_2 240
F37_3 240
F38 240
F38_1 240
F38_2 240
F38_3 240
F39 240
F39_1 240
F39_2 240
F39_3 240
F40 240
F40_1 240
F40_2 240
F40_3 240
F41 240
F41_1 240
F41_2 240
F41_3 240
F42 240
F42_1 240
F42_2 240
F42_3 240
F43 240
F43_1 240
F43_2 240
F43_3 240
F44 240
F44_1 240
F44_2 240
F44_3 240
F45 240
F45_1 240
F45_2 240
F45_3 240
F46 240
F46_1 240
F46_2 240
F46_3 240
N£m 240
;

param s :=
N0 0
C1 10
C2 10
C3 10
C4 10
C5 10
C6 10
C7 10
C8 10
C9 10
C10 10
C11 10
C12 10
C13 10
C14 10
C15 10
C16 10
C17 10
C18 10
C19 10
C20 10
C21 10
C22 10
C23 10
C24 10
C25 10
F26 0
F26_1 0
F26_2 0
F26_3 0
F27 0
F27_1 0
F27_2 0
F27_3 0
F28 0
F28_1 0
F28_2 0
F28_3 0
F29 0
F29_1 0
F29_2 0
F29_3 0
F30 0
F30_1 0
F30_2 0
F30_3 0
F31 0
F31_1 0
F31_2 0
F31_3 0
F32 0
F32_1 0
F32_2 0
F32_3 0
F33 0
F33_1 0
F33_2 0
F33_3 0
F34 0
F34_1 0
F34_2 0
F34_3 0
F35 0
F35_1 0
F35_2 0
F35_3 0
F36 0
F36_1 0
F36_2 0
F36_3 0
F37 0
F37_1 0
F37_2 0
F37_3 0
F38 0
F38_1 0
F38_2 0
F38_3 0
F39 0
F39_1 0
F39_2 0
F39_3 0
F40 0
F40_1 0
F40_2 0
F40_3 0
F41 0
F41_1 0
F41_2 0
F41_3 0
F42 0
F42_1 0
F42_2 0
F42_3 0
F43 0
F43_1 0
F43_2 0
F43_3 0
F44 0
F44_1 0
F44_2 0
F44_3 0
F45 0
F45_1 0
F45_2 0
F45_3 0
F46 0
F46_1 0
F46_2 0
F46_3 0
N£m 0
;

param d : N0 C1 C2 C3 C4 C5 C6 C7 C8 C9 C10 C11 C12 C13 C14 C15 C16 C17 C18 C19 C20 C21 C22 C23 C24 C25 F26 F26_1 F26_2 F26_3 F27 F27_1 F27_2 F27_3 F28 F28_1 F28_2 F28_3 F29 F29_1 F29_2 F29_3 F30 F30_1 F30_2 F30_3 F31 F31_1 F31_2 F31_3 F32 F32_1 F32_2 F32_3 F33 F33_1 F33_2 F33_3 F34 F34_1 F34_2 F34_3 F35 F35_1 F35_2 F35_3 F36 F36_1 F36_2 F36_3 F37 F37_1 F37_2 F37_3 F38 F38_1 F38_2 F38_3 F39 F39_1 F39_2 F39_3 F40 F40_1 F40_2 F40_3 F41 F41_1 F41_2 F41_3 F42 F42_1 F42_2 F42_3 F43 F43_1 F43_2 F43_3 F44 F44_1 F44_2 F44_3 F45 F45_1 F45_2 F45_3 F46 F46_1 F46_2 F46_3 N£m  :=
N0 0.0000 33.3017 47.4342 10.0000 33.5410 44.2041 45.0000 18.0278 43.0116 31.6228 9.2195 14.7648 35.4683 25.4951 36.0555 13.0384 45.2769 18.0278 12.0416 51.4782 32.5576 27.0185 15.8114 36.0555 35.0000 38.0526 0.0000 0.0000 0.0000 0.0000 33.0606 33.0606 33.0606 33.0606 50.2494 50.2494 50.2494 50.2494 32.6497 32.6497 32.6497 32.6497 48.6004 48.6004 48.6004 48.6004 31.0483 31.0483 31.0483 31.0483 46.0109 46.0109 46.0109 46.0109 34.4819 34.4819 34.4819 34.4819 48.8365 48.8365 48.8365 48.8365 23.4094 23.4094 23.4094 23.4094 39.4588 39.4588 39.4588 39.4588 33.0151 33.0151 33.0151 33.0151 46.5725 46.5725 46.5725 46.5725 19.1050 19.1050 19.1050 19.1050 38.8973 38.8973 38.8973 38.8973 19.0263 19.0263 19.0263 19.0263 39.8121 39.8121 39.8121 39.8121 38.0789 38.0789 38.0789 38.0789 42.6380 42.6380 42.6380 42.6380 38.4708 38.4708 38.4708 38.4708 50.3587 50.3587 50.3587 50.3587 0.0000
C1 33.3017 0.0000 78.0320 26.6271 40.7922 50.0100 73.3757 39.9249 48.0521 35.9026 26.4197 47.4236 68.7677 51.0784 42.2966 44.4185 72.0347 51.2250 45.2769 83.6002 21.4709 60.3075 28.7924 55.0364 63.9062 67.4166 33.3017 33.3017 33.3017 33.3017 59.6154 59.6154 59.6154 59.6154 74.7262 74.7262 74.7262 74.7262 37.2156 37.2156 37.2156 37.2156 52.8867 52.8867 52.8867 52.8867 14.8661 14.8661 14.8661 14.8661 29.6985 29.6985 29.6985 29.6985 7.0711 7.0711 7.0711 7.0711 16.1245 16.1245 16.1245 16.1245 17.0000 17.0000 17.0000 17.0000 25.4951 25.4951 25.4951 25.4951 44.2832 44.2832 44.2832 44.2832 43.5660 43.5660 43.5660 43.5660 38.8330 38.8330 38.8330 38.8330 62.8013 62.8013 62.8013 62.8013 48.7545 48.7545 48.7545 48.7545 70.6824 70.6824 70.6824 70.6824 71.0282 71.0282 71.0282 71.0282 75.6902 75.6902 75.6902 75.6902 70.6045 70.6045 70.6045 70.6045 78.3901 78.3901 78.3901 78.3901 33.3017
C2 47.4342 78.0320 0.0000 51.4782 75.0000 53.1413 54.0833 39.0512 53.8516 75.1665 56.6127 32.9848 25.0599 28.2843 51.4782 44.0454 58.3095 35.0000 36.6742 10.0000 79.8123 28.6356 50.0000 66.7083 49.2443 48.7647 47.4342 47.4342 47.4342 47.4342 20.8087 20.8087 20.8087 20.8087 20.6155 20.6155 20.6155 20.6155 53.2541 53.2541 53.2541 53.2541 56.3205 56.3205 56.3205 56.3205 69.5270 69.5270 69.5270 69.5270 76.4003 76.4003 76.4003 76.4003 76.6094 76.6094 76.6094 76.6094 94.1541 94.1541 94.1541 94.1541 70.8378 70.8378 70.8378 70.8378 86.5852 86.5852 86.5852 86.5852 72.1110 72.1110 72.1110 72.1110 90.0500 90.0500 90.0500 90.0500 59.0339 59.0339 59.0339 59.0339 61.0983 61.0983 61.0983 61.0983 46.1736 46.1736 46.1736 46.1736 44.1022 44.1022 44.1022 44.1022 31.6228 31.6228 31.6228 31.6228 16.9706 16.9706 16.9706 16.9706 11.4018 11.4018 11.4018 11.4018 10.2956 10.2956 10.2956 10.2956 47.4342
C3 10.0000 26.6271 51.4782 0.0000 39.0512 36.7967 55.0000 15.0000 35.3553 36.0555 12.0416 21.4009 43.5660 25.4951 28.2843 23.0217 55.2268 26.9258 20.1246 57.0088 32.2490 35.3553 7.0711 44.7214 45.0000 48.0416 10.0000 10.0000 10.0000 10.0000 33.9559 33.9559 33.9559 33.9559 50.2494 50.2494 50.2494 50.2494 24.2074 24.2074 24.2074 24.2074 41.0122 41.0122 41.0122 41.0122 21.5407 21.5407 21.5407 21.5407 36.0139 36.0139 36.0139 36.0139 26.2488 26.2488 26.2488 26.2488 42.7200 42.7200 42.7200 42.7200 22.0907 22.0907 22.0907 22.0907 39.2046 39.2046 39.2046 39.2046 39.6232 39.6232 39.6232 39.6232 50.0899 50.0899 50.0899 50.0899 26.9258 26.9258 26.9258 26.9258 48.5077 48.5077 48.5077 48.5077 29.0172 29.0172 29.0172 29.0172 49.6488 49.6488 49.6488 49.6488 47.0106 47.0106 47.0106 47.0106 49.5782 49.5782 49.5782 49.5782 44.0454 44.0454 44.0454 44.0454 52.4976 52.4976 52.4976 52.4976 10.0000
C4 33.5410 40.7922 75.0000 39.0512 0.0000 75.8222 42.4264 51.4782 74.3303 5.0000 27.0185 43.7379 54.3415 58.5235 67.2681 31.0644 39.0512 40.0000 39.6232 75.6637 21.0950 47.3814 46.0977 18.0278 36.0555 39.4081 33.5410 33.5410 33.5410 33.5410 65.2534 65.2534 65.2534 65.2534 82.4621 82.4621 82.4621 82.4621 62.9365 62.9365 62.9365 62.9365 79.9812 79.9812 79.9812 79.9812 50.0899 50.0899 50.0899 50.0899 67.5426 67.5426 67.5426 67.5426 46.8402 46.8402 46.8402 46.8402 48.3735 48.3735 48.3735 48.3735 24.3516 24.3516 24.3516 24.3516 22.8473 22.8473 22.8473 22.8473 5.0000 5.0000 5.0000 5.0000 15.2971 15.2971 15.2971 15.2971 16.1245 16.1245 16.1245 16.1245 28.4253 28.4253 28.4253 28.4253 29.2746 29.2746 29.2746 29.2746 44.9444 44.9444 44.9444 44.9444 52.2015 52.2015 52.2015 52.2015 64.1327 64.1327 64.1327 64.1327 64.0703 64.0703 64.0703 64.0703 80.5047 80.5047 80.5047 80.5047 33.5410
C5 44.2041 50.0100 53.1413 36.7967 75.8222 0.0000 84.4334 27.7308 2.0000 72.6223 48.8365 44.2719 62.1289 30.0666 8.6023 54.5894 86.1626 52.8110 46.6154 62.6418 65.7419 56.8859 29.7321 80.2122 75.0267 77.1622 44.2041 44.2041 44.2041 44.2041 33.5410 33.5410 33.5410 33.5410 37.8021 37.8021 37.8021 37.8021 13.4164 13.4164 13.4164 13.4164 4.4721 4.4721 4.4721 4.4721 35.3553 35.3553 35.3553 35.3553 30.0832 30.0832 30.0832 30.0832 44.2832 44.2832 44.2832 44.2832 63.0317 63.0317 63.0317 63.0317 55.9464 55.9464 55.9464 55.9464 72.0902 72.0902 72.0902 72.0902 76.3675 76.3675 76.3675 76.3675 85.9826 85.9826 85.9826 85.9826 63.1269 63.1269 63.1269 63.1269 81.8841 81.8841 81.8841 81.8841 60.8276 60.8276 60.8276 60.8276 76.4003 76.4003 76.4003 76.4003 68.4690 68.4690 68.4690 68.4690 62.2896 62.2896 62.2896 62.2896 53.4603 53.4603 53.4603 53.4603 47.0106 47.0106 47.0106 47.0106 44.2041
C6 45.0000 73.3757 54.0833 55.0000 42.4264 84.4334 0.0000 57.0088 83.8153 46.0977 47.8539 40.1622 29.2062 55.9017 77.6209 32.0156 5.0000 31.6228 38.0789 49.2443 60.2080 29.4109 60.2080 25.0000 10.0000 7.2801 45.0000 45.0000 45.0000 45.0000 57.4282 57.4282 57.4282 57.4282 70.7107 70.7107 70.7107 70.7107 75.5050 75.5050 75.5050 75.5050 88.8651 88.8651 88.8651 88.8651 75.4255 75.4255 75.4255 75.4255 91.0055 91.0055 91.0055 91.0055 76.9025 76.9025 76.9025 76.9025 85.9069 85.9069 85.9069 85.9069 57.3847 57.3847 57.3847 57.3847 64.2028 64.2028 64.2028 64.2028 37.4833 37.4833 37.4833 37.4833 55.8032 55.8032 55.8032 55.8032 34.9285 34.9285 34.9285 34.9285 14.4222 14.4222 14.4222 14.4222 26.0192 26.0192 26.0192 26.0192 10.0000 10.0000 10.0000 10.0000 22.4722 22.4722 22.4722 22.4722 37.5899 37.5899 37.5899 37.5899 43.4166 43.4166 43.4166 43.4166 63.4114 63.4114 63.4114 63.4114 45.0000
C7 18.0278 39.9249 39.0512 15.0000 51.4782 27.7308 57.0088 0.0000 26.9258 49.2443 25.2982 17.1172 37.8550 11.1803 20.6155 26.9258 58.5235 25.4951 18.9737 46.0977 47.1699 31.0644 11.1803 53.1507 47.4342 49.7293 18.0278 18.0278 18.0278 18.0278 19.6977 19.6977 19.6977 19.6977 35.3553 35.3553 35.3553 35.3553 19.0000 19.0000 19.0000 19.0000 32.2025 32.2025 32.2025 32.2025 30.4795 30.4795 30.4795 30.4795 39.3954 39.3954 39.3954 39.3954 37.7359 37.7359 37.7359 37.7359 55.9464 55.9464 55.9464 55.9464 37.0540 37.0540 37.0540 37.0540 54.1479 54.1479 54.1479 54.1479 51.0392 51.0392 51.0392 51.0392 63.9062 63.9062 63.9062 63.9062 37.0135 37.0135 37.0135 37.0135 54.2033 54.2033 54.2033 54.2033 33.1210 33.1210 33.1210 33.1210 49.4975 49.4975 49.4975 49.4975 43.1856 43.1856 43.1856 43.1856 41.1461 41.1461 41.1461 41.1461 33.8378 33.8378 33.8378 33.8378 38.4838 38.4838 38.4838 38.4838 18.0278
C8 43.0116 48.0521 53.8516 35.3553 74.3303 2.0000 83.8153 26.9258 0.0000 71.0634 47.3814 43.6807 62.0322 30.0000 7.0711 53.6656 85.4400 52.2015 45.8803 63.2456 63.9531 56.5685 28.2843 79.0569 74.3303 76.5376 43.0116 43.0116 43.0116 43.0116 33.9559 33.9559 33.9559 33.9559 39.0512 39.0512 39.0512 39.0512 11.6619 11.6619 11.6619 11.6619 5.6569 5.6569 5.6569 5.6569 33.3766 33.3766 33.3766 33.3766 28.2312 28.2312 28.2312 28.2312 42.2966 42.2966 42.2966 42.2966 61.0328 61.0328 61.0328 61.0328 54.2033 54.2033 54.2033 54.2033 70.2638 70.2638 70.2638 70.2638 74.9667 74.9667 74.9667 74.9667 84.3149 84.3149 84.3149 84.3149 61.8466 61.8466 61.8466 61.8466 80.9506 80.9506 80.9506 80.9506 59.9333 59.9333 59.9333 59.9333 75.9276 75.9276 75.9276 75.9276 68.2642 68.2642 68.2642 68.2642 62.5140 62.5140 62.5140 62.5140 53.7587 53.7587 53.7587 53.7587 48.0208 48.0208 48.0208 48.0208 43.0116
C9 31.6228 35.9026 75.1665 36.0555 5.0000 72.6223 46.0977 49.2443 71.0634 0.0000 24.1868 43.1045 55.6597 57.0088 64.0312 31.1448 43.0116 40.3113 39.0512 76.4853 16.1245 48.2701 43.0116 22.3607 39.0512 42.5206 31.6228 31.6228 31.6228 31.6228 64.1327 64.1327 64.1327 64.1327 81.3941 81.3941 81.3941 81.3941 59.5483 59.5483 59.5483 59.5483 76.6942 76.6942 76.6942 76.6942 45.6508 45.6508 45.6508 45.6508 63.0635 63.0635 63.0635 63.0635 42.0595 42.0595 42.0595 42.0595 43.4166 43.4166 43.4166 43.4166 19.6977 19.6977 19.6977 19.6977 18.3576 18.3576 18.3576 18.3576 9.4868 9.4868 9.4868 9.4868 15.1327 15.1327 15.1327 15.1327 16.2788 16.2788 16.2788 16.2788 32.4500 32.4500 32.4500 32.4500 30.3645 30.3645 30.3645 30.3645 47.8017 47.8017 47.8017 47.8017 54.1295 54.1295 54.1295 54.1295 65.2534 65.2534 65.2534 65.2534 64.4981 64.4981 64.4981 64.4981 80.0999 80.0999 80.0999 80.0999 31.6228
C10 9.2195 26.4197 56.6127 12.0416 27.0185 48.8365 47.8539 25.2982 47.3814 24.1868 0.0000 23.7697 43.1856 34.1321 40.3113 18.0278 47.1699 25.4951 20.5913 60.3738 23.3452 34.7131 19.1050 33.8378 38.0789 41.4849 9.2195 9.2195 9.2195 9.2195 42.0000 42.0000 42.0000 42.0000 59.0762 59.0762 59.0762 59.0762 36.1248 36.1248 36.1248 36.1248 53.0377 53.0377 53.0377 53.0377 28.0179 28.0179 28.0179 28.0179 44.7214 44.7214 44.7214 44.7214 29.1204 29.1204 29.1204 29.1204 41.1096 41.1096 41.1096 41.1096 14.3178 14.3178 14.3178 14.3178 30.2655 30.2655 30.2655 30.2655 27.6586 27.6586 27.6586 27.6586 38.6264 38.6264 38.6264 38.6264 15.8114 15.8114 15.8114 15.8114 39.1152 39.1152 39.1152 39.1152 22.4722 22.4722 22.4722 22.4722 44.3847 44.3847 44.3847 44.3847 44.8219 44.8219 44.8219 44.8219 51.0392 51.0392 51.0392 51.0392 47.4236 47.4236 47.4236 47.4236 59.5399 59.5399 59.5399 59.5399 9.2195
C11 14.7648 47.4236 32.9848 21.4009 43.7379 44.2719 40.1622 17.1172 43.6807 43.1045 23.7697 0.0000 22.3607 16.9706 37.6563 13.4164 42.0476 8.5440 4.1231 36.7151 46.8402 14.5602 23.4094 40.2244 30.8707 32.8938 14.7648 14.7648 14.7648 14.7648 21.9317 21.9317 21.9317 21.9317 38.8973 38.8973 38.8973 38.8973 36.0555 36.0555 36.0555 36.0555 48.7032 48.7032 48.7032 48.7032 42.5441 42.5441 42.5441 42.5441 54.8179 54.8179 54.8179 54.8179 47.6340 47.6340 47.6340 47.6340 63.2535 63.2535 63.2535 63.2535 38.0789 38.0789 38.0789 38.0789 53.6004 53.6004 53.6004 53.6004 41.7612 41.7612 41.7612 41.7612 58.2151 58.2151 58.2151 58.2151 27.6586 27.6586 27.6586 27.6586 39.0512 39.0512 39.0512 39.0512 18.4391 18.4391 18.4391 18.4391 32.3883 32.3883 32.3883 32.3883 26.6833 26.6833 26.6833 26.6833 28.2843 28.2843 28.2843 28.2843 23.7065 23.7065 23.7065 23.7065 37.0135 37.0135 37.0135 37.0135 14.7648
C12 35.4683 68.7677 25.0599 43.5660 54.3415 62.1289 29.2062 37.8550 62.0322 55.6597 43.1856 22.3607 0.0000 32.0624 57.0789 26.0768 33.2866 17.6918 23.6008 22.0907 64.1405 8.4853 45.6946 43.1045 24.3516 23.7065 35.4683 35.4683 35.4683 35.4683 30.6757 30.6757 30.6757 30.6757 41.8688 41.8688 41.8688 41.8688 56.5685 56.5685 56.5685 56.5685 66.2722 66.2722 66.2722 66.2722 64.8845 64.8845 64.8845 64.8845 76.8440 76.8440 76.8440 76.8440 69.6348 69.6348 69.6348 69.6348 84.1487 84.1487 84.1487 84.1487 57.0088 57.0088 57.0088 57.0088 70.2353 70.2353 70.2353 70.2353 50.6360 50.6360 50.6360 50.6360 69.6348 69.6348 69.6348 69.6348 39.5601 39.5601 39.5601 39.5601 36.4005 36.4005 36.4005 36.4005 25.2982 25.2982 25.2982 25.2982 19.2094 19.2094 19.2094 19.2094 7.2111 7.2111 7.2111 7.2111 10.0000 10.0000 10.0000 10.0000 14.2127 14.2127 14.2127 14.2127 34.2053 34.2053 34.2053 34.2053 35.4683
C13 25.4951 51.0784 28.2843 25.4951 58.5235 30.0666 55.9017 11.1803 30.0000 57.0088 34.1321 16.9706 32.0624 0.0000 25.4951 30.0000 58.3095 25.0000 20.6155 36.0555 57.0088 27.2029 22.3607 57.0088 47.1699 48.7647 25.4951 25.4951 25.4951 25.4951 8.5440 8.5440 8.5440 8.5440 25.0000 25.0000 25.0000 25.0000 26.0000 26.0000 26.0000 26.0000 34.2345 34.2345 34.2345 34.2345 41.4005 41.4005 41.4005 41.4005 48.5489 48.5489 48.5489 48.5489 48.8774 48.8774 48.8774 48.8774 67.1193 67.1193 67.1193 67.1193 47.0956 47.0956 47.0956 47.0956 64.0078 64.0078 64.0078 64.0078 57.2713 57.2713 57.2713 57.2713 72.0347 72.0347 72.0347 72.0347 42.9535 42.9535 42.9535 42.9535 55.9732 55.9732 55.9732 55.9732 35.3836 35.3836 35.3836 35.3836 47.1699 47.1699 47.1699 47.1699 38.4708 38.4708 38.4708 38.4708 32.9848 32.9848 32.9848 32.9848 24.6982 24.6982 24.6982 24.6982 27.3130 27.3130 27.3130 27.3130 25.4951
C14 36.0555 42.2966 51.4782 28.2843 67.2681 8.6023 77.6209 20.6155 7.0711 64.0312 40.3113 37.6563 57.0789 25.4951 0.0000 47.0106 79.0569 46.0977 39.5601 60.4152 57.2713 51.0882 21.2132 72.1110 68.0074 70.3420 36.0555 36.0555 36.0555 36.0555 30.8707 30.8707 30.8707 30.8707 39.0512 39.0512 39.0512 39.0512 5.0990 5.0990 5.0990 5.0990 12.7279 12.7279 12.7279 12.7279 28.0000 28.0000 28.0000 28.0000 26.4008 26.4008 26.4008 26.4008 37.0000 37.0000 37.0000 37.0000 56.0803 56.0803 56.0803 56.0803 47.4131 47.4131 47.4131 47.4131 63.6946 63.6946 63.6946 63.6946 67.8970 67.8970 67.8970 67.8970 77.3886 77.3886 77.3886 77.3886 54.8179 54.8179 54.8179 54.8179 74.2496 74.2496 74.2496 74.2496 53.3104 53.3104 53.3104 53.3104 70.0357 70.0357 70.0357 70.0357 63.0079 63.0079 63.0079 63.0079 58.4637 58.4637 58.4637 58.4637 50.0000 50.0000 50.0000 50.0000 46.8615 46.8615 46.8615 46.8615 36.0555
C15 13.0384 44.4185 44.0454 23.0217 31.0644 54.5894 32.0156 26.9258 53.6656 31.1448 18.0278 13.4164 26.0768 30.0000 47.0106 0.0000 32.5576 9.2195 9.4340 45.6070 38.0789 17.8885 28.2843 27.0185 22.0227 25.0200 13.0384 13.0384 13.0384 13.0384 35.3412 35.3412 35.3412 35.3412 52.2015 52.2015 52.2015 52.2015 44.2719 44.2719 44.2719 44.2719 59.0593 59.0593 59.0593 59.0593 43.9318 43.9318 43.9318 43.9318 59.0339 59.0339 59.0339 59.0339 46.6154 46.6154 46.6154 46.6154 59.0339 59.0339 59.0339 59.0339 31.1448 31.1448 31.1448 31.1448 44.2832 44.2832 44.2832 44.2832 28.6356 28.6356 28.6356 28.6356 46.0109 46.0109 46.0109 46.0109 15.0000 15.0000 15.0000 15.0000 27.2947 27.2947 27.2947 27.2947 6.3246 6.3246 6.3246 6.3246 26.9258 26.9258 26.9258 26.9258 26.9072 26.9072 26.9072 26.9072 34.9285 34.9285 34.9285 34.9285 33.3766 33.3766 33.3766 33.3766 49.4975 49.4975 49.4975 49.4975 13.0384
C16 45.2769 72.0347 58.3095 55.2268 39.0512 86.1626 5.0000 58.5235 85.4400 43.0116 47.1699 42.0476 33.2866 58.3095 79.0569 32.5576 0.0000 33.5410 39.5601 53.8516 57.7062 32.5576 60.8276 21.2132 11.1803 9.8995 45.2769 45.2769 45.2769 45.2769 60.4401 60.4401 60.4401 60.4401 74.3303 74.3303 74.3303 74.3303 76.6551 76.6551 76.6551 76.6551 90.6201 90.6201 90.6201 90.6201 75.0600 75.0600 75.0600 75.0600 91.0879 91.0879 91.0879 91.0879 75.9539 75.9539 75.9539 75.9539 83.9345 83.9345 83.9345 83.9345 55.6597 55.6597 55.6597 55.6597 61.2944 61.2944 61.2944 61.2944 34.0588 34.0588 34.0588 34.0588 51.8556 51.8556 51.8556 51.8556 33.2415 33.2415 33.2415 33.2415 10.6301 10.6301 10.6301 10.6301 26.3059 26.3059 26.3059 26.3059 14.3178 14.3178 14.3178 14.3178 26.8328 26.8328 26.8328 26.8328 42.0476 42.0476 42.0476 42.0476 47.4342 47.4342 47.4342 47.4342 67.4240 67.4240 67.4240 67.4240 45.2769
C17 18.0278 51.2250 35.0000 26.9258 40.0000 52.8110 31.6228 25.4951 52.2015 40.3113 25.4951 8.5440 17.6918 25.0000 46.0977 9.2195 33.5410 0.0000 7.0711 36.4005 46.9574 9.2195 30.4138 33.5410 22.3607 24.3516 18.0278 18.0278 18.0278 18.0278 28.6007 28.6007 28.6007 28.6007 44.7214 44.7214 44.7214 44.7214 44.2832 44.2832 44.2832 44.2832 57.2451 57.2451 57.2451 57.2451 48.4665 48.4665 48.4665 48.4665 61.9839 61.9839 61.9839 61.9839 52.4786 52.4786 52.4786 52.4786 66.4831 66.4831 66.4831 66.4831 39.4081 39.4081 39.4081 39.4081 53.3104 53.3104 53.3104 53.3104 37.2156 37.2156 37.2156 37.2156 55.0818 55.0818 55.0818 55.0818 24.0832 24.0832 24.0832 24.0832 31.1127 31.1127 31.1127 31.1127 11.7047 11.7047 11.7047 11.7047 24.0832 24.0832 24.0832 24.0832 20.1246 20.1246 20.1246 20.1246 25.9422 25.9422 25.9422 25.9422 24.1868 24.1868 24.1868 24.1868 41.0000 41.0000 41.0000 41.0000 18.0278
C18 12.0416 45.2769 36.6742 20.1246 39.6232 46.6154 38.0789 18.9737 45.8803 39.0512 20.5913 4.1231 23.6008 20.6155 39.5601 9.4340 39.5601 7.0711 0.0000 39.8121 43.3244 15.2643 23.3452 36.4005 28.4605 30.8058 12.0416 12.0416 12.0416 12.0416 26.0000 26.0000 26.0000 26.0000 43.0116 43.0116 43.0116 43.0116 37.4833 37.4833 37.4833 37.4833 51.0784 51.0784 51.0784 51.0784 41.6293 41.6293 41.6293 41.6293 54.9181 54.9181 54.9181 54.9181 46.0435 46.0435 46.0435 46.0435 60.8769 60.8769 60.8769 60.8769 34.8855 34.8855 34.8855 34.8855 50.0000 50.0000 50.0000 50.0000 37.6431 37.6431 37.6431 37.6431 54.1479 54.1479 54.1479 54.1479 23.5372 23.5372 23.5372 23.5372 35.8050 35.8050 35.8050 35.8050 14.8661 14.8661 14.8661 14.8661 31.0161 31.0161 31.0161 31.0161 26.9258 26.9258 26.9258 26.9258 30.6105 30.6105 30.6105 30.6105 26.9258 26.9258 26.9258 26.9258 41.0488 41.0488 41.0488 41.0488 12.0416
C19 51.4782 83.6002 10.0000 57.0088 75.6637 62.6418 49.2443 46.0977 63.2456 76.4853 60.3738 36.7151 22.0907 36.0555 60.4152 45.6070 53.8516 36.4005 39.8121 0.0000 83.0060 28.2843 56.5685 65.1920 46.0977 44.9222 51.4782 51.4782 51.4782 51.4782 29.5466 29.5466 29.5466 29.5466 30.4138 30.4138 30.4138 30.4138 61.7738 61.7738 61.7738 61.7738 65.9697 65.9697 65.9697 65.9697 76.3806 76.3806 76.3806 76.3806 84.5991 84.5991 84.5991 84.5991 82.8794 82.8794 82.8794 82.8794 99.6243 99.6243 99.6243 99.6243 74.6860 74.6860 74.6860 74.6860 89.5377 89.5377 89.5377 89.5377 72.2496 72.2496 72.2496 72.2496 90.9340 90.9340 90.9340 90.9340 60.2080 60.2080 60.2080 60.2080 58.2495 58.2495 58.2495 58.2495 46.3897 46.3897 46.3897 46.3897 39.5601 39.5601 39.5601 39.5601 27.2029 27.2029 27.2029 27.2029 12.1655 12.1655 12.1655 12.1655 13.0384 13.0384 13.0384 13.0384 19.6469 19.6469 19.6469 19.6469 51.4782
C20 32.5576 21.4709 79.8123 32.2490 21.0950 65.7419 60.2080 47.1699 63.9531 16.1245 23.3452 46.8402 64.1405 57.0088 57.2713 38.0789 57.7062 46.9574 43.3244 83.0060 0.0000 55.9464 38.0789 37.9473 52.0096 55.6058 32.5576 32.5576 32.5576 32.5576 65.1230 65.1230 65.1230 65.1230 82.0061 82.0061 82.0061 82.0061 52.3259 52.3259 52.3259 52.3259 69.3542 69.3542 69.3542 69.3542 33.9411 33.9411 33.9411 33.9411 50.6063 50.6063 50.6063 50.6063 28.3019 28.3019 28.3019 28.3019 27.2947 27.2947 27.2947 27.2947 10.1980 10.1980 10.1980 10.1980 7.0000 7.0000 7.0000 7.0000 25.4951 25.4951 25.4951 25.4951 22.2036 22.2036 22.2036 22.2036 26.1725 26.1725 26.1725 26.1725 47.4236 47.4236 47.4236 47.4236 39.8246 39.8246 39.8246 39.8246 60.2080 60.2080 60.2080 60.2080 64.2028 64.2028 64.2028 64.2028 72.8972 72.8972 72.8972 72.8972 70.2282 70.2282 70.2282 70.2282 82.8734 82.8734 82.8734 82.8734 32.5576
C21 27.0185 60.3075 28.6356 35.3553 47.3814 56.8859 29.4109 31.0644 56.5685 48.2701 34.7131 14.5602 8.4853 27.2029 51.0882 17.8885 32.5576 9.2195 15.2643 28.2843 55.9464 0.0000 37.9473 38.0789 22.0227 22.6716 27.0185 27.0185 27.0185 27.0185 28.0179 28.0179 28.0179 28.0179 42.0119 42.0119 42.0119 42.0119 50.0400 50.0400 50.0400 50.0400 61.1882 61.1882 61.1882 61.1882 56.7979 56.7979 56.7979 56.7979 69.3758 69.3758 69.3758 69.3758 61.2944 61.2944 61.2944 61.2944 75.6637 75.6637 75.6637 75.6637 48.6004 48.6004 48.6004 48.6004 62.1691 62.1691 62.1691 62.1691 44.0454 44.0454 44.0454 44.0454 62.6498 62.6498 62.6498 62.6498 32.0156 32.0156 32.0156 32.0156 33.1210 33.1210 33.1210 33.1210 18.1108 18.1108 18.1108 18.1108 20.1246 20.1246 20.1246 20.1246 12.1655 12.1655 12.1655 12.1655 17.0880 17.0880 17.0880 17.0880 17.2627 17.2627 17.2627 17.2627 36.2491 36.2491 36.2491 36.2491 27.0185
C22 15.8114 28.7924 50.0000 7.0711 46.0977 29.7321 60.2080 11.1803 28.2843 43.0116 19.1050 23.4094 45.6946 22.3607 21.2132 28.2843 60.8276 30.4138 23.3452 56.5685 38.0789 37.9473 0.0000 51.4782 50.2494 53.0848 15.8114 15.8114 15.8114 15.8114 30.8707 30.8707 30.8707 30.8707 46.0977 46.0977 46.0977 46.0977 17.2047 17.2047 17.2047 17.2047 33.9411 33.9411 33.9411 33.9411 19.8494 19.8494 19.8494 19.8494 31.5753 31.5753 31.5753 31.5753 26.6271 26.6271 26.6271 26.6271 44.7772 44.7772 44.7772 44.7772 27.8927 27.8927 27.8927 27.8927 44.9110 44.9110 44.9110 44.9110 46.6905 46.6905 46.6905 46.6905 56.8243 56.8243 56.8243 56.8243 33.8378 33.8378 33.8378 33.8378 54.7083 54.7083 54.7083 54.7083 34.5254 34.5254 34.5254 34.5254 54.0833 54.0833 54.0833 54.0833 50.0000 50.0000 50.0000 50.0000 50.4777 50.4777 50.4777 50.4777 43.9318 43.9318 43.9318 43.9318 49.6588 49.6588 49.6588 49.6588 15.8114
C23 36.0555 55.0364 66.7083 44.7214 18.0278 80.2122 25.0000 53.1507 79.0569 22.3607 33.8378 40.2244 43.1045 57.0088 72.1110 27.0185 21.2132 33.5410 36.4005 65.1920 37.9473 38.0789 51.4782 0.0000 20.6155 23.4094 36.0555 36.0555 36.0555 36.0555 61.9112 61.9112 61.9112 61.9112 78.2624 78.2624 78.2624 78.2624 68.6003 68.6003 68.6003 68.6003 84.6286 84.6286 84.6286 84.6286 61.1882 61.1882 61.1882 61.1882 78.3390 78.3390 78.3390 78.3390 60.0750 60.0750 60.0750 60.0750 65.0000 65.0000 65.0000 65.0000 38.0526 38.0526 38.0526 38.0526 40.7063 40.7063 40.7063 40.7063 13.0384 13.0384 13.0384 13.0384 30.8058 30.8058 30.8058 30.8058 18.0278 18.0278 18.0278 18.0278 10.6301 10.6301 10.6301 10.6301 21.9545 21.9545 21.9545 21.9545 29.4109 29.4109 29.4109 29.4109 39.1152 39.1152 39.1152 39.1152 53.0848 53.0848 53.0848 53.0848 55.3173 55.3173 55.3173 55.3173 74.0000 74.0000 74.0000 74.0000 36.0555
C24 35.0000 63.9062 49.2443 45.0000 36.0555 75.0267 10.0000 47.4342 74.3303 39.0512 38.0789 30.8707 24.3516 47.1699 68.0074 22.0227 11.1803 22.3607 28.4605 46.0977 52.0096 22.0227 50.2494 20.6155 0.0000 3.6056 35.0000 35.0000 35.0000 35.0000 49.5782 49.5782 49.5782 49.5782 64.0312 64.0312 64.0312 64.0312 65.7343 65.7343 65.7343 65.7343 79.4796 79.4796 79.4796 79.4796 65.4905 65.4905 65.4905 65.4905 81.0062 81.0062 81.0062 81.0062 67.1863 67.1863 67.1863 67.1863 76.9415 76.9415 76.9415 76.9415 48.3011 48.3011 48.3011 48.3011 56.5862 56.5862 56.5862 56.5862 31.3847 31.3847 31.3847 31.3847 50.5371 50.5371 50.5371 50.5371 26.0768 26.0768 26.0768 26.0768 12.1655 12.1655 12.1655 12.1655 16.0312 16.0312 16.0312 16.0312 8.9443 8.9443 8.9443 8.9443 19.1050 19.1050 19.1050 19.1050 33.9559 33.9559 33.9559 33.9559 38.0132 38.0132 38.0132 38.0132 57.8014 57.8014 57.8014 57.8014 35.0000
C25 38.0526 67.4166 48.7647 48.0416 39.4081 77.1622 7.2801 49.7293 76.5376 42.5206 41.4849 32.8938 23.7065 48.7647 70.3420 25.0200 9.8995 24.3516 30.8058 44.9222 55.6058 22.6716 53.0848 23.4094 3.6056 0.0000 38.0526 38.0526 38.0526 38.0526 50.6063 50.6063 50.6063 50.6063 64.4438 64.4438 64.4438 64.4438 68.2495 68.2495 68.2495 68.2495 81.5966 81.5966 81.5966 81.5966 68.7314 68.7314 68.7314 68.7314 84.0536 84.0536 84.0536 84.0536 70.6045 70.6045 70.6045 70.6045 80.5295 80.5295 80.5295 80.5295 51.8845 51.8845 51.8845 51.8845 60.1415 60.1415 60.1415 60.1415 34.6699 34.6699 34.6699 34.6699 53.7122 53.7122 53.7122 53.7122 29.6816 29.6816 29.6816 29.6816 14.0357 14.0357 14.0357 14.0357 19.2354 19.2354 19.2354 19.2354 6.0828 6.0828 6.0828 6.0828 17.7200 17.7200 17.7200 17.7200 32.8938 32.8938 32.8938 32.8938 37.7359 37.7359 37.7359 37.7359 57.6888 57.6888 57.6888 57.6888 38.0526
F26 0.0000 33.3017 47.4342 10.0000 33.5410 44.2041 45.0000 18.0278 43.0116 31.6228 9.2195 14.7648 35.4683 25.4951 36.0555 13.0384 45.2769 18.0278 12.0416 51.4782 32.5576 27.0185 15.8114 36.0555 35.0000 38.0526 0.0000 0.0000 0.0000 0.0000 33.0606 33.0606 33.0606 33.0606 50.2494 50.2494 50.2494 50.2494 32.6497 32.6497 32.6497 32.6497 48.6004 48.6004 48.6004 48.6004 31.0483 31.0483 31.0483 31.0483 46.0109 46.0109 46.0109 46.0109 34.4819 34.4819 34.4819 34.4819 48.8365 48.8365 48.8365 48.8365 23.4094 23.4094 23.4094 23.4094 39.4588 39.4588 39.4588 39.4588 33.0151 33.0151 33.0151 33.0151 46.5725 46.5725 46.5725 46.5725 19.1050 19.1050 19.1050 19.1050 38.8973 38.8973 38.8973 38.8973 19.0263 19.0263 19.0263 19.0263 39.8121 39.8121 39.8121 39.8121 38.0789 38.0789 38.0789 38.0789 42.6380 42.6380 42.6380 42.6380 38.4708 38.4708 38.4708 38.4708 50.3587 50.3587 50.3587 50.3587 0.0000
F26_1 0.0000 33.3017 47.4342 10.0000 33.5410 44.2041 45.0000 18.0278 43.0116 31.6228 9.2195 14.7648 35.4683 25.4951 36.0555 13.0384 45.2769 18.0278 12.0416 51.4782 32.5576 27.0185 15.8114 36.0555 35.0000 38.0526 0.0000 0.0000 0.0000 0.0000 33.0606 33.0606 33.0606 33.0606 50.2494 50.2494 50.2494 50.2494 32.6497 32.6497 32.6497 32.6497 48.6004 48.6004 48.6004 48.6004 31.0483 31.0483 31.0483 31.0483 46.0109 46.0109 46.0109 46.0109 34.4819 34.4819 34.4819 34.4819 48.8365 48.8365 48.8365 48.8365 23.4094 23.4094 23.4094 23.4094 39.4588 39.4588 39.4588 39.4588 33.0151 33.0151 33.0151 33.0151 46.5725 46.5725 46.5725 46.5725 19.1050 19.1050 19.1050 19.1050 38.8973 38.8973 38.8973 38.8973 19.0263 19.0263 19.0263 19.0263 39.8121 39.8121 39.8121 39.8121 38.0789 38.0789 38.0789 38.0789 42.6380 42.6380 42.6380 42.6380 38.4708 38.4708 38.4708 38.4708 50.3587 50.3587 50.3587 50.3587 0.0000
F26_2 0.0000 33.3017 47.4342 10.0000 33.5410 44.2041 45.0000 18.0278 43.0116 31.6228 9.2195 14.7648 35.4683 25.4951 36.0555 13.0384 45.2769 18.0278 12.0416 51.4782 32.5576 27.0185 15.8114 36.0555 35.0000 38.0526 0.0000 0.0000 0.0000 0.0000 33.0606 33.0606 33.0606 33.0606 50.2494 50.2494 50.2494 50.2494 32.6497 32.6497 32.6497 32.6497 48.6004 48.6004 48.6004 48.6004 31.0483 31.0483 31.0483 31.0483 46.0109 46.0109 46.0109 46.0109 34.4819 34.4819 34.4819 34.4819 48.8365 48.8365 48.8365 48.8365 23.4094 23.4094 23.4094 23.4094 39.4588 39.4588 39.4588 39.4588 33.0151 33.0151 33.0151 33.0151 46.5725 46.5725 46.5725 46.5725 19.1050 19.1050 19.1050 19.1050 38.8973 38.8973 38.8973 38.8973 19.0263 19.0263 19.0263 19.0263 39.8121 39.8121 39.8121 39.8121 38.0789 38.0789 38.0789 38.0789 42.6380 42.6380 42.6380 42.6380 38.4708 38.4708 38.4708 38.4708 50.3587 50.3587 50.3587 50.3587 0.0000
F26_3 0.0000 33.3017 47.4342 10.0000 33.5410 44.2041 45.0000 18.0278 43.0116 31.6228 9.2195 14.7648 35.4683 25.4951 36.0555 13.0384 45.2769 18.0278 12.0416 51.4782 32.5576 27.0185 15.8114 36.0555 35.0000 38.0526 0.0000 0.0000 0.0000 0.0000 33.0606 33.0606 33.0606 33.0606 50.2494 50.2494 50.2494 50.2494 32.6497 32.6497 32.6497 32.6497 48.6004 48.6004 48.6004 48.6004 31.0483 31.0483 31.0483 31.0483 46.0109 46.0109 46.0109 46.0109 34.4819 34.4819 34.4819 34.4819 48.8365 48.8365 48.8365 48.8365 23.4094 23.4094 23.4094 23.4094 39.4588 39.4588 39.4588 39.4588 33.0151 33.0151 33.0151 33.0151 46.5725 46.5725 46.5725 46.5725 19.1050 19.1050 19.1050 19.1050 38.8973 38.8973 38.8973 38.8973 19.0263 19.0263 19.0263 19.0263 39.8121 39.8121 39.8121 39.8121 38.0789 38.0789 38.0789 38.0789 42.6380 42.6380 42.6380 42.6380 38.4708 38.4708 38.4708 38.4708 50.3587 50.3587 50.3587 50.3587 0.0000
F27 33.0606 59.6154 20.8087 33.9559 65.2534 33.5410 57.4282 19.6977 33.9559 64.1327 42.0000 21.9317 30.6757 8.5440 30.8707 35.3412 60.4401 28.6007 26.0000 29.5466 65.1230 28.0179 30.8707 61.9112 49.5782 50.6063 33.0606 33.0606 33.0606 33.0606 0.0000 0.0000 0.0000 0.0000 17.2627 17.2627 17.2627 17.2627 32.4500 32.4500 32.4500 32.4500 37.2156 37.2156 37.2156 37.2156 49.6488 49.6488 49.6488 49.6488 55.6058 55.6058 55.6058 55.6058 57.3062 57.3062 57.3062 57.3062 75.6439 75.6439 75.6439 75.6439 55.3263 55.3263 55.3263 55.3263 72.1110 72.1110 72.1110 72.1110 63.5689 63.5689 63.5689 63.5689 79.2465 79.2465 79.2465 79.2465 49.3356 49.3356 49.3356 49.3356 59.5483 59.5483 59.5483 59.5483 39.9625 39.9625 39.9625 39.9625 48.0208 48.0208 48.0208 48.0208 37.6962 37.6962 37.6962 37.6962 29.0000 29.0000 29.0000 29.0000 20.0250 20.0250 20.0250 20.0250 18.7883 18.7883 18.7883 18.7883 33.0606
F27_1 33.0606 59.6154 20.8087 33.9559 65.2534 33.5410 57.4282 19.6977 33.9559 64.1327 42.0000 21.9317 30.6757 8.5440 30.8707 35.3412 60.4401 28.6007 26.0000 29.5466 65.1230 28.0179 30.8707 61.9112 49.5782 50.6063 33.0606 33.0606 33.0606 33.0606 0.0000 0.0000 0.0000 0.0000 17.2627 17.2627 17.2627 17.2627 32.4500 32.4500 32.4500 32.4500 37.2156 37.2156 37.2156 37.2156 49.6488 49.6488 49.6488 49.6488 55.6058 55.6058 55.6058 55.6058 57.3062 57.3062 57.3062 57.3062 75.6439 75.6439 75.6439 75.6439 55.3263 55.3263 55.3263 55.3263 72.1110 72.1110 72.1110 72.1110 63.5689 63.5689 63.5689 63.5689 79.2465 79.2465 79.2465 79.2465 49.3356 49.3356 49.3356 49.3356 59.5483 59.5483 59.5483 59.5483 39.9625 39.9625 39.9625 39.9625 48.0208 48.0208 48.0208 48.0208 37.6962 37.6962 37.6962 37.6962 29.0000 29.0000 29.0000 29.0000 20.0250 20.0250 20.0250 20.0250 18.7883 18.7883 18.7883 18.7883 33.0606
F27_2 33.0606 59.6154 20.8087 33.9559 65.2534 33.5410 57.4282 19.6977 33.9559 64.1327 42.0000 21.9317 30.6757 8.5440 30.8707 35.3412 60.4401 28.6007 26.0000 29.5466 65.1230 28.0179 30.8707 61.9112 49.5782 50.6063 33.0606 33.0606 33.0606 33.0606 0.0000 0.0000 0.0000 0.0000 17.2627 17.2627 17.2627 17.2627 32.4500 32.4500 32.4500 32.4500 37.2156 37.2156 37.2156 37.2156 49.6488 49.6488 49.6488 49.6488 55.6058 55.6058 55.6058 55.6058 57.3062 57.3062 57.3062 57.3062 75.6439 75.6439 75.6439 75.6439 55.3263 55.3263 55.3263 55.3263 72.1110 72.1110 72.1110 72.1110 63.5689 63.5689 63.5689 63.5689 79.2465 79.2465 79.2465 79.2465 49.3356 49.3356 49.3356 49.3356 59.5483 59.5483 59.5483 59.5483 39.9625 39.9625 39.9625 39.9625 48.0208 48.0208 48.0208 48.0208 37.6962 37.6962 37.6962 37.6962 29.0000 29.0000 29.0000 29.0000 20.0250 20.0250 20.0250 20.0250 18.7883 18.7883 18.7883 18.7883 33.0606
F27_3 33.0606 59.6154 20.8087 33.9559 65.2534 33.5410 57.4282 19.6977 33.9559 64.1327 42.0000 21.9317 30.6757 8.5440 30.8707 35.3412 60.4401 28.6007 26.0000 29.5466 65.1230 28.0179 30.8707 61.9112 49.5782 50.6063 33.0606 33.0606 33.0606 33.0606 0.0000 0.0000 0.0000 0.0000 17.2627 17.2627 17.2627 17.2627 32.4500 32.4500 32.4500 32.4500 37.2156 37.2156 37.2156 37.2156 49.6488 49.6488 49.6488 49.6488 55.6058 55.6058 55.6058 55.6058 57.3062 57.3062 57.3062 57.3062 75.6439 75.6439 75.6439 75.6439 55.3263 55.3263 55.3263 55.3263 72.1110 72.1110 72.1110 72.1110 63.5689 63.5689 63.5689 63.5689 79.2465 79.2465 79.2465 79.2465 49.3356 49.3356 49.3356 49.3356 59.5483 59.5483 59.5483 59.5483 39.9625 39.9625 39.9625 39.9625 48.0208 48.0208 48.0208 48.0208 37.6962 37.6962 37.6962 37.6962 29.0000 29.0000 29.0000 29.0000 20.0250 20.0250 20.0250 20.0250 18.7883 18.7883 18.7883 18.7883 33.0606
F28 50.2494 74.7262 20.6155 50.2494 82.4621 37.8021 70.7107 35.3553 39.0512 81.3941 59.0762 38.8973 41.8688 25.0000 39.0512 52.2015 74.3303 44.7214 43.0116 30.4138 82.0061 42.0119 46.0977 78.2624 64.0312 64.4438 50.2494 50.2494 50.2494 50.2494 17.2627 17.2627 17.2627 17.2627 0.0000 0.0000 0.0000 0.0000 42.4382 42.4382 42.4382 42.4382 39.9625 39.9625 39.9625 39.9625 63.1585 63.1585 63.1585 63.1585 65.4370 65.4370 65.4370 65.4370 71.5122 71.5122 71.5122 71.5122 90.4434 90.4434 90.4434 90.4434 72.0625 72.0625 72.0625 72.0625 89.0056 89.0056 89.0056 89.0056 80.6536 80.6536 80.6536 80.6536 96.5091 96.5091 96.5091 96.5091 66.4831 66.4831 66.4831 66.4831 74.8866 74.8866 74.8866 74.8866 56.3649 56.3649 56.3649 56.3649 60.8276 60.8276 60.8276 60.8276 49.0408 49.0408 49.0408 49.0408 36.2353 36.2353 36.2353 36.2353 28.0179 28.0179 28.0179 28.0179 11.0000 11.0000 11.0000 11.0000 50.2494
F28_1 50.2494 74.7262 20.6155 50.2494 82.4621 37.8021 70.7107 35.3553 39.0512 81.3941 59.0762 38.8973 41.8688 25.0000 39.0512 52.2015 74.3303 44.7214 43.0116 30.4138 82.0061 42.0119 46.0977 78.2624 64.0312 64.4438 50.2494 50.2494 50.2494 50.2494 17.2627 17.2627 17.2627 17.2627 0.0000 0.0000 0.0000 0.0000 42.4382 42.4382 42.4382 42.4382 39.9625 39.9625 39.9625 39.9625 63.1585 63.1585 63.1585 63.1585 65.4370 65.4370 65.4370 65.4370 71.5122 71.5122 71.5122 71.5122 90.4434 90.4434 90.4434 90.4434 72.0625 72.0625 72.0625 72.0625 89.0056 89.0056 89.0056 89.0056 80.6536 80.6536 80.6536 80.6536 96.5091 96.5091 96.5091 96.5091 66.4831 66.4831 66.4831 66.4831 74.8866 74.8866 74.8866 74.8866 56.3649 56.3649 56.3649 56.3649 60.8276 60.8276 60.8276 60.8276 49.0408 49.0408 49.0408 49.0408 36.2353 36.2353 36.2353 36.2353 28.0179 28.0179 28.0179 28.0179 11.0000 11.0000 11.0000 11.0000 50.2494
F28_2 50.2494 74.7262 20.6155 50.2494 82.4621 37.8021 70.7107 35.3553 39.0512 81.3941 59.0762 38.8973 41.8688 25.0000 39.0512 52.2015 74.3303 44.7214 43.0116 30.4138 82.0061 42.0119 46.0977 78.2624 64.0312 64.4438 50.2494 50.2494 50.2494 50.2494 17.2627 17.2627 17.2627 17.2627 0.0000 0.0000 0.0000 0.0000 42.4382 42.4382 42.4382 42.4382 39.9625 39.9625 39.9625 39.9625 63.1585 63.1585 63.1585 63.1585 65.4370 65.4370 65.4370 65.4370 71.5122 71.5122 71.5122 71.5122 90.4434 90.4434 90.4434 90.4434 72.0625 72.0625 72.0625 72.0625 89.0056 89.0056 89.0056 89.0056 80.6536 80.6536 80.6536 80.6536 96.5091 96.5091 96.5091 96.5091 66.4831 66.4831 66.4831 66.4831 74.8866 74.8866 74.8866 74.8866 56.3649 56.3649 56.3649 56.3649 60.8276 60.8276 60.8276 60.8276 49.0408 49.0408 49.0408 49.0408 36.2353 36.2353 36.2353 36.2353 28.0179 28.0179 28.0179 28.0179 11.0000 11.0000 11.0000 11.0000 50.2494
F28_3 50.2494 74.7262 20.6155 50.2494 82.4621 37.8021 70.7107 35.3553 39.0512 81.3941 59.0762 38.8973 41.8688 25.0000 39.0512 52.2015 74.3303 44.7214 43.0116 30.4138 82.0061 42.0119 46.0977 78.2624 64.0312 64.4438 50.2494 50.2494 50.2494 50.2494 17.2627 17.2627 17.2627 17.2627 0.0000 0.0000 0.0000 0.0000 42.4382 42.4382 42.4382 42.4382 39.9625 39.9625 39.9625 39.9625 63.1585 63.1585 63.1585 63.1585 65.4370 65.4370 65.4370 65.4370 71.5122 71.5122 71.5122 71.5122 90.4434 90.4434 90.4434 90.4434 72.0625 72.0625 72.0625 72.0625 89.0056 89.0056 89.0056 89.0056 80.6536 80.6536 80.6536 80.6536 96.5091 96.5091 96.5091 96.5091 66.4831 66.4831 66.4831 66.4831 74.8866 74.8866 74.8866 74.8866 56.3649 56.3649 56.3649 56.3649 60.8276 60.8276 60.8276 60.8276 49.0408 49.0408 49.0408 49.0408 36.2353 36.2353 36.2353 36.2353 28.0179 28.0179 28.0179 28.0179 11.0000 11.0000 11.0000 11.0000 50.2494
F29 32.6497 37.2156 53.2541 24.2074 62.9365 13.4164 75.5050 19.0000 11.6619 59.5483 36.1248 36.0555 56.5685 26.0000 5.0990 44.2719 76.6551 44.2832 37.4833 61.7738 52.3259 50.0400 17.2047 68.6003 65.7343 68.2495 32.6497 32.6497 32.6497 32.6497 32.4500 32.4500 32.4500 32.4500 42.4382 42.4382 42.4382 42.4382 0.0000 0.0000 0.0000 0.0000 17.2047 17.2047 17.2047 17.2047 23.0217 23.0217 23.0217 23.0217 23.3452 23.3452 23.3452 23.3452 32.0156 32.0156 32.0156 32.0156 51.1566 51.1566 51.1566 51.1566 42.5441 42.5441 42.5441 42.5441 58.6941 58.6941 58.6941 58.6941 63.7809 63.7809 63.7809 63.7809 72.6705 72.6705 72.6705 72.6705 51.0392 51.0392 51.0392 51.0392 71.3092 71.3092 71.3092 71.3092 50.5964 50.5964 50.5964 50.5964 68.3593 68.3593 68.3593 68.3593 62.1289 62.1289 62.1289 62.1289 58.8218 58.8218 58.8218 58.8218 50.6952 50.6952 50.6952 50.6952 49.4975 49.4975 49.4975 49.4975 32.6497
