# set
set V := C1 C2 C3 C4 C5 C6 C7 C8 C9 C10 C11 C12 C13 C14 C15 C16 C17 C18 C19 C20 C21 C22 C23 C24 C25 ;
set F := F26 F27 F28 F29 F30 F31 F32 F33 F34 F35 F36 F37 F38 F39 F40 F41 F42 F43 F44 F45 F46 F26_1 F26_2 F26_3 F27_1 F27_2 F27_3 F28_1 F28_2 F28_3 F29_1 F29_2 F29_3 F30_1 F30_2 F30_3 F31_1 F31_2 F31_3 F32_1 F32_2 F32_3 F33_1 F33_2 F33_3 F34_1 F34_2 F34_3 F35_1 F35_2 F35_3 F36_1 F36_2 F36_3 F37_1 F37_2 F37_3 F38_1 F38_2 F38_3 F39_1 F39_2 F39_3 F40_1 F40_2 F40_3 F41_1 F41_2 F41_3 F42_1 F42_2 F42_3 F43_1 F43_2 F43_3 F44_1 F44_2 F44_3 F45_1 F45_2 F45_3 F46_1 F46_2 F46_3 ;
set D0 := N0;
set D£m := N£m;

# param
param Cf := 200;		# ECV fixed cost
param C := 200;		# ECV max load
param Q := 79.69;		# ECV/BSV battery level
param r := 1;		# ECV consumption

param Cr := 100;		# recharging cost
param Ct := 10;		# travel cost
param Cs ;		# battery swap cost
param n := 25;		# number of customers
param g := 1.14;	# recharging rate

param m :=
N0 0
C1 10
C2 40
C3 5
C4 10
C5 10
C6 20
C7 16
C8 23
C9 10
C10 27
C11 35
C12 20
C13 2
C14 20
C15 9
C16 19
C17 10
C18 30
C19 18
C20 17
C21 28
C22 30
C23 8
C24 10
C25 10
F26 0
F26_1 0
F26_2 0
F26_3 0
F27 0
F27_1 0
F27_2 0
F27_3 0
F28 0
F28_1 0
F28_2 0
F28_3 0
F29 0
F29_1 0
F29_2 0
F29_3 0
F30 0
F30_1 0
F30_2 0
F30_3 0
F31 0
F31_1 0
F31_2 0
F31_3 0
F32 0
F32_1 0
F32_2 0
F32_3 0
F33 0
F33_1 0
F33_2 0
F33_3 0
F34 0
F34_1 0
F34_2 0
F34_3 0
F35 0
F35_1 0
F35_2 0
F35_3 0
F36 0
F36_1 0
F36_2 0
F36_3 0
F37 0
F37_1 0
F37_2 0
F37_3 0
F38 0
F38_1 0
F38_2 0
F38_3 0
F39 0
F39_1 0
F39_2 0
F39_3 0
F40 0
F40_1 0
F40_2 0
F40_3 0
F41 0
F41_1 0
F41_2 0
F41_3 0
F42 0
F42_1 0
F42_2 0
F42_3 0
F43 0
F43_1 0
F43_2 0
F43_3 0
F44 0
F44_1 0
F44_2 0
F44_3 0
F45 0
F45_1 0
F45_2 0
F45_3 0
F46 0
F46_1 0
F46_2 0
F46_3 0
N£m 0
;

param e :=
N0 0
C1 59
C2 126
C3 76
C4 37
C5 36
C6 113
C7 118
C8 81
C9 98
C10 26
C11 105
C12 130
C13 72
C14 80
C15 27
C16 68
C17 71
C18 70
C19 81
C20 140
C21 72
C22 101
C23 27
C24 107
C25 33
F26 0
F26_1 0
F26_2 0
F26_3 0
F27 0
F27_1 0
F27_2 0
F27_3 0
F28 0
F28_1 0
F28_2 0
F28_3 0
F29 0
F29_1 0
F29_2 0
F29_3 0
F30 0
F30_1 0
F30_2 0
F30_3 0
F31 0
F31_1 0
F31_2 0
F31_3 0
F32 0
F32_1 0
F32_2 0
F32_3 0
F33 0
F33_1 0
F33_2 0
F33_3 0
F34 0
F34_1 0
F34_2 0
F34_3 0
F35 0
F35_1 0
F35_2 0
F35_3 0
F36 0
F36_1 0
F36_2 0
F36_3 0
F37 0
F37_1 0
F37_2 0
F37_3 0
F38 0
F38_1 0
F38_2 0
F38_3 0
F39 0
F39_1 0
F39_2 0
F39_3 0
F40 0
F40_1 0
F40_2 0
F40_3 0
F41 0
F41_1 0
F41_2 0
F41_3 0
F42 0
F42_1 0
F42_2 0
F42_3 0
F43 0
F43_1 0
F43_2 0
F43_3 0
F44 0
F44_1 0
F44_2 0
F44_3 0
F45 0
F45_1 0
F45_2 0
F45_3 0
F46 0
F46_1 0
F46_2 0
F46_3 0
N£m 0
;

param l :=
N0 240
C1 119
C2 186
C3 136
C4 97
C5 96
C6 173
C7 178
C8 141
C9 158
C10 86
C11 165
C12 190
C13 132
C14 140
C15 87
C16 128
C17 131
C18 130
C19 141
C20 200
C21 132
C22 161
C23 87
C24 167
C25 93
F26 240
F26_1 240
F26_2 240
F26_3 240
F27 240
F27_1 240
F27_2 240
F27_3 240
F28 240
F28_1 240
F28_2 240
F28_3 240
F29 240
F29_1 240
F29_2 240
F29_3 240
F30 240
F30_1 240
F30_2 240
F30_3 240
F31 240
F31_1 240
F31_2 240
F31_3 240
F32 240
F32_1 240
F32_2 240
F32_3 240
F33 240
F33_1 240
F33_2 240
F33_3 240
F34 240
F34_1 240
F34_2 240
F34_3 240
F35 240
F35_1 240
F35_2 240
F35_3 240
F36 240
F36_1 240
F36_2 240
F36_3 240
F37 240
F37_1 240
F37_2 240
F37_3 240
F38 240
F38_1 240
F38_2 240
F38_3 240
F39 240
F39_1 240
F39_2 240
F39_3 240
F40 240
F40_1 240
F40_2 240
F40_3 240
F41 240
F41_1 240
F41_2 240
F41_3 240
F42 240
F42_1 240
F42_2 240
F42_3 240
F43 240
F43_1 240
F43_2 240
F43_3 240
F44 240
F44_1 240
F44_2 240
F44_3 240
F45 240
F45_1 240
F45_2 240
F45_3 240
F46 240
F46_1 240
F46_2 240
F46_3 240
N£m 240
;

param s :=
N0 0
C1 10
C2 10
C3 10
C4 10
C5 10
C6 10
C7 10
C8 10
C9 10
C10 10
C11 10
C12 10
C13 10
C14 10
C15 10
C16 10
C17 10
C18 10
C19 10
C20 10
C21 10
C22 10
C23 10
C24 10
C25 10
F26 0
F26_1 0
F26_2 0
F26_3 0
F27 0
F27_1 0
F27_2 0
F27_3 0
F28 0
F28_1 0
F28_2 0
F28_3 0
F29 0
F29_1 0
F29_2 0
F29_3 0
F30 0
F30_1 0
F30_2 0
F30_3 0
F31 0
F31_1 0
F31_2 0
F31_3 0
F32 0
F32_1 0
F32_2 0
F32_3 0
F33 0
F33_1 0
F33_2 0
F33_3 0
F34 0
F34_1 0
F34_2 0
F34_3 0
F35 0
F35_1 0
F35_2 0
F35_3 0
F36 0
F36_1 0
F36_2 0
F36_3 0
F37 0
F37_1 0
F37_2 0
F37_3 0
F38 0
F38_1 0
F38_2 0
F38_3 0
F39 0
F39_1 0
F39_2 0
F39_3 0
F40 0
F40_1 0
F40_2 0
F40_3 0
F41 0
F41_1 0
F41_2 0
F41_3 0
F42 0
F42_1 0
F42_2 0
F42_3 0
F43 0
F43_1 0
F43_2 0
F43_3 0
F44 0
F44_1 0
F44_2 0
F44_3 0
F45 0
F45_1 0
F45_2 0
F45_3 0
F46 0
F46_1 0
F46_2 0
F46_3 0
N£m 0
;

param d : N0 C1 C2 C3 C4 C5 C6 C7 C8 C9 C10 C11 C12 C13 C14 C15 C16 C17 C18 C19 C20 C21 C22 C23 C24 C25 F26 F26_1 F26_2 F26_3 F27 F27_1 F27_2 F27_3 F28 F28_1 F28_2 F28_3 F29 F29_1 F29_2 F29_3 F30 F30_1 F30_2 F30_3 F31 F31_1 F31_2 F31_3 F32 F32_1 F32_2 F32_3 F33 F33_1 F33_2 F33_3 F34 F34_1 F34_2 F34_3 F35 F35_1 F35_2 F35_3 F36 F36_1 F36_2 F36_3 F37 F37_1 F37_2 F37_3 F38 F38_1 F38_2 F38_3 F39 F39_1 F39_2 F39_3 F40 F40_1 F40_2 F40_3 F41 F41_1 F41_2 F41_3 F42 F42_1 F42_2 F42_3 F43 F43_1 F43_2 F43_3 F44 F44_1 F44_2 F44_3 F45 F45_1 F45_2 F45_3 F46 F46_1 F46_2 F46_3 N£m  :=
N0 0.0000 52.0000 36.0555 20.0000 37.7359 36.0555 38.0789 13.0384 26.9258 37.2022 9.2195 48.1664 38.0789 35.4683 33.3017 14.7648 33.5410 12.0416 40.3113 27.0185 26.9258 32.2025 35.3412 27.4591 35.0571 33.5410 0.0000 0.0000 0.0000 0.0000 33.0606 33.0606 33.0606 33.0606 50.2494 50.2494 50.2494 50.2494 32.6497 32.6497 32.6497 32.6497 48.6004 48.6004 48.6004 48.6004 31.0483 31.0483 31.0483 31.0483 46.0109 46.0109 46.0109 46.0109 34.4819 34.4819 34.4819 34.4819 48.8365 48.8365 48.8365 48.8365 23.4094 23.4094 23.4094 23.4094 39.4588 39.4588 39.4588 39.4588 33.0151 33.0151 33.0151 33.0151 46.5725 46.5725 46.5725 46.5725 19.1050 19.1050 19.1050 19.1050 38.8973 38.8973 38.8973 38.8973 19.0263 19.0263 19.0263 19.0263 39.8121 39.8121 39.8121 39.8121 38.0789 38.0789 38.0789 38.0789 42.6380 42.6380 42.6380 42.6380 38.4708 38.4708 38.4708 38.4708 50.3587 50.3587 50.3587 50.3587 0.0000
C1 52.0000 0.0000 84.4038 70.8802 85.6037 57.3062 64.1405 47.5184 58.2151 86.0233 61.0983 84.8528 83.6301 25.9615 83.2166 62.3699 34.4819 48.0104 61.7171 31.0161 78.9240 67.2681 16.7631 43.0116 48.3839 59.9083 52.0000 52.0000 52.0000 52.0000 26.6271 26.6271 26.6271 26.6271 25.0799 25.0799 25.0799 25.0799 59.0762 59.0762 59.0762 59.0762 61.9839 61.9839 61.9839 61.9839 75.0733 75.0733 75.0733 75.0733 82.2010 82.2010 82.2010 82.2010 82.0061 82.0061 82.0061 82.0061 99.3227 99.3227 99.3227 99.3227 75.3923 75.3923 75.3923 75.3923 90.8020 90.8020 90.8020 90.8020 75.0067 75.0067 75.0067 75.0067 93.3435 93.3435 93.3435 93.3435 62.3939 62.3939 62.3939 62.3939 62.3618 62.3618 62.3618 62.3618 49.0102 49.0102 49.0102 49.0102 44.2832 44.2832 44.2832 44.2832 31.7805 31.7805 31.7805 31.7805 16.5529 16.5529 16.5529 16.5529 14.1421 14.1421 14.1421 14.1421 14.1421 14.1421 14.1421 14.1421 52.0000
C2 36.0555 84.4038 0.0000 30.0000 2.0000 40.0000 35.3553 47.8539 55.9017 2.0000 30.0832 64.0312 7.0711 71.4003 5.3852 37.6563 69.4622 36.4005 40.3113 63.0079 20.6155 56.0089 68.7677 45.5412 68.6222 35.0000 36.0555 36.0555 36.0555 36.0555 59.9416 59.9416 59.9416 59.9416 74.3303 74.3303 74.3303 74.3303 35.0143 35.0143 35.0143 35.0143 49.8197 49.8197 49.8197 49.8197 12.0000 12.0000 12.0000 12.0000 24.8395 24.8395 24.8395 24.8395 3.0000 3.0000 3.0000 3.0000 16.2788 16.2788 16.2788 16.2788 22.0907 22.0907 22.0907 22.0907 30.6105 30.6105 30.6105 30.6105 49.4975 49.4975 49.4975 49.4975 48.8774 48.8774 48.8774 48.8774 43.4166 43.4166 43.4166 43.4166 67.4759 67.4759 67.4759 67.4759 52.5547 52.5547 52.5547 52.5547 74.4648 74.4648 74.4648 74.4648 74.0945 74.0945 74.0945 74.0945 77.8332 77.8332 77.8332 77.8332 72.2496 72.2496 72.2496 72.2496 78.7147 78.7147 78.7147 78.7147 36.0555
C3 20.0000 70.8802 30.0000 0.0000 32.0000 50.0000 49.4975 24.6982 26.9258 30.0666 11.1803 35.7771 35.3553 50.7740 25.0799 9.8995 46.0977 30.0832 53.1507 42.5441 11.1803 26.0192 54.1202 45.5412 41.3401 46.0977 20.0000 20.0000 20.0000 20.0000 53.0377 53.0377 53.0377 53.0377 70.1783 70.1783 70.1783 70.1783 45.4533 45.4533 45.4533 45.4533 62.6259 62.6259 62.6259 62.6259 32.3110 32.3110 32.3110 32.3110 49.7695 49.7695 49.7695 49.7695 30.1496 30.1496 30.1496 30.1496 36.6742 36.6742 36.6742 36.6742 8.2462 8.2462 8.2462 8.2462 19.9249 19.9249 19.9249 19.9249 20.2485 20.2485 20.2485 20.2485 27.7308 27.7308 27.7308 27.7308 14.3178 14.3178 14.3178 14.3178 37.8550 37.8550 37.8550 37.8550 26.8701 26.8701 26.8701 26.8701 48.0104 48.0104 48.0104 48.0104 51.0882 51.0882 51.0882 51.0882 59.4811 59.4811 59.4811 59.4811 56.9210 56.9210 56.9210 56.9210 70.2567 70.2567 70.2567 70.2567 20.0000
C4 37.7359 85.6037 2.0000 32.0000 0.0000 40.0500 35.1283 49.6588 57.8705 2.8284 31.9531 65.9697 5.8310 73.0068 7.2801 39.6232 71.1969 37.6431 40.1123 64.6375 22.5610 58.0086 70.0928 46.2385 70.5195 35.0571 37.7359 37.7359 37.7359 37.7359 60.9016 60.9016 60.9016 60.9016 75.0267 75.0267 75.0267 75.0267 35.1283 35.1283 35.1283 35.1283 49.4975 49.4975 49.4975 49.4975 12.1655 12.1655 12.1655 12.1655 23.6008 23.6008 23.6008 23.6008 3.6056 3.6056 3.6056 3.6056 16.0312 16.0312 16.0312 16.0312 24.0832 24.0832 24.0832 24.0832 32.2025 32.2025 32.2025 32.2025 51.4782 51.4782 51.4782 51.4782 50.6063 50.6063 50.6063 50.6063 45.3982 45.3982 45.3982 45.3982 69.4622 69.4622 69.4622 69.4622 54.4243 54.4243 54.4243 54.4243 76.3217 76.3217 76.3217 76.3217 75.8024 75.8024 75.8024 75.8024 79.3095 79.3095 79.3095 79.3095 73.5935 73.5935 73.5935 73.5935 79.6492 79.6492 79.6492 79.6492 37.7359
C5 36.0555 57.3062 40.0000 50.0000 40.0500 0.0000 7.0711 47.0106 62.6498 42.0000 40.3113 83.5464 35.3553 57.0789 42.2966 49.5782 60.2080 24.5967 5.0000 51.0882 49.2443 68.2422 46.5725 15.2971 67.4463 5.0000 36.0555 36.0555 36.0555 36.0555 30.8707 30.8707 30.8707 30.8707 39.0512 39.0512 39.0512 39.0512 5.0990 5.0990 5.0990 5.0990 12.7279 12.7279 12.7279 12.7279 28.0000 28.0000 28.0000 28.0000 26.4008 26.4008 26.4008 26.4008 37.0000 37.0000 37.0000 37.0000 56.0803 56.0803 56.0803 56.0803 47.4131 47.4131 47.4131 47.4131 63.6946 63.6946 63.6946 63.6946 67.8970 67.8970 67.8970 67.8970 77.3886 77.3886 77.3886 77.3886 54.8179 54.8179 54.8179 54.8179 74.2496 74.2496 74.2496 74.2496 53.3104 53.3104 53.3104 53.3104 70.0357 70.0357 70.0357 70.0357 63.0079 63.0079 63.0079 63.0079 58.4637 58.4637 58.4637 58.4637 50.0000 50.0000 50.0000 50.0000 46.8615 46.8615 46.8615 46.8615 36.0555
C6 38.0789 64.1405 35.3553 49.4975 35.1283 7.0711 0.0000 50.0000 65.0000 37.3363 40.8044 84.2021 30.0000 62.5140 38.3275 50.4777 65.0000 27.6586 5.0000 56.0357 47.1699 69.8355 52.8110 21.5407 71.1969 5.0000 38.0789 38.0789 38.0789 38.0789 37.5899 37.5899 37.5899 37.5899 46.0977 46.0977 46.0977 46.0977 6.0000 6.0000 6.0000 6.0000 14.5602 14.5602 14.5602 14.5602 23.5372 23.5372 23.5372 23.5372 19.4165 19.4165 19.4165 19.4165 32.3883 32.3883 32.3883 32.3883 51.0392 51.0392 51.0392 51.0392 45.8039 45.8039 45.8039 45.8039 61.2944 61.2944 61.2944 61.2944 68.4105 68.4105 68.4105 68.4105 76.2168 76.2168 76.2168 76.2168 56.0803 56.0803 56.0803 56.0803 76.8960 76.8960 76.8960 76.8960 56.3205 56.3205 56.3205 56.3205 74.3303 74.3303 74.3303 74.3303 68.1175 68.1175 68.1175 68.1175 64.5600 64.5600 64.5600 64.5600 56.3028 56.3028 56.3028 56.3028 53.9073 53.9073 53.9073 53.9073 38.0789
C7 13.0384 47.5184 47.8539 24.6982 49.6588 47.0106 50.0000 0.0000 16.2788 48.7647 18.0278 41.5933 50.5964 26.0768 44.4185 15.2315 22.0227 22.4722 51.6236 17.8885 34.7131 23.8537 31.0644 35.6090 22.0227 45.2217 13.0384 13.0384 13.0384 13.0384 35.3412 35.3412 35.3412 35.3412 52.2015 52.2015 52.2015 52.2015 44.2719 44.2719 44.2719 44.2719 59.0593 59.0593 59.0593 59.0593 43.9318 43.9318 43.9318 43.9318 59.0339 59.0339 59.0339 59.0339 46.6154 46.6154 46.6154 46.6154 59.0339 59.0339 59.0339 59.0339 31.1448 31.1448 31.1448 31.1448 44.2832 44.2832 44.2832 44.2832 28.6356 28.6356 28.6356 28.6356 46.0109 46.0109 46.0109 46.0109 15.0000 15.0000 15.0000 15.0000 27.2947 27.2947 27.2947 27.2947 6.3246 6.3246 6.3246 6.3246 26.9258 26.9258 26.9258 26.9258 26.9072 26.9072 26.9072 26.9072 34.9285 34.9285 34.9285 34.9285 33.3766 33.3766 33.3766 33.3766 49.4975 49.4975 49.4975 49.4975 13.0384
C8 26.9258 58.2151 55.9017 26.9258 57.8705 62.6498 65.0000 16.2788 0.0000 56.2939 27.0185 26.9258 60.2080 33.0606 51.4198 18.2483 25.4951 38.0789 67.0820 27.2947 38.0789 9.0554 43.1741 51.8556 15.6205 60.4152 26.9258 26.9258 26.9258 26.9258 50.7740 50.7740 50.7740 50.7740 67.0820 67.0820 67.0820 67.0820 59.5063 59.5063 59.5063 59.5063 74.9466 74.9466 74.9466 74.9466 55.0364 55.0364 55.0364 55.0364 71.5681 71.5681 71.5681 71.5681 55.4437 55.4437 55.4437 55.4437 63.5610 63.5610 63.5610 63.5610 35.1141 35.1141 35.1141 35.1141 42.4500 42.4500 42.4500 42.4500 18.0278 18.0278 18.0278 18.0278 37.3363 37.3363 37.3363 37.3363 12.6491 12.6491 12.6491 12.6491 12.1655 12.1655 12.1655 12.1655 10.8167 10.8167 10.8167 10.8167 22.8035 22.8035 22.8035 22.8035 30.0832 30.0832 30.0832 30.0832 43.0465 43.0465 43.0465 43.0465 44.5533 44.5533 44.5533 44.5533 62.9365 62.9365 62.9365 62.9365 26.9258
C9 37.2022 86.0233 2.0000 30.0666 2.8284 42.0000 37.3363 48.7647 56.2939 0.0000 30.8707 63.5610 8.6023 72.6223 5.0000 38.0789 70.4911 38.0132 42.2966 64.2028 20.2237 56.0803 70.2922 47.4342 69.2892 37.0000 37.2022 37.2022 37.2022 37.2022 61.7171 61.7171 61.7171 61.7171 76.2168 76.2168 76.2168 76.2168 37.0135 37.0135 37.0135 37.0135 51.7880 51.7880 51.7880 51.7880 14.0000 14.0000 14.0000 14.0000 26.4008 26.4008 26.4008 26.4008 5.0000 5.0000 5.0000 5.0000 14.3178 14.3178 14.3178 14.3178 22.0000 22.0000 22.0000 22.0000 29.4109 29.4109 29.4109 29.4109 49.2544 49.2544 49.2544 49.2544 47.8853 47.8853 47.8853 47.8853 43.7379 43.7379 43.7379 43.7379 67.7422 67.7422 67.7422 67.7422 53.3104 53.3104 53.3104 53.3104 75.2396 75.2396 75.2396 75.2396 75.1665 75.1665 75.1665 75.1665 79.2086 79.2086 79.2086 79.2086 73.7564 73.7564 73.7564 73.7564 80.4984 80.4984 80.4984 80.4984 37.2022
C10 9.2195 61.0983 30.0832 11.1803 31.9531 40.3113 40.8044 18.0278 27.0185 30.8707 0.0000 43.4166 33.5410 43.1856 26.4197 9.8489 40.0000 18.9737 43.9318 34.7131 17.8885 29.7321 44.3847 34.5398 38.6005 36.8782 9.2195 9.2195 9.2195 9.2195 42.0000 42.0000 42.0000 42.0000 59.0762 59.0762 59.0762 59.0762 36.1248 36.1248 36.1248 36.1248 53.0377 53.0377 53.0377 53.0377 28.0179 28.0179 28.0179 28.0179 44.7214 44.7214 44.7214 44.7214 29.1204 29.1204 29.1204 29.1204 41.1096 41.1096 41.1096 41.1096 14.3178 14.3178 14.3178 14.3178 30.2655 30.2655 30.2655 30.2655 27.6586 27.6586 27.6586 27.6586 38.6264 38.6264 38.6264 38.6264 15.8114 15.8114 15.8114 15.8114 39.1152 39.1152 39.1152 39.1152 22.4722 22.4722 22.4722 22.4722 44.3847 44.3847 44.3847 44.3847 44.8219 44.8219 44.8219 44.8219 51.0392 51.0392 51.0392 51.0392 47.4236 47.4236 47.4236 47.4236 59.5399 59.5399 59.5399 59.5399 9.2195
C11 48.1664 84.8528 64.0312 35.7771 65.9697 83.5464 84.2021 41.5933 26.9258 63.5610 43.4166 0.0000 70.2140 59.2115 58.6941 33.9706 51.0392 60.2080 87.3212 54.1295 43.4166 18.0278 70.0928 75.4321 38.1182 80.2808 48.1664 48.1664 48.1664 48.1664 76.9220 76.9220 76.9220 76.9220 93.6216 93.6216 93.6216 93.6216 79.5110 79.5110 79.5110 79.5110 96.2601 96.2601 96.2601 96.2601 68.0294 68.0294 68.0294 68.0294 85.4927 85.4927 85.4927 85.4927 64.8460 64.8460 64.8460 64.8460 65.0000 65.0000 65.0000 65.0000 42.3792 42.3792 42.3792 42.3792 38.1182 38.1182 38.1182 38.1182 15.8114 15.8114 15.8114 15.8114 21.9317 21.9317 21.9317 21.9317 29.0689 29.0689 29.0689 29.0689 24.5153 24.5153 24.5153 24.5153 37.3363 37.3363 37.3363 37.3363 44.5533 44.5533 44.5533 44.5533 55.0091 55.0091 55.0091 55.0091 69.1809 69.1809 69.1809 69.1809 71.3863 71.3863 71.3863 71.3863 89.8443 89.8443 89.8443 89.8443 48.1664
C12 38.0789 83.6301 7.0711 35.3553 5.8310 35.3553 30.0000 50.5964 60.2080 8.6023 33.5410 70.2140 0.0000 72.7186 12.2066 42.0476 71.5891 36.1248 35.0000 64.4981 26.9258 61.1310 68.6222 42.9418 72.0347 30.4138 38.0789 38.0789 38.0789 38.0789 58.2495 58.2495 58.2495 58.2495 71.5891 71.5891 71.5891 71.5891 30.5941 30.5941 30.5941 30.5941 44.1814 44.1814 44.1814 44.1814 8.6023 8.6023 8.6023 8.6023 17.8045 17.8045 17.8045 17.8045 5.3852 5.3852 5.3852 5.3852 21.0950 21.0950 21.0950 21.0950 27.8927 27.8927 27.8927 27.8927 37.6431 37.6431 37.6431 37.6431 55.3173 55.3173 55.3173 55.3173 55.7584 55.7584 55.7584 55.7584 48.0104 48.0104 48.0104 48.0104 72.0625 72.0625 72.0625 72.0625 55.7853 55.7853 55.7853 55.7853 77.4919 77.4919 77.4919 77.4919 76.0263 76.0263 76.0263 76.0263 78.4092 78.4092 78.4092 78.4092 72.1803 72.1803 72.1803 72.1803 76.8505 76.8505 76.8505 76.8505 38.0789
C13 35.4683 25.9615 71.4003 50.7740 73.0068 57.0789 62.5140 26.0768 33.0606 72.6223 43.1856 59.2115 72.7186 0.0000 68.7677 41.1825 8.5440 37.6962 62.0725 8.4853 60.6053 42.0119 15.0000 42.0000 22.4722 57.5587 35.4683 35.4683 35.4683 35.4683 30.6757 30.6757 30.6757 30.6757 41.8688 41.8688 41.8688 41.8688 56.5685 56.5685 56.5685 56.5685 66.2722 66.2722 66.2722 66.2722 64.8845 64.8845 64.8845 64.8845 76.8440 76.8440 76.8440 76.8440 69.6348 69.6348 69.6348 69.6348 84.1487 84.1487 84.1487 84.1487 57.0088 57.0088 57.0088 57.0088 70.2353 70.2353 70.2353 70.2353 50.6360 50.6360 50.6360 50.6360 69.6348 69.6348 69.6348 69.6348 39.5601 39.5601 39.5601 39.5601 36.4005 36.4005 36.4005 36.4005 25.2982 25.2982 25.2982 25.2982 19.2094 19.2094 19.2094 19.2094 7.2111 7.2111 7.2111 7.2111 10.0000 10.0000 10.0000 10.0000 14.2127 14.2127 14.2127 14.2127 34.2053 34.2053 34.2053 34.2053 35.4683
C14 33.3017 83.2166 5.3852 25.0799 7.2801 42.2966 38.3275 44.4185 51.4198 5.0000 26.4197 58.6941 12.2066 68.7677 0.0000 33.2415 66.2873 35.3553 43.1741 60.3075 15.2971 51.0882 67.2012 46.0977 64.6220 37.3363 33.3017 33.3017 33.3017 33.3017 59.6154 59.6154 59.6154 59.6154 74.7262 74.7262 74.7262 74.7262 37.2156 37.2156 37.2156 37.2156 52.8867 52.8867 52.8867 52.8867 14.8661 14.8661 14.8661 14.8661 29.6985 29.6985 29.6985 29.6985 7.0711 7.0711 7.0711 7.0711 16.1245 16.1245 16.1245 16.1245 17.0000 17.0000 17.0000 17.0000 25.4951 25.4951 25.4951 25.4951 44.2832 44.2832 44.2832 44.2832 43.5660 43.5660 43.5660 43.5660 38.8330 38.8330 38.8330 38.8330 62.8013 62.8013 62.8013 62.8013 48.7545 48.7545 48.7545 48.7545 70.6824 70.6824 70.6824 70.6824 71.0282 71.0282 71.0282 71.0282 75.6902 75.6902 75.6902 75.6902 70.6045 70.6045 70.6045 70.6045 78.3901 78.3901 78.3901 78.3901 33.3017
C15 14.7648 62.3699 37.6563 9.8995 39.6232 49.5782 50.4777 15.2315 18.2483 38.0789 9.8489 33.9706 42.0476 41.1825 33.2415 0.0000 36.2353 26.6271 53.4135 33.1059 20.8087 19.9249 45.7056 42.1900 31.7648 46.4004 14.7648 14.7648 14.7648 14.7648 46.8722 46.8722 46.8722 46.8722 64.1327 64.1327 64.1327 64.1327 45.6070 45.6070 45.6070 45.6070 62.2896 62.2896 62.2896 62.2896 37.3363 37.3363 37.3363 37.3363 54.3415 54.3415 54.3415 54.3415 37.2156 37.2156 37.2156 37.2156 46.1411 46.1411 46.1411 46.1411 17.4929 17.4929 17.4929 17.4929 29.0689 29.0689 29.0689 29.0689 18.4391 18.4391 18.4391 18.4391 32.3883 32.3883 32.3883 32.3883 6.0828 6.0828 6.0828 6.0828 30.0167 30.0167 30.0167 30.0167 16.9706 16.9706 16.9706 16.9706 38.2753 38.2753 38.2753 38.2753 41.2311 41.2311 41.2311 41.2311 50.1597 50.1597 50.1597 50.1597 48.2701 48.2701 48.2701 48.2701 63.0079 63.0079 63.0079 63.0079 14.7648
C16 33.5410 34.4819 69.4622 46.0977 71.1969 60.2080 65.0000 22.0227 25.4951 70.4911 40.0000 51.0392 71.5891 8.5440 66.2873 36.2353 0.0000 38.4708 65.1920 9.2195 56.5685 34.2345 22.6716 45.7056 13.9284 60.0000 33.5410 33.5410 33.5410 33.5410 36.7151 36.7151 36.7151 36.7151 49.4975 49.4975 49.4975 49.4975 59.0000 59.0000 59.0000 59.0000 70.4060 70.4060 70.4060 70.4060 64.2573 64.2573 64.2573 64.2573 77.6660 77.6660 77.6660 77.6660 68.0000 68.0000 68.0000 68.0000 81.0555 81.0555 81.0555 81.0555 53.0377 53.0377 53.0377 53.0377 64.8999 64.8999 64.8999 64.8999 43.4166 43.4166 43.4166 43.4166 62.6418 62.6418 62.6418 62.6418 33.6155 33.6155 33.6155 33.6155 27.8927 27.8927 27.8927 27.8927 19.4165 19.4165 19.4165 19.4165 11.4018 11.4018 11.4018 11.4018 5.0000 5.0000 5.0000 5.0000 18.2483 18.2483 18.2483 18.2483 22.4722 22.4722 22.4722 22.4722 42.4382 42.4382 42.4382 42.4382 33.5410
C17 12.0416 48.0104 36.4005 30.0832 37.6431 24.5967 27.6586 22.4722 38.0789 38.0132 18.9737 60.2080 36.1248 37.6962 35.3553 26.6271 38.4708 0.0000 29.1548 30.0832 34.0588 44.0454 32.5269 15.6525 43.5660 22.8035 12.0416 12.0416 12.0416 12.0416 24.7386 24.7386 24.7386 24.7386 41.1096 41.1096 41.1096 41.1096 21.8403 21.8403 21.8403 21.8403 36.8917 36.8917 36.8917 36.8917 27.8029 27.8029 27.8029 27.8029 39.2938 39.2938 39.2938 39.2938 34.0588 34.0588 34.0588 34.0588 51.4782 51.4782 51.4782 51.4782 31.0000 31.0000 31.0000 31.0000 48.0416 48.0416 48.0416 48.0416 45.0000 45.0000 45.0000 45.0000 57.5847 57.5847 57.5847 57.5847 31.1448 31.1448 31.1448 31.1448 49.6588 49.6588 49.6588 49.6588 28.7924 28.7924 28.7924 28.7924 47.0106 47.0106 47.0106 47.0106 42.2019 42.2019 42.2019 42.2019 42.4382 42.4382 42.4382 42.4382 36.0694 36.0694 36.0694 36.0694 43.3244 43.3244 43.3244 43.3244 12.0416
C18 40.3113 61.7171 40.3113 53.1507 40.1123 5.0000 5.0000 51.6236 67.0820 42.2966 43.9318 87.3212 35.0000 62.0725 43.1741 53.4135 65.1920 29.1548 0.0000 56.0803 51.4782 72.4017 51.4198 20.2237 72.2772 7.0711 40.3113 40.3113 40.3113 40.3113 35.4683 35.4683 35.4683 35.4683 42.4264 42.4264 42.4264 42.4264 7.8102 7.8102 7.8102 7.8102 9.8489 9.8489 9.8489 9.8489 28.4429 28.4429 28.4429 28.4429 23.7065 23.7065 23.7065 23.7065 37.3363 37.3363 37.3363 37.3363 56.0357 56.0357 56.0357 56.0357 49.9300 49.9300 49.9300 49.9300 65.7419 65.7419 65.7419 65.7419 71.5891 71.5891 71.5891 71.5891 80.2122 80.2122 80.2122 80.2122 58.8218 58.8218 58.8218 58.8218 78.7909 78.7909 78.7909 78.7909 57.9396 57.9396 57.9396 57.9396 74.9667 74.9667 74.9667 74.9667 68.0074 68.0074 68.0074 68.0074 63.3482 63.3482 63.3482 63.3482 54.8179 54.8179 54.8179 54.8179 50.8035 50.8035 50.8035 50.8035 40.3113
C19 27.0185 31.0161 63.0079 42.5441 64.6375 51.0882 56.0357 17.8885 27.2947 64.2028 34.7131 54.1295 64.4981 8.4853 60.3075 33.1059 9.2195 30.0832 56.0803 0.0000 52.2015 36.3456 16.1555 36.4966 20.5183 51.0392 27.0185 27.0185 27.0185 27.0185 28.0179 28.0179 28.0179 28.0179 42.0119 42.0119 42.0119 42.0119 50.0400 50.0400 50.0400 50.0400 61.1882 61.1882 61.1882 61.1882 56.7979 56.7979 56.7979 56.7979 69.3758 69.3758 69.3758 69.3758 61.2944 61.2944 61.2944 61.2944 75.6637 75.6637 75.6637 75.6637 48.6004 48.6004 48.6004 48.6004 62.1691 62.1691 62.1691 62.1691 44.0454 44.0454 44.0454 44.0454 62.6498 62.6498 62.6498 62.6498 32.0156 32.0156 32.0156 32.0156 33.1210 33.1210 33.1210 33.1210 18.1108 18.1108 18.1108 18.1108 20.1246 20.1246 20.1246 20.1246 12.1655 12.1655 12.1655 12.1655 17.0880 17.0880 17.0880 17.0880 17.2627 17.2627 17.2627 17.2627 36.2491 36.2491 36.2491 36.2491 27.0185
C20 26.9258 78.9240 20.6155 11.1803 22.5610 49.2443 47.1699 34.7131 38.0789 20.2237 17.8885 43.4166 26.9258 60.6053 15.2971 20.8087 56.5685 34.0588 51.4782 52.2015 0.0000 36.4966 62.2415 48.2597 52.4786 44.7214 26.9258 26.9258 26.9258 26.9258 58.5491 58.5491 58.5491 58.5491 75.1665 75.1665 75.1665 75.1665 44.2832 44.2832 44.2832 44.2832 61.2944 61.2944 61.2944 61.2944 26.2488 26.2488 26.2488 26.2488 43.2666 43.2666 43.2666 43.2666 21.5407 21.5407 21.5407 21.5407 25.4951 25.4951 25.4951 25.4951 3.6056 3.6056 3.6056 3.6056 14.5602 14.5602 14.5602 14.5602 29.0689 29.0689 29.0689 29.0689 29.7321 29.7321 29.7321 29.7321 25.4951 25.4951 25.4951 25.4951 48.7647 48.7647 48.7647 48.7647 37.6431 37.6431 37.6431 37.6431 59.0762 59.0762 59.0762 59.0762 61.5224 61.5224 61.5224 61.5224 68.7968 68.7968 68.7968 68.7968 65.3070 65.3070 65.3070 65.3070 76.6877 76.6877 76.6877 76.6877 26.9258
C21 32.2025 67.2681 56.0089 26.0192 58.0086 68.2422 69.8355 23.8537 9.0554 56.0803 29.7321 18.0278 61.1310 42.0119 51.0882 19.9249 34.2345 44.0454 72.4017 36.3456 36.4966 0.0000 52.1728 58.6941 22.8473 65.5134 32.2025 32.2025 32.2025 32.2025 59.0593 59.0593 59.0593 59.0593 75.6439 75.6439 75.6439 75.6439 64.6607 64.6607 64.6607 64.6607 80.8022 80.8022 80.8022 80.8022 57.0701 57.0701 57.0701 57.0701 74.2159 74.2159 74.2159 74.2159 56.0357 56.0357 56.0357 56.0357 61.4003 61.4003 61.4003 61.4003 34.1321 34.1321 34.1321 34.1321 37.7359 37.7359 37.7359 37.7359 10.6301 10.6301 10.6301 10.6301 29.5296 29.5296 29.5296 29.5296 13.9284 13.9284 13.9284 13.9284 13.0384 13.0384 13.0384 13.0384 19.3132 19.3132 19.3132 19.3132 29.9666 29.9666 29.9666 29.9666 38.6394 38.6394 38.6394 38.6394 52.0096 52.0096 52.0096 52.0096 53.6004 53.6004 53.6004 53.6004 71.8401 71.8401 71.8401 71.8401 32.2025
C22 35.3412 16.7631 68.7677 54.1202 70.0928 46.5725 52.8110 31.0644 43.1741 70.2922 44.3847 70.0928 68.6222 15.0000 67.2012 45.7056 22.6716 32.5269 51.4198 16.1555 62.2415 52.1728 0.0000 31.3209 36.0555 48.1041 35.3412 35.3412 35.3412 35.3412 17.0294 17.0294 17.0294 17.0294 26.9072 26.9072 26.9072 26.9072 47.1699 47.1699 47.1699 47.1699 54.0833 54.0833 54.0833 54.0833 60.2080 60.2080 60.2080 60.2080 69.3542 69.3542 69.3542 69.3542 66.5282 66.5282 66.5282 66.5282 83.2346 83.2346 83.2346 83.2346 58.6941 58.6941 58.6941 58.6941 74.0405 74.0405 74.0405 74.0405 59.1354 59.1354 59.1354 59.1354 77.0584 77.0584 77.0584 77.0584 46.0435 46.0435 46.0435 46.0435 49.1935 49.1935 49.1935 49.1935 33.2415 33.2415 33.2415 33.2415 33.9411 33.9411 33.9411 33.9411 22.2036 22.2036 22.2036 22.2036 12.0416 12.0416 12.0416 12.0416 3.6056 3.6056 3.6056 3.6056 20.1246 20.1246 20.1246 20.1246 35.3412
C23 27.4591 43.0116 45.5412 45.5412 46.2385 15.2971 21.5407 35.6090 51.8556 47.4342 34.5398 75.4321 42.9418 42.0000 46.0977 42.1900 45.7056 15.6525 20.2237 36.4966 48.2597 58.6941 31.3209 0.0000 54.2310 17.0000 27.4591 27.4591 27.4591 27.4591 16.4012 16.4012 16.4012 16.4012 28.7924 28.7924 28.7924 28.7924 16.1245 16.1245 16.1245 16.1245 24.7386 24.7386 24.7386 24.7386 34.4384 34.4384 34.4384 34.4384 39.2046 39.2046 39.2046 39.2046 42.7200 42.7200 42.7200 42.7200 61.6847 61.6847 61.6847 61.6847 45.5412 45.5412 45.5412 45.5412 62.6498 62.6498 62.6498 62.6498 60.4649 60.4649 60.4649 60.4649 73.1642 73.1642 73.1642 73.1642 46.4004 46.4004 46.4004 46.4004 62.6817 62.6817 62.6817 62.6817 41.6173 41.6173 41.6173 41.6173 56.0446 56.0446 56.0446 56.0446 48.1664 48.1664 48.1664 48.1664 43.1741 43.1741 43.1741 43.1741 34.7851 34.7851 34.7851 34.7851 34.2053 34.2053 34.2053 34.2053 27.4591
C24 35.0571 48.3839 68.6222 41.3401 70.5195 67.4463 71.1969 22.0227 15.6205 69.2892 38.6005 38.1182 72.0347 22.4722 64.6220 31.7648 13.9284 43.5660 72.2772 20.5183 52.4786 22.8473 36.0555 54.2310 0.0000 66.2873 35.0571 35.0571 35.0571 35.0571 48.2701 48.2701 48.2701 48.2701 62.4820 62.4820 62.4820 62.4820 65.3070 65.3070 65.3070 65.3070 78.7718 78.7718 78.7718 78.7718 65.7647 65.7647 65.7647 65.7647 81.0555 81.0555 81.0555 81.0555 67.7200 67.7200 67.7200 67.7200 77.8974 77.8974 77.8974 77.8974 49.2443 49.2443 49.2443 49.2443 57.9828 57.9828 57.9828 57.9828 33.1210 33.1210 33.1210 33.1210 52.3259 52.3259 52.3259 52.3259 27.2029 27.2029 27.2029 27.2029 14.1421 14.1421 14.1421 14.1421 16.2788 16.2788 16.2788 16.2788 7.2111 7.2111 7.2111 7.2111 17.1172 17.1172 17.1172 17.1172 32.0156 32.0156 32.0156 32.0156 36.2353 36.2353 36.2353 36.2353 56.0803 56.0803 56.0803 56.0803 35.0571
C25 33.5410 59.9083 35.0000 46.0977 35.0571 5.0000 5.0000 45.2217 60.4152 37.0000 36.8782 80.2808 30.4138 57.5587 37.3363 46.4004 60.0000 22.8035 7.0711 51.0392 44.7214 65.5134 48.1041 17.0000 66.2873 0.0000 33.5410 33.5410 33.5410 33.5410 33.2866 33.2866 33.2866 33.2866 43.0116 43.0116 43.0116 43.0116 1.0000 1.0000 1.0000 1.0000 16.6433 16.6433 16.6433 16.6433 23.0000 23.0000 23.0000 23.0000 22.6274 22.6274 22.6274 22.6274 32.0000 32.0000 32.0000 32.0000 51.0882 51.0882 51.0882 51.0882 43.0465 43.0465 43.0465 43.0465 59.0931 59.0931 59.0931 59.0931 64.5368 64.5368 64.5368 64.5368 73.2393 73.2393 73.2393 73.2393 51.8652 51.8652 51.8652 51.8652 72.2357 72.2357 72.2357 72.2357 51.5461 51.5461 51.5461 51.5461 69.3542 69.3542 69.3542 69.3542 63.1269 63.1269 63.1269 63.1269 59.7746 59.7746 59.7746 59.7746 51.6236 51.6236 51.6236 51.6236 50.2096 50.2096 50.2096 50.2096 33.5410
F26 0.0000 52.0000 36.0555 20.0000 37.7359 36.0555 38.0789 13.0384 26.9258 37.2022 9.2195 48.1664 38.0789 35.4683 33.3017 14.7648 33.5410 12.0416 40.3113 27.0185 26.9258 32.2025 35.3412 27.4591 35.0571 33.5410 0.0000 0.0000 0.0000 0.0000 33.0606 33.0606 33.0606 33.0606 50.2494 50.2494 50.2494 50.2494 32.6497 32.6497 32.6497 32.6497 48.6004 48.6004 48.6004 48.6004 31.0483 31.0483 31.0483 31.0483 46.0109 46.0109 46.0109 46.0109 34.4819 34.4819 34.4819 34.4819 48.8365 48.8365 48.8365 48.8365 23.4094 23.4094 23.4094 23.4094 39.4588 39.4588 39.4588 39.4588 33.0151 33.0151 33.0151 33.0151 46.5725 46.5725 46.5725 46.5725 19.1050 19.1050 19.1050 19.1050 38.8973 38.8973 38.8973 38.8973 19.0263 19.0263 19.0263 19.0263 39.8121 39.8121 39.8121 39.8121 38.0789 38.0789 38.0789 38.0789 42.6380 42.6380 42.6380 42.6380 38.4708 38.4708 38.4708 38.4708 50.3587 50.3587 50.3587 50.3587 0.0000
F26_1 0.0000 52.0000 36.0555 20.0000 37.7359 36.0555 38.0789 13.0384 26.9258 37.2022 9.2195 48.1664 38.0789 35.4683 33.3017 14.7648 33.5410 12.0416 40.3113 27.0185 26.9258 32.2025 35.3412 27.4591 35.0571 33.5410 0.0000 0.0000 0.0000 0.0000 33.0606 33.0606 33.0606 33.0606 50.2494 50.2494 50.2494 50.2494 32.6497 32.6497 32.6497 32.6497 48.6004 48.6004 48.6004 48.6004 31.0483 31.0483 31.0483 31.0483 46.0109 46.0109 46.0109 46.0109 34.4819 34.4819 34.4819 34.4819 48.8365 48.8365 48.8365 48.8365 23.4094 23.4094 23.4094 23.4094 39.4588 39.4588 39.4588 39.4588 33.0151 33.0151 33.0151 33.0151 46.5725 46.5725 46.5725 46.5725 19.1050 19.1050 19.1050 19.1050 38.8973 38.8973 38.8973 38.8973 19.0263 19.0263 19.0263 19.0263 39.8121 39.8121 39.8121 39.8121 38.0789 38.0789 38.0789 38.0789 42.6380 42.6380 42.6380 42.6380 38.4708 38.4708 38.4708 38.4708 50.3587 50.3587 50.3587 50.3587 0.0000
F26_2 0.0000 52.0000 36.0555 20.0000 37.7359 36.0555 38.0789 13.0384 26.9258 37.2022 9.2195 48.1664 38.0789 35.4683 33.3017 14.7648 33.5410 12.0416 40.3113 27.0185 26.9258 32.2025 35.3412 27.4591 35.0571 33.5410 0.0000 0.0000 0.0000 0.0000 33.0606 33.0606 33.0606 33.0606 50.2494 50.2494 50.2494 50.2494 32.6497 32.6497 32.6497 32.6497 48.6004 48.6004 48.6004 48.6004 31.0483 31.0483 31.0483 31.0483 46.0109 46.0109 46.0109 46.0109 34.4819 34.4819 34.4819 34.4819 48.8365 48.8365 48.8365 48.8365 23.4094 23.4094 23.4094 23.4094 39.4588 39.4588 39.4588 39.4588 33.0151 33.0151 33.0151 33.0151 46.5725 46.5725 46.5725 46.5725 19.1050 19.1050 19.1050 19.1050 38.8973 38.8973 38.8973 38.8973 19.0263 19.0263 19.0263 19.0263 39.8121 39.8121 39.8121 39.8121 38.0789 38.0789 38.0789 38.0789 42.6380 42.6380 42.6380 42.6380 38.4708 38.4708 38.4708 38.4708 50.3587 50.3587 50.3587 50.3587 0.0000
F26_3 0.0000 52.0000 36.0555 20.0000 37.7359 36.0555 38.0789 13.0384 26.9258 37.2022 9.2195 48.1664 38.0789 35.4683 33.3017 14.7648 33.5410 12.0416 40.3113 27.0185 26.9258 32.2025 35.3412 27.4591 35.0571 33.5410 0.0000 0.0000 0.0000 0.0000 33.0606 33.0606 33.0606 33.0606 50.2494 50.2494 50.2494 50.2494 32.6497 32.6497 32.6497 32.6497 48.6004 48.6004 48.6004 48.6004 31.0483 31.0483 31.0483 31.0483 46.0109 46.0109 46.0109 46.0109 34.4819 34.4819 34.4819 34.4819 48.8365 48.8365 48.8365 48.8365 23.4094 23.4094 23.4094 23.4094 39.4588 39.4588 39.4588 39.4588 33.0151 33.0151 33.0151 33.0151 46.5725 46.5725 46.5725 46.5725 19.1050 19.1050 19.1050 19.1050 38.8973 38.8973 38.8973 38.8973 19.0263 19.0263 19.0263 19.0263 39.8121 39.8121 39.8121 39.8121 38.0789 38.0789 38.0789 38.0789 42.6380 42.6380 42.6380 42.6380 38.4708 38.4708 38.4708 38.4708 50.3587 50.3587 50.3587 50.3587 0.0000
F27 33.0606 26.6271 59.9416 53.0377 60.9016 30.8707 37.5899 35.3412 50.7740 61.7171 42.0000 76.9220 58.2495 30.6757 59.6154 46.8722 36.7151 24.7386 35.4683 28.0179 58.5491 59.0593 17.0294 16.4012 48.2701 33.2866 33.0606 33.0606 33.0606 33.0606 0.0000 0.0000 0.0000 0.0000 17.2627 17.2627 17.2627 17.2627 32.4500 32.4500 32.4500 32.4500 37.2156 37.2156 37.2156 37.2156 49.6488 49.6488 49.6488 49.6488 55.6058 55.6058 55.6058 55.6058 57.3062 57.3062 57.3062 57.3062 75.6439 75.6439 75.6439 75.6439 55.3263 55.3263 55.3263 55.3263 72.1110 72.1110 72.1110 72.1110 63.5689 63.5689 63.5689 63.5689 79.2465 79.2465 79.2465 79.2465 49.3356 49.3356 49.3356 49.3356 59.5483 59.5483 59.5483 59.5483 39.9625 39.9625 39.9625 39.9625 48.0208 48.0208 48.0208 48.0208 37.6962 37.6962 37.6962 37.6962 29.0000 29.0000 29.0000 29.0000 20.0250 20.0250 20.0250 20.0250 18.7883 18.7883 18.7883 18.7883 33.0606
F27_1 33.0606 26.6271 59.9416 53.0377 60.9016 30.8707 37.5899 35.3412 50.7740 61.7171 42.0000 76.9220 58.2495 30.6757 59.6154 46.8722 36.7151 24.7386 35.4683 28.0179 58.5491 59.0593 17.0294 16.4012 48.2701 33.2866 33.0606 33.0606 33.0606 33.0606 0.0000 0.0000 0.0000 0.0000 17.2627 17.2627 17.2627 17.2627 32.4500 32.4500 32.4500 32.4500 37.2156 37.2156 37.2156 37.2156 49.6488 49.6488 49.6488 49.6488 55.6058 55.6058 55.6058 55.6058 57.3062 57.3062 57.3062 57.3062 75.6439 75.6439 75.6439 75.6439 55.3263 55.3263 55.3263 55.3263 72.1110 72.1110 72.1110 72.1110 63.5689 63.5689 63.5689 63.5689 79.2465 79.2465 79.2465 79.2465 49.3356 49.3356 49.3356 49.3356 59.5483 59.5483 59.5483 59.5483 39.9625 39.9625 39.9625 39.9625 48.0208 48.0208 48.0208 48.0208 37.6962 37.6962 37.6962 37.6962 29.0000 29.0000 29.0000 29.0000 20.0250 20.0250 20.0250 20.0250 18.7883 18.7883 18.7883 18.7883 33.0606
F27_2 33.0606 26.6271 59.9416 53.0377 60.9016 30.8707 37.5899 35.3412 50.7740 61.7171 42.0000 76.9220 58.2495 30.6757 59.6154 46.8722 36.7151 24.7386 35.4683 28.0179 58.5491 59.0593 17.0294 16.4012 48.2701 33.2866 33.0606 33.0606 33.0606 33.0606 0.0000 0.0000 0.0000 0.0000 17.2627 17.2627 17.2627 17.2627 32.4500 32.4500 32.4500 32.4500 37.2156 37.2156 37.2156 37.2156 49.6488 49.6488 49.6488 49.6488 55.6058 55.6058 55.6058 55.6058 57.3062 57.3062 57.3062 57.3062 75.6439 75.6439 75.6439 75.6439 55.3263 55.3263 55.3263 55.3263 72.1110 72.1110 72.1110 72.1110 63.5689 63.5689 63.5689 63.5689 79.2465 79.2465 79.2465 79.2465 49.3356 49.3356 49.3356 49.3356 59.5483 59.5483 59.5483 59.5483 39.9625 39.9625 39.9625 39.9625 48.0208 48.0208 48.0208 48.0208 37.6962 37.6962 37.6962 37.6962 29.0000 29.0000 29.0000 29.0000 20.0250 20.0250 20.0250 20.0250 18.7883 18.7883 18.7883 18.7883 33.0606
F27_3 33.0606 26.6271 59.9416 53.0377 60.9016 30.8707 37.5899 35.3412 50.7740 61.7171 42.0000 76.9220 58.2495 30.6757 59.6154 46.8722 36.7151 24.7386 35.4683 28.0179 58.5491 59.0593 17.0294 16.4012 48.2701 33.2866 33.0606 33.0606 33.0606 33.0606 0.0000 0.0000 0.0000 0.0000 17.2627 17.2627 17.2627 17.2627 32.4500 32.4500 32.4500 32.4500 37.2156 37.2156 37.2156 37.2156 49.6488 49.6488 49.6488 49.6488 55.6058 55.6058 55.6058 55.6058 57.3062 57.3062 57.3062 57.3062 75.6439 75.6439 75.6439 75.6439 55.3263 55.3263 55.3263 55.3263 72.1110 72.1110 72.1110 72.1110 63.5689 63.5689 63.5689 63.5689 79.2465 79.2465 79.2465 79.2465 49.3356 49.3356 49.3356 49.3356 59.5483 59.5483 59.5483 59.5483 39.9625 39.9625 39.9625 39.9625 48.0208 48.0208 48.0208 48.0208 37.6962 37.6962 37.6962 37.6962 29.0000 29.0000 29.0000 29.0000 20.0250 20.0250 20.0250 20.0250 18.7883 18.7883 18.7883 18.7883 33.0606
F28 50.2494 25.0799 74.3303 70.1783 75.0267 39.0512 46.0977 52.2015 67.0820 76.2168 59.0762 93.6216 71.5891 41.8688 74.7262 64.1327 49.4975 41.1096 42.4264 42.0119 75.1665 75.6439 26.9072 28.7924 62.4820 43.0116 50.2494 50.2494 50.2494 50.2494 17.2627 17.2627 17.2627 17.2627 0.0000 0.0000 0.0000 0.0000 42.4382 42.4382 42.4382 42.4382 39.9625 39.9625 39.9625 39.9625 63.1585 63.1585 63.1585 63.1585 65.4370 65.4370 65.4370 65.4370 71.5122 71.5122 71.5122 71.5122 90.4434 90.4434 90.4434 90.4434 72.0625 72.0625 72.0625 72.0625 89.0056 89.0056 89.0056 89.0056 80.6536 80.6536 80.6536 80.6536 96.5091 96.5091 96.5091 96.5091 66.4831 66.4831 66.4831 66.4831 74.8866 74.8866 74.8866 74.8866 56.3649 56.3649 56.3649 56.3649 60.8276 60.8276 60.8276 60.8276 49.0408 49.0408 49.0408 49.0408 36.2353 36.2353 36.2353 36.2353 28.0179 28.0179 28.0179 28.0179 11.0000 11.0000 11.0000 11.0000 50.2494
F28_1 50.2494 25.0799 74.3303 70.1783 75.0267 39.0512 46.0977 52.2015 67.0820 76.2168 59.0762 93.6216 71.5891 41.8688 74.7262 64.1327 49.4975 41.1096 42.4264 42.0119 75.1665 75.6439 26.9072 28.7924 62.4820 43.0116 50.2494 50.2494 50.2494 50.2494 17.2627 17.2627 17.2627 17.2627 0.0000 0.0000 0.0000 0.0000 42.4382 42.4382 42.4382 42.4382 39.9625 39.9625 39.9625 39.9625 63.1585 63.1585 63.1585 63.1585 65.4370 65.4370 65.4370 65.4370 71.5122 71.5122 71.5122 71.5122 90.4434 90.4434 90.4434 90.4434 72.0625 72.0625 72.0625 72.0625 89.0056 89.0056 89.0056 89.0056 80.6536 80.6536 80.6536 80.6536 96.5091 96.5091 96.5091 96.5091 66.4831 66.4831 66.4831 66.4831 74.8866 74.8866 74.8866 74.8866 56.3649 56.3649 56.3649 56.3649 60.8276 60.8276 60.8276 60.8276 49.0408 49.0408 49.0408 49.0408 36.2353 36.2353 36.2353 36.2353 28.0179 28.0179 28.0179 28.0179 11.0000 11.0000 11.0000 11.0000 50.2494
F28_2 50.2494 25.0799 74.3303 70.1783 75.0267 39.0512 46.0977 52.2015 67.0820 76.2168 59.0762 93.6216 71.5891 41.8688 74.7262 64.1327 49.4975 41.1096 42.4264 42.0119 75.1665 75.6439 26.9072 28.7924 62.4820 43.0116 50.2494 50.2494 50.2494 50.2494 17.2627 17.2627 17.2627 17.2627 0.0000 0.0000 0.0000 0.0000 42.4382 42.4382 42.4382 42.4382 39.9625 39.9625 39.9625 39.9625 63.1585 63.1585 63.1585 63.1585 65.4370 65.4370 65.4370 65.4370 71.5122 71.5122 71.5122 71.5122 90.4434 90.4434 90.4434 90.4434 72.0625 72.0625 72.0625 72.0625 89.0056 89.0056 89.0056 89.0056 80.6536 80.6536 80.6536 80.6536 96.5091 96.5091 96.5091 96.5091 66.4831 66.4831 66.4831 66.4831 74.8866 74.8866 74.8866 74.8866 56.3649 56.3649 56.3649 56.3649 60.8276 60.8276 60.8276 60.8276 49.0408 49.0408 49.0408 49.0408 36.2353 36.2353 36.2353 36.2353 28.0179 28.0179 28.0179 28.0179 11.0000 11.0000 11.0000 11.0000 50.2494
F28_3 50.2494 25.0799 74.3303 70.1783 75.0267 39.0512 46.0977 52.2015 67.0820 76.2168 59.0762 93.6216 71.5891 41.8688 74.7262 64.1327 49.4975 41.1096 42.4264 42.0119 75.1665 75.6439 26.9072 28.7924 62.4820 43.0116 50.2494 50.2494 50.2494 50.2494 17.2627 17.2627 17.2627 17.2627 0.0000 0.0000 0.0000 0.0000 42.4382 42.4382 42.4382 42.4382 39.9625 39.9625 39.9625 39.9625 63.1585 63.1585 63.1585 63.1585 65.4370 65.4370 65.4370 65.4370 71.5122 71.5122 71.5122 71.5122 90.4434 90.4434 90.4434 90.4434 72.0625 72.0625 72.0625 72.0625 89.0056 89.0056 89.0056 89.0056 80.6536 80.6536 80.6536 80.6536 96.5091 96.5091 96.5091 96.5091 66.4831 66.4831 66.4831 66.4831 74.8866 74.8866 74.8866 74.8866 56.3649 56.3649 56.3649 56.3649 60.8276 60.8276 60.8276 60.8276 49.0408 49.0408 49.0408 49.0408 36.2353 36.2353 36.2353 36.2353 28.0179 28.0179 28.0179 28.0179 11.0000 11.0000 11.0000 11.0000 50.2494
F29 32.6497 59.0762 35.0143 45.4533 35.1283 5.0990 6.0000 44.2719 59.5063 37.0135 36.1248 79.5110 30.5941 56.5685 37.2156 45.6070 59.0000 21.8403 7.8102 50.0400 44.2832 64.6607 47.1699 16.1245 65.3070 1.0000 32.6497 32.6497 32.6497 32.6497 32.4500 32.4500 32.4500 32.4500 42.4382 42.4382 42.4382 42.4382 0.0000 0.0000 0.0000 0.0000 17.2047 17.2047 17.2047 17.2047 23.0217 23.0217 23.0217 23.0217 23.3452 23.3452 23.3452 23.3452 32.0156 32.0156 32.0156 32.0156 51.1566 51.1566 51.1566 51.1566 42.5441 42.5441 42.5441 42.5441 58.6941 58.6941 58.6941 58.6941 63.7809 63.7809 63.7809 63.7809 72.6705 72.6705 72.6705 72.6705 51.0392 51.0392 51.0392 51.0392 71.3092 71.3092 71.3092 71.3092 50.5964 50.5964 50.5964 50.5964 68.3593 68.3593 68.3593 68.3593 62.1289 62.1289 62.1289 62.1289 58.8218 58.8218 58.8218 58.8218 50.6952 50.6952 50.6952 50.6952 49.4975 49.4975 49.4975 49.4975 32.6497
