#definition

# set
set V := C1 C2 C3 C4 C5 C6 C7 C8 C9 C10 C11 C12 C13 C14 C15 
C16 C17 C18 C19 C20 C21 C22 C23 C24 C25 ; 	# customer set
set F := F26 F27 F28 F29 F30 
F31 F32 F33 F34 F35
F36 F37 F38 F39 F40
F41 F42 F43 F44 F45 F46
F26_1 F26_2 F26_3  
F27_1 F27_2 F27_3 
F28_1 F28_2 F28_3 
F29_1 F29_2 F29_3 
F30_1 F30_2 F30_3 
F31_1 F31_2 F31_3 
F32_1 F32_2 F32_3 
F33_1 F33_2 F33_3 
F34_1 F34_2 F34_3 
F35_1 F35_2 F35_3 
F36_1 F36_2 F36_3 
F37_1 F37_2 F37_3 
F38_1 F38_2 F38_3 
F39_1 F39_2 F39_3 
F40_1 F40_2 F40_3 
F41_1 F41_2 F41_3 
F42_1 F42_2 F42_3 
F43_1 F43_2 F43_3 
F44_1 F44_2 F44_3 
F45_1 F45_2 F45_3 
F46_1 F46_2 F46_3  ;#recharging & battery swapping station
set D0 :=N0;
set Dσ :=Nσ;


# param
param CV := 50;    		# ECV fixed cost(Topic Given)
param C := 200;   		# ECV max load
param Q := 64.06; 		# ECV/BSV battery level
param h := 1;     		# ECV consumption

param CB := 60;    		# BSV fixed cost(Topic Given)
param Qplun := 5;       # BSV max load(battery)
param hplun := 1;     	# BSV consumption
param W := 128.12;		# BSV battery level

param Cde := 1;    		# ECV cost per unit distance
param Cdb := 1;    		# BSV cost per unit distance
param lamda := 3.00;	# battery swap time
param Cb :=8 ;  	    # battery swap cost(BSS/BSV)
param n :=25;	   		# number of customers
param g := 1.41 ;     	# the recharging rate of ECV 



# customer demend
param m :=
N0 0
C1 9
C2 8
C3 1
C4 18
C5 3
C6 6
C7 3
C8 25
C9 16
C10 26
C11 16
C12 8
C13 27
C14 15
C15 1
C16 30
C17 6
C18 41
C19 9
C20 23
C21 15
C22 9
C23 36
C24 25
C25 26
F26 0
F27 0
F28 0
F29 0
F30 0
F31 0
F32 0
F33 0
F34 0
F35 0
F36 0
F37 0
F38 0
F39 0
F40 0
F41 0
F42 0
F43 0
F44 0
F45 0
F46 0
F26_1 0
F26_2 0
F26_3 0
F27_1 0
F27_2 0
F27_3 0
F28_1 0
F28_2 0
F28_3 0
F29_1 0
F29_2 0
F29_3 0
F30_1 0
F30_2 0
F30_3 0
F31_1 0
F31_2 0
F31_3 0
F32_1 0
F32_2 0
F32_3 0
F33_1 0
F33_2 0
F33_3 0
F34_1 0
F34_2 0
F34_3 0
F35_1 0
F35_2 0
F35_3 0
F36_1 0
F36_2 0
F36_3 0
F37_1 0
F37_2 0
F37_3 0
F38_1 0
F38_2 0
F38_3 0
F39_1 0
F39_2 0
F39_3 0
F40_1 0
F40_2 0
F40_3 0
F41_1 0
F41_2 0
F41_3 0
F42_1 0
F42_2 0
F42_3 0
F43_1 0
F43_2 0
F43_3 0
F44_1 0
F44_2 0
F44_3 0
F45_1 0
F45_2 0
F45_3 0
F46_1 0
F46_2 0
F46_3 0
Nσ 0;

param e :=
N0 0
C1 73
C2 0
C3 0
C4 0
C5 0
C6 40
C7 0
C8 0
C9 0
C10 0
C11 0
C12 51
C13 0
C14 0
C15 0
C16 0
C17 0
C18 0
C19 0
C20 149
C21 0
C22 0
C23 0
C24 73
C25 0
F26 0
F27 0
F28 0
F29 0
F30 0
F31 0
F32 0
F33 0
F34 0
F35 0
F36 0
F37 0
F38 0
F39 0
F40 0
F41 0
F42 0
F43 0
F44 0
F45 0
F46 0
F26_1 0
F26_2 0
F26_3 0
F27_1 0
F27_2 0
F27_3 0
F28_1 0
F28_2 0
F28_3 0
F29_1 0
F29_2 0
F29_3 0
F30_1 0
F30_2 0
F30_3 0
F31_1 0
F31_2 0
F31_3 0
F32_1 0
F32_2 0
F32_3 0
F33_1 0
F33_2 0
F33_3 0
F34_1 0
F34_2 0
F34_3 0
F35_1 0
F35_2 0
F35_3 0
F36_1 0
F36_2 0
F36_3 0
F37_1 0
F37_2 0
F37_3 0
F38_1 0
F38_2 0
F38_3 0
F39_1 0
F39_2 0
F39_3 0
F40_1 0
F40_2 0
F40_3 0
F41_1 0
F41_2 0
F41_3 0
F42_1 0
F42_2 0
F42_3 0
F43_1 0
F43_2 0
F43_3 0
F44_1 0
F44_2 0
F44_3 0
F45_1 0
F45_2 0
F45_3 0
F46_1 0
F46_2 0
F46_3 0
Nσ 0;

param l :=
N0 230
C1 103
C2 178
C3 194
C4 197
C5 190
C6 70
C7 187
C8 197
C9 194
C10 192
C11 215
C12 81
C13 185
C14 211
C15 184
C16 176
C17 190
C18 196
C19 208
C20 179
C21 180
C22 190
C23 192
C24 103
C25 199
F26 230
F27 230
F28 230
F29 230
F30 230
F31 230
F32 230
F33 230
F34 230
F35 230
F36 230
F37 230
F38 230
F39 230
F40 230
F41 230
F42 230
F43 230
F44 230
F45 230
F46 230
F26_1 230
F26_2 230
F26_3 230
F27_1 230
F27_2 230
F27_3 230
F28_1 230
F28_2 230
F28_3 230
F29_1 230
F29_2 230
F29_3 230
F30_1 230
F30_2 230
F30_3 230
F31_1 230
F31_2 230
F31_3 230
F32_1 230
F32_2 230
F32_3 230
F33_1 230
F33_2 230
F33_3 230
F34_1 230
F34_2 230
F34_3 230
F35_1 230
F35_2 230
F35_3 230
F36_1 230
F36_2 230
F36_3 230
F37_1 230
F37_2 230
F37_3 230
F38_1 230
F38_2 230
F38_3 230
F39_1 230
F39_2 230
F39_3 230
F40_1 230
F40_2 230
F40_3 230
F41_1 230
F41_2 230
F41_3 230
F42_1 230
F42_2 230
F42_3 230
F43_1 230
F43_2 230
F43_3 230
F44_1 230
F44_2 230
F44_3 230
F45_1 230
F45_2 230
F45_3 230
F46_1 230
F46_2 230
F46_3 230
Nσ 230;

param s :=
N0 0
C1 10
C2 10
C3 10
C4 10
C5 10
C6 10
C7 10
C8 10
C9 10
C10 10
C11 10
C12 10
C13 10
C14 10
C15 10
C16 10
C17 10
C18 10
C19 10
C20 10
C21 10
C22 10
C23 10
C24 10
C25 10
F26 0
F27 0
F28 0
F29 0
F30 0
F31 0
F32 0
F33 0
F34 0
F35 0
F36 0
F37 0
F38 0
F39 0
F40 0
F41 0
F42 0
F43 0
F44 0
F45 0
F46 0
F26_1 0
F26_2 0
F26_3 0
F27_1 0
F27_2 0
F27_3 0
F28_1 0
F28_2 0
F28_3 0
F29_1 0
F29_2 0
F29_3 0
F30_1 0
F30_2 0
F30_3 0
F31_1 0
F31_2 0
F31_3 0
F32_1 0
F32_2 0
F32_3 0
F33_1 0
F33_2 0
F33_3 0
F34_1 0
F34_2 0
F34_3 0
F35_1 0
F35_2 0
F35_3 0
F36_1 0
F36_2 0
F36_3 0
F37_1 0
F37_2 0
F37_3 0
F38_1 0
F38_2 0
F38_3 0
F39_1 0
F39_2 0
F39_3 0
F40_1 0
F40_2 0
F40_3 0
F41_1 0
F41_2 0
F41_3 0
F42_1 0
F42_2 0
F42_3 0
F43_1 0
F43_2 0
F43_3 0
F44_1 0
F44_2 0
F44_3 0
F45_1 0
F45_2 0
F45_3 0
F46_1 0
F46_2 0
F46_3 0
Nσ 0;

param d : N0 C1 C2 C3 C4 C5 C6 C7 C8 C9 C10 C11 C12 C13 C14 C15 C16 C17 C18 C19 C20 C21 C22 C23 C24 C25 F26 F27 F28 F29 F30 F31 F32 F33 F34 F35 F36 F37 F38 F39 F40 F41 F42 F43 F44 F45 F46 F26_1 F26_2 F26_3 F27_1 F27_2 F27_3 F28_1 F28_2 F28_3 F29_1 F29_2 F29_3 F30_1 F30_2 F30_3 F31_1 F31_2 F31_3 F32_1 F32_2 F32_3 F33_1 F33_2 F33_3 F34_1 F34_2 F34_3 F35_1 F35_2 F35_3 F36_1 F36_2 F36_3 F37_1 F37_2 F37_3 F38_1 F38_2 F38_3 F39_1 F39_2 F39_3 F40_1 F40_2 F40_3 F41_1 F41_2 F41_3 F42_1 F42_2 F42_3 F43_1 F43_2 F43_3 F44_1 F44_2 F44_3 F45_1 F45_2 F45_3 F46_1 F46_2 F46_3 Nσ :=
N0 0.0000 17.4929 41.0366 25.6125 22.8035 30.0000 12.1655 32.2490 22.4722 25.4951 27.5862 5.0000 30.4138 34.2053 9.0000 35.4683 43.9318 29.2062 23.0217 11.1803 11.1803 39.6611 29.8329 27.8029 43.8634 20.6155 0.0000 26.0768 39.2046 25.0599 37.2022 24.7386 36.0139 26.4197 38.2099 18.0278 30.2655 25.8070 36.1386 14.8661 30.3645 15.0333 30.5941 30.0167 33.4215 30.4138 39.3192 0.0000 0.0000 0.0000 26.0768 26.0768 26.0768 39.2046 39.2046 39.2046 25.0599 25.0599 25.0599 37.2022 37.2022 37.2022 24.7386 24.7386 24.7386 36.0139 36.0139 36.0139 26.4197 26.4197 26.4197 38.2099 38.2099 38.2099 18.0278 18.0278 18.0278 30.2655 30.2655 30.2655 25.8070 25.8070 25.8070 36.1386 36.1386 36.1386 14.8661 14.8661 14.8661 30.3645 30.3645 30.3645 15.0333 15.0333 15.0333 30.5941 30.5941 30.5941 30.0167 30.0167 30.0167 33.4215 33.4215 33.4215 30.4138 30.4138 30.4138 39.3192 39.3192 39.3192 0.0000
C1 17.4929 0.0000 58.0517 8.6023 37.1214 45.8912 27.0185 42.4500 28.7924 35.4401 44.8219 20.5183 23.2594 32.3110 10.8167 28.4253 44.2719 35.8469 5.6569 20.0250 10.0499 55.9732 46.8188 26.9258 51.4782 6.4031 17.4929 42.4500 55.5428 41.1096 53.7587 34.2053 47.1275 32.0624 37.3363 15.1327 19.8494 8.4853 20.0000 4.1231 20.8806 15.2315 29.6985 34.4819 42.7200 42.2966 54.1479 17.4929 17.4929 17.4929 42.4500 42.4500 42.4500 55.5428 55.5428 55.5428 41.1096 41.1096 41.1096 53.7587 53.7587 53.7587 34.2053 34.2053 34.2053 47.1275 47.1275 47.1275 32.0624 32.0624 32.0624 37.3363 37.3363 37.3363 15.1327 15.1327 15.1327 19.8494 19.8494 19.8494 8.4853 8.4853 8.4853 20.0000 20.0000 20.0000 4.1231 4.1231 4.1231 20.8806 20.8806 20.8806 15.2315 15.2315 15.2315 29.6985 29.6985 29.6985 34.4819 34.4819 34.4819 42.7200 42.7200 42.7200 42.2966 42.2966 42.2966 54.1479 54.1479 54.1479 17.4929
C2 41.0366 58.0517 0.0000 66.4831 36.4966 30.0666 31.6228 32.0624 51.5461 33.3766 13.6015 37.5366 68.4763 55.7315 47.6340 63.3246 57.0789 53.9351 63.7024 46.1411 51.8556 6.7082 23.0217 51.6624 60.1332 59.4054 41.0366 28.0713 28.2312 17.8885 6.0000 34.5254 29.6142 41.5933 56.1427 51.0000 63.5610 66.5282 74.0945 55.8659 69.6419 53.5350 63.9062 57.4891 51.0392 44.0114 36.6879 41.0366 41.0366 41.0366 28.0713 28.0713 28.0713 28.2312 28.2312 28.2312 17.8885 17.8885 17.8885 6.0000 6.0000 6.0000 34.5254 34.5254 34.5254 29.6142 29.6142 29.6142 41.5933 41.5933 41.5933 56.1427 56.1427 56.1427 51.0000 51.0000 51.0000 63.5610 63.5610 63.5610 66.5282 66.5282 66.5282 74.0945 74.0945 74.0945 55.8659 55.8659 55.8659 69.6419 69.6419 69.6419 53.5350 53.5350 53.5350 63.9062 63.9062 63.9062 57.4891 57.4891 57.4891 51.0392 51.0392 51.0392 44.0114 44.0114 44.0114 36.6879 36.6879 36.6879 41.0366
C3 25.6125 8.6023 66.4831 0.0000 43.1741 52.4976 35.6090 50.5964 32.1403 43.6578 53.1507 29.0000 20.5183 37.6563 19.4165 31.7805 49.8197 38.6394 3.1623 25.7099 16.1555 64.5368 54.1295 33.0606 53.8516 11.0000 25.6125 49.3964 62.2977 49.6790 62.2896 42.3792 55.3624 39.6232 42.7551 22.2036 22.3607 1.4142 16.5529 10.8167 17.0294 19.0263 29.5296 36.4005 46.2709 47.0425 60.0167 25.6125 25.6125 25.6125 49.3964 49.3964 49.3964 62.2977 62.2977 62.2977 49.6790 49.6790 49.6790 62.2896 62.2896 62.2896 42.3792 42.3792 42.3792 55.3624 55.3624 55.3624 39.6232 39.6232 39.6232 42.7551 42.7551 42.7551 22.2036 22.2036 22.2036 22.3607 22.3607 22.3607 1.4142 1.4142 1.4142 16.5529 16.5529 16.5529 10.8167 10.8167 10.8167 17.0294 17.0294 17.0294 19.0263 19.0263 19.0263 29.5296 29.5296 29.5296 36.4005 36.4005 36.4005 46.2709 46.2709 46.2709 47.0425 47.0425 47.0425 60.0167 60.0167 60.0167 25.6125
C4 22.8035 37.1214 36.4966 43.1741 0.0000 10.0000 26.9072 46.0435 16.4012 41.1096 25.0799 24.5967 36.1248 55.9464 31.5753 58.1893 64.2028 17.4642 41.5933 17.4642 27.2947 39.0000 14.7648 49.6488 26.0000 42.0119 22.8035 8.9443 19.7231 29.7321 36.0000 41.0366 47.8853 45.4533 59.3633 40.8044 52.9528 43.9318 57.0789 33.2415 38.6005 24.6982 28.8444 21.1896 15.5242 9.4340 17.0294 22.8035 22.8035 22.8035 8.9443 8.9443 8.9443 19.7231 19.7231 19.7231 29.7321 29.7321 29.7321 36.0000 36.0000 36.0000 41.0366 41.0366 41.0366 47.8853 47.8853 47.8853 45.4533 45.4533 45.4533 59.3633 59.3633 59.3633 40.8044 40.8044 40.8044 52.9528 52.9528 52.9528 43.9318 43.9318 43.9318 57.0789 57.0789 57.0789 33.2415 33.2415 33.2415 38.6005 38.6005 38.6005 24.6982 24.6982 24.6982 28.8444 28.8444 28.8444 21.1896 21.1896 21.1896 15.5242 15.5242 15.5242 9.4340 9.4340 9.4340 17.0294 17.0294 17.0294 22.8035
C5 30.0000 45.8912 30.0666 52.4976 10.0000 0.0000 30.4631 46.6905 26.1725 43.0116 21.4709 30.4138 46.0977 60.7454 39.0000 64.3273 67.6018 25.9422 50.6952 26.9258 36.4005 33.9559 7.0711 54.7083 30.0666 50.2494 30.0000 4.4721 9.8489 28.4253 31.0483 43.2666 47.5079 48.7647 63.5610 47.3814 60.1332 53.1601 65.6201 42.2019 48.6004 34.4384 38.4187 30.0167 21.3776 14.3178 10.2956 30.0000 30.0000 30.0000 4.4721 4.4721 4.4721 9.8489 9.8489 9.8489 28.4253 28.4253 28.4253 31.0483 31.0483 31.0483 43.2666 43.2666 43.2666 47.5079 47.5079 47.5079 48.7647 48.7647 48.7647 63.5610 63.5610 63.5610 47.3814 47.3814 47.3814 60.1332 60.1332 60.1332 53.1601 53.1601 53.1601 65.6201 65.6201 65.6201 42.2019 42.2019 42.2019 48.6004 48.6004 48.6004 34.4384 34.4384 34.4384 38.4187 38.4187 38.4187 30.0167 30.0167 30.0167 21.3776 21.3776 21.3776 14.3178 14.3178 14.3178 10.2956 10.2956 10.2956 30.0000
C6 12.1655 27.0185 31.6228 35.6090 26.9072 30.4631 0.0000 20.8806 32.5730 14.7648 19.3132 7.2801 42.5793 30.3645 16.2788 35.0143 37.4433 38.4838 32.6497 22.2036 23.0868 29.0000 27.4591 24.5153 51.6140 27.8029 12.1655 26.0000 37.8550 14.1421 26.9072 14.4222 24.1868 18.6011 33.1059 19.9249 32.9848 35.4683 42.5441 25.5539 42.4500 27.1662 42.1900 40.1622 40.8044 36.0694 40.7185 12.1655 12.1655 12.1655 26.0000 26.0000 26.0000 37.8550 37.8550 37.8550 14.1421 14.1421 14.1421 26.9072 26.9072 26.9072 14.4222 14.4222 14.4222 24.1868 24.1868 24.1868 18.6011 18.6011 18.6011 33.1059 33.1059 33.1059 19.9249 19.9249 19.9249 32.9848 32.9848 32.9848 35.4683 35.4683 35.4683 42.5441 42.5441 42.5441 25.5539 25.5539 25.5539 42.4500 42.4500 42.4500 27.1662 27.1662 27.1662 42.1900 42.1900 42.1900 40.1622 40.1622 40.1622 40.8044 40.8044 40.8044 36.0694 36.0694 36.0694 40.7185 40.7185 40.7185 12.1655
C7 32.2490 42.4500 32.0624 50.5964 46.0435 46.6905 20.8806 0.0000 53.4509 7.0711 27.2947 27.2947 62.0081 25.4951 32.3883 34.6699 25.0200 59.2368 47.4342 42.9535 42.0119 26.0192 41.4005 23.4307 71.6938 40.3113 32.2490 42.4264 51.3128 18.8680 26.0768 8.2462 5.0000 12.7279 24.7386 29.0689 38.2099 49.9800 51.4004 42.5793 61.2046 47.0956 62.8013 61.0328 60.9016 55.4707 56.7274 32.2490 32.2490 32.2490 42.4264 42.4264 42.4264 51.3128 51.3128 51.3128 18.8680 18.8680 18.8680 26.0768 26.0768 26.0768 8.2462 8.2462 8.2462 5.0000 5.0000 5.0000 12.7279 12.7279 12.7279 24.7386 24.7386 24.7386 29.0689 29.0689 29.0689 38.2099 38.2099 38.2099 49.9800 49.9800 49.9800 51.4004 51.4004 51.4004 42.5793 42.5793 42.5793 61.2046 61.2046 61.2046 47.0956 47.0956 47.0956 62.8013 62.8013 62.8013 61.0328 61.0328 61.0328 60.9016 60.9016 60.9016 55.4707 55.4707 55.4707 56.7274 56.7274 56.7274 32.2490
C8 22.4722 28.7924 51.5461 32.1403 16.4012 26.1725 32.5730 53.4509 0.0000 47.1699 38.8330 26.8328 20.2485 55.8659 28.3196 55.2178 66.2193 7.2111 31.5753 11.4018 19.2354 52.9528 31.0644 49.5177 22.8254 34.9285 22.4722 25.2389 35.4683 41.0000 50.0100 46.6154 56.5155 48.8774 60.2080 38.2884 47.8853 33.2415 48.0521 24.6982 23.2594 13.6015 12.5300 7.6158 14.1421 15.8114 30.4138 22.4722 22.4722 22.4722 25.2389 25.2389 25.2389 35.4683 35.4683 35.4683 41.0000 41.0000 41.0000 50.0100 50.0100 50.0100 46.6154 46.6154 46.6154 56.5155 56.5155 56.5155 48.8774 48.8774 48.8774 60.2080 60.2080 60.2080 38.2884 38.2884 38.2884 47.8853 47.8853 47.8853 33.2415 33.2415 33.2415 48.0521 48.0521 48.0521 24.6982 24.6982 24.6982 23.2594 23.2594 23.2594 13.6015 13.6015 13.6015 12.5300 12.5300 12.5300 7.6158 7.6158 7.6158 14.1421 14.1421 14.1421 15.8114 15.8114 15.8114 30.4138 30.4138 30.4138 22.4722
C9 25.4951 35.4401 33.3766 43.6578 41.1096 43.0116 14.7648 7.0711 47.1699 0.0000 25.7099 20.6155 55.0000 22.3607 25.3180 30.4631 25.2982 53.2259 40.4969 36.4005 35.0000 28.1603 38.4708 18.7883 66.2873 33.5410 25.4951 38.6005 48.7545 17.2627 27.4591 1.4142 11.7047 8.2462 23.0217 22.4722 32.6497 43.0813 45.3431 35.5106 54.1479 40.1995 56.0892 54.7814 55.4707 50.4480 53.2541 25.4951 25.4951 25.4951 38.6005 38.6005 38.6005 48.7545 48.7545 48.7545 17.2627 17.2627 17.2627 27.4591 27.4591 27.4591 1.4142 1.4142 1.4142 11.7047 11.7047 11.7047 8.2462 8.2462 8.2462 23.0217 23.0217 23.0217 22.4722 22.4722 22.4722 32.6497 32.6497 32.6497 43.0813 43.0813 43.0813 45.3431 45.3431 45.3431 35.5106 35.5106 35.5106 54.1479 54.1479 54.1479 40.1995 40.1995 40.1995 56.0892 56.0892 56.0892 54.7814 54.7814 54.7814 55.4707 55.4707 55.4707 50.4480 50.4480 50.4480 53.2541 53.2541 53.2541 25.4951
C10 27.5862 44.8219 13.6015 53.1507 25.0799 21.4709 19.3132 27.2947 38.8330 25.7099 0.0000 24.4131 55.0091 47.0425 34.6699 53.3385 50.9608 42.0476 50.4480 32.6497 38.2884 14.1421 15.0000 42.0476 50.4480 46.6476 27.5862 18.0278 24.2074 8.5440 11.1803 26.4764 27.0185 33.2415 48.5077 39.2173 52.2015 53.2635 61.7171 42.4500 56.0803 39.9625 50.9608 45.2769 40.4475 33.7343 30.6105 27.5862 27.5862 27.5862 18.0278 18.0278 18.0278 24.2074 24.2074 24.2074 8.5440 8.5440 8.5440 11.1803 11.1803 11.1803 26.4764 26.4764 26.4764 27.0185 27.0185 27.0185 33.2415 33.2415 33.2415 48.5077 48.5077 48.5077 39.2173 39.2173 39.2173 52.2015 52.2015 52.2015 53.2635 53.2635 53.2635 61.7171 61.7171 61.7171 42.4500 42.4500 42.4500 56.0803 56.0803 56.0803 39.9625 39.9625 39.9625 50.9608 50.9608 50.9608 45.2769 45.2769 45.2769 40.4475 40.4475 40.4475 33.7343 33.7343 33.7343 30.6105 30.6105 30.6105 27.5862
C11 5.0000 20.5183 37.5366 29.0000 24.5967 30.4138 7.2801 27.2947 26.8328 20.6155 24.4131 0.0000 35.3553 31.3847 10.2956 33.9559 40.3113 33.2866 26.1725 15.8114 15.8114 35.6090 29.0689 25.0599 47.4236 22.3607 5.0000 26.1725 39.0128 20.8087 33.3017 19.9249 31.0161 22.2036 35.0000 17.0294 30.0167 29.0000 37.6962 18.6011 35.1710 20.0250 35.5106 34.4384 36.7696 33.0151 40.2616 5.0000 5.0000 5.0000 26.1725 26.1725 26.1725 39.0128 39.0128 39.0128 20.8087 20.8087 20.8087 33.3017 33.3017 33.3017 19.9249 19.9249 19.9249 31.0161 31.0161 31.0161 22.2036 22.2036 22.2036 35.0000 35.0000 35.0000 17.0294 17.0294 17.0294 30.0167 30.0167 30.0167 29.0000 29.0000 29.0000 37.6962 37.6962 37.6962 18.6011 18.6011 18.6011 35.1710 35.1710 35.1710 20.0250 20.0250 20.0250 35.5106 35.5106 35.5106 34.4384 34.4384 34.4384 36.7696 36.7696 36.7696 33.0151 33.0151 33.0151 40.2616 40.2616 40.2616 5.0000
C12 30.4138 23.2594 68.4763 20.5183 36.1248 46.0977 42.5793 62.0081 20.2485 55.0000 55.0091 35.3553 0.0000 55.5428 30.2655 51.3128 67.4166 24.0416 22.0227 22.3607 20.0000 68.5420 50.2494 49.9800 37.0000 29.1548 30.4138 44.5533 55.6058 54.7083 65.7951 54.0093 66.1211 53.6004 60.5392 37.9473 42.2019 21.9317 36.6197 20.8806 4.1231 15.5242 11.0000 20.3961 32.2800 35.7771 50.6063 30.4138 30.4138 30.4138 44.5533 44.5533 44.5533 55.6058 55.6058 55.6058 54.7083 54.7083 54.7083 65.7951 65.7951 65.7951 54.0093 54.0093 54.0093 66.1211 66.1211 66.1211 53.6004 53.6004 53.6004 60.5392 60.5392 60.5392 37.9473 37.9473 37.9473 42.2019 42.2019 42.2019 21.9317 21.9317 21.9317 36.6197 36.6197 36.6197 20.8806 20.8806 20.8806 4.1231 4.1231 4.1231 15.5242 15.5242 15.5242 11.0000 11.0000 11.0000 20.3961 20.3961 20.3961 32.2800 32.2800 32.2800 35.7771 35.7771 35.7771 50.6063 50.6063 50.6063 30.4138
C13 34.2053 32.3110 55.7315 37.6563 55.9464 60.7454 30.3645 25.4951 55.8659 22.3607 47.0425 31.3847 55.5428 0.0000 27.6586 10.0000 12.1655 62.9365 34.9285 44.5533 38.0132 50.4480 57.7235 6.4031 77.9872 26.9258 34.2053 56.3028 68.1542 39.0128 49.8197 21.2132 30.0167 14.1421 5.0990 18.0278 17.2627 36.4966 31.0483 34.8855 53.1413 44.4072 60.7454 63.0317 67.6240 64.3506 70.9366 34.2053 34.2053 34.2053 56.3028 56.3028 56.3028 68.1542 68.1542 68.1542 39.0128 39.0128 39.0128 49.8197 49.8197 49.8197 21.2132 21.2132 21.2132 30.0167 30.0167 30.0167 14.1421 14.1421 14.1421 5.0990 5.0990 5.0990 18.0278 18.0278 18.0278 17.2627 17.2627 17.2627 36.4966 36.4966 36.4966 31.0483 31.0483 31.0483 34.8855 34.8855 34.8855 53.1413 53.1413 53.1413 44.4072 44.4072 44.4072 60.7454 60.7454 60.7454 63.0317 63.0317 63.0317 67.6240 67.6240 67.6240 64.3506 64.3506 64.3506 70.9366 70.9366 70.9366 34.2053
C14 9.0000 10.8167 47.6340 19.4165 31.5753 39.0000 16.2788 32.3883 28.3196 25.3180 34.6699 10.2956 30.2655 27.6586 0.0000 27.2947 38.5876 35.4683 16.4012 17.2047 10.7703 45.2769 38.6394 21.4009 50.8035 12.0830 9.0000 35.0571 48.1664 30.4138 43.1393 24.1868 36.8782 23.3452 32.2025 10.0000 21.3776 19.2094 27.5136 10.1980 29.0000 17.0000 33.5410 35.3836 40.8167 38.6264 48.2597 9.0000 9.0000 9.0000 35.0571 35.0571 35.0571 48.1664 48.1664 48.1664 30.4138 30.4138 30.4138 43.1393 43.1393 43.1393 24.1868 24.1868 24.1868 36.8782 36.8782 36.8782 23.3452 23.3452 23.3452 32.2025 32.2025 32.2025 10.0000 10.0000 10.0000 21.3776 21.3776 21.3776 19.2094 19.2094 19.2094 27.5136 27.5136 27.5136 10.1980 10.1980 10.1980 29.0000 29.0000 29.0000 17.0000 17.0000 17.0000 33.5410 33.5410 33.5410 35.3836 35.3836 35.3836 40.8167 40.8167 40.8167 38.6264 38.6264 38.6264 48.2597 48.2597 48.2597 9.0000
C15 35.4683 28.4253 63.3246 31.7805 58.1893 64.3273 35.0143 34.6699 55.2178 30.4631 53.3385 33.9559 51.3128 10.0000 27.2947 0.0000 20.3961 62.4260 29.5296 44.4185 36.2353 58.5235 62.2896 11.7047 77.9359 22.2036 35.4683 60.0167 72.5603 45.8912 57.5674 29.1548 39.4081 22.3607 13.9284 17.4642 9.4868 30.4631 22.0907 31.8277 48.3735 42.5206 58.0517 61.8466 68.0955 65.7951 74.2159 35.4683 35.4683 35.4683 60.0167 60.0167 60.0167 72.5603 72.5603 72.5603 45.8912 45.8912 45.8912 57.5674 57.5674 57.5674 29.1548 29.1548 29.1548 39.4081 39.4081 39.4081 22.3607 22.3607 22.3607 13.9284 13.9284 13.9284 17.4642 17.4642 17.4642 9.4868 9.4868 9.4868 30.4631 30.4631 30.4631 22.0907 22.0907 22.0907 31.8277 31.8277 31.8277 48.3735 48.3735 48.3735 42.5206 42.5206 42.5206 58.0517 58.0517 58.0517 61.8466 61.8466 61.8466 68.0955 68.0955 68.0955 65.7951 65.7951 65.7951 74.2159 74.2159 74.2159 35.4683
C16 43.9318 44.2719 57.0789 49.8197 64.2028 67.6018 37.4433 25.0200 66.2193 25.2982 50.9608 40.3113 67.4166 12.1655 38.5876 20.3961 0.0000 73.1095 47.0744 54.8179 49.2443 51.0000 63.5610 17.4642 87.6926 39.0512 43.9318 63.1348 73.9256 42.4500 51.0882 24.6982 28.1603 18.8680 7.0711 29.5466 29.0172 48.6621 42.4264 46.6154 65.1460 55.5698 72.0694 73.6003 77.0779 73.1095 77.8974 43.9318 43.9318 43.9318 63.1348 63.1348 63.1348 73.9256 73.9256 73.9256 42.4500 42.4500 42.4500 51.0882 51.0882 51.0882 24.6982 24.6982 24.6982 28.1603 28.1603 28.1603 18.8680 18.8680 18.8680 7.0711 7.0711 7.0711 29.5466 29.5466 29.5466 29.0172 29.0172 29.0172 48.6621 48.6621 48.6621 42.4264 42.4264 42.4264 46.6154 46.6154 46.6154 65.1460 65.1460 65.1460 55.5698 55.5698 55.5698 72.0694 72.0694 72.0694 73.6003 73.6003 73.6003 77.0779 77.0779 77.0779 73.1095 73.1095 73.1095 77.8974 77.8974 77.8974 43.9318
C17 29.2062 35.8469 53.9351 38.6394 17.4642 25.9422 38.4838 59.2368 7.2111 53.2259 42.0476 33.2866 24.0416 62.9365 35.4683 62.4260 73.1095 0.0000 38.3275 18.3848 26.4197 56.1427 31.9531 56.5685 15.6525 42.0476 29.2062 26.2488 34.2053 45.3982 53.1507 52.7731 61.9839 55.4707 67.2086 45.4533 55.0727 39.8121 54.8179 31.7805 27.6586 20.6155 13.8924 4.2426 8.2462 12.7279 27.6586 29.2062 29.2062 29.2062 26.2488 26.2488 26.2488 34.2053 34.2053 34.2053 45.3982 45.3982 45.3982 53.1507 53.1507 53.1507 52.7731 52.7731 52.7731 61.9839 61.9839 61.9839 55.4707 55.4707 55.4707 67.2086 67.2086 67.2086 45.4533 45.4533 45.4533 55.0727 55.0727 55.0727 39.8121 39.8121 39.8121 54.8179 54.8179 54.8179 31.7805 31.7805 31.7805 27.6586 27.6586 27.6586 20.6155 20.6155 20.6155 13.8924 13.8924 13.8924 4.2426 4.2426 4.2426 8.2462 8.2462 8.2462 12.7279 12.7279 12.7279 27.6586 27.6586 27.6586 29.2062
C18 23.0217 5.6569 63.7024 3.1623 41.5933 50.6952 32.6497 47.4342 31.5753 40.4969 50.4480 26.1725 22.0227 34.9285 16.4012 29.5296 47.0744 38.3275 0.0000 24.1868 14.3178 61.6198 52.0000 30.1496 53.7587 8.0623 23.0217 47.4342 60.4401 46.7547 59.4138 39.2173 52.2015 36.4966 40.0250 19.1050 20.2485 2.8284 16.4924 8.5440 18.8680 18.1108 30.2324 36.4005 45.7056 46.0109 58.5491 23.0217 23.0217 23.0217 47.4342 47.4342 47.4342 60.4401 60.4401 60.4401 46.7547 46.7547 46.7547 59.4138 59.4138 59.4138 39.2173 39.2173 39.2173 52.2015 52.2015 52.2015 36.4966 36.4966 36.4966 40.0250 40.0250 40.0250 19.1050 19.1050 19.1050 20.2485 20.2485 20.2485 2.8284 2.8284 2.8284 16.4924 16.4924 16.4924 8.5440 8.5440 8.5440 18.8680 18.8680 18.8680 18.1108 18.1108 18.1108 30.2324 30.2324 30.2324 36.4005 36.4005 36.4005 45.7056 45.7056 45.7056 46.0109 46.0109 46.0109 58.5491 58.5491 58.5491 23.0217
C19 11.1803 20.0250 46.1411 25.7099 17.4642 26.9258 22.2036 42.9535 11.4018 36.4005 32.6497 15.8114 22.3607 44.5533 17.2047 44.4185 54.8179 18.3848 24.1868 0.0000 10.0000 46.2385 29.4109 38.1838 33.6006 25.4951 11.1803 24.1868 36.7696 32.7567 43.4626 35.7351 46.3897 37.5899 48.8365 27.2029 37.6962 26.4764 40.0125 16.0000 23.6008 7.8102 20.0250 18.8680 23.7065 22.3607 34.3657 11.1803 11.1803 11.1803 24.1868 24.1868 24.1868 36.7696 36.7696 36.7696 32.7567 32.7567 32.7567 43.4626 43.4626 43.4626 35.7351 35.7351 35.7351 46.3897 46.3897 46.3897 37.5899 37.5899 37.5899 48.8365 48.8365 48.8365 27.2029 27.2029 27.2029 37.6962 37.6962 37.6962 26.4764 26.4764 26.4764 40.0125 40.0125 40.0125 16.0000 16.0000 16.0000 23.6008 23.6008 23.6008 7.8102 7.8102 7.8102 20.0250 20.0250 20.0250 18.8680 18.8680 18.8680 23.7065 23.7065 23.7065 22.3607 22.3607 22.3607 34.3657 34.3657 34.3657 11.1803
C20 11.1803 10.0499 51.8556 16.1555 27.2947 36.4005 23.0868 42.0119 19.2354 35.0000 38.2884 15.8114 20.0000 38.0132 10.7703 36.2353 49.2443 26.4197 14.3178 10.0000 0.0000 50.7740 38.0132 31.9061 42.0595 15.8114 11.1803 33.2415 46.1736 36.2353 48.2597 34.0147 46.1736 33.9559 42.7200 20.0000 28.6531 16.7631 30.0167 6.0000 19.4165 6.4031 22.8254 25.6125 32.8938 32.2490 44.2832 11.1803 11.1803 11.1803 33.2415 33.2415 33.2415 46.1736 46.1736 46.1736 36.2353 36.2353 36.2353 48.2597 48.2597 48.2597 34.0147 34.0147 34.0147 46.1736 46.1736 46.1736 33.9559 33.9559 33.9559 42.7200 42.7200 42.7200 20.0000 20.0000 20.0000 28.6531 28.6531 28.6531 16.7631 16.7631 16.7631 30.0167 30.0167 30.0167 6.0000 6.0000 6.0000 19.4165 19.4165 19.4165 6.4031 6.4031 6.4031 22.8254 22.8254 22.8254 25.6125 25.6125 25.6125 32.8938 32.8938 32.8938 32.2490 32.2490 32.2490 44.2832 44.2832 44.2832 11.1803
C21 39.6611 55.9732 6.7082 64.5368 39.0000 33.9559 29.0000 26.0192 52.9528 28.1603 14.1421 35.6090 68.5420 50.4480 45.2769 58.5235 51.0000 56.1427 61.6198 46.2385 50.7740 0.0000 26.9258 46.8188 63.7887 56.6392 39.6611 31.2570 33.6155 14.8661 3.0000 29.4109 23.1948 36.4005 50.4876 47.4342 59.5399 64.4438 70.8025 54.2033 69.3181 53.2259 65.0000 59.4138 54.1479 47.2652 41.6293 39.6611 39.6611 39.6611 31.2570 31.2570 31.2570 33.6155 33.6155 33.6155 14.8661 14.8661 14.8661 3.0000 3.0000 3.0000 29.4109 29.4109 29.4109 23.1948 23.1948 23.1948 36.4005 36.4005 36.4005 50.4876 50.4876 50.4876 47.4342 47.4342 47.4342 59.5399 59.5399 59.5399 64.4438 64.4438 64.4438 70.8025 70.8025 70.8025 54.2033 54.2033 54.2033 69.3181 69.3181 69.3181 53.2259 53.2259 53.2259 65.0000 65.0000 65.0000 59.4138 59.4138 59.4138 54.1479 54.1479 54.1479 47.2652 47.2652 47.2652 41.6293 41.6293 41.6293 39.6611
C22 29.8329 46.8188 23.0217 54.1295 14.7648 7.0711 27.4591 41.4005 31.0644 38.4708 15.0000 29.0689 50.2494 57.7235 38.6394 62.2896 63.5610 31.9531 52.0000 29.4109 38.0132 26.9258 0.0000 51.9711 37.1214 50.4480 29.8329 5.8310 10.4403 22.6716 24.0416 38.9102 41.7253 44.9444 60.0833 46.0109 59.0762 54.6260 65.9697 43.4626 52.3450 37.2022 43.5660 35.8469 28.1603 21.0950 15.6205 29.8329 29.8329 29.8329 5.8310 5.8310 5.8310 10.4403 10.4403 10.4403 22.6716 22.6716 22.6716 24.0416 24.0416 24.0416 38.9102 38.9102 38.9102 41.7253 41.7253 41.7253 44.9444 44.9444 44.9444 60.0833 60.0833 60.0833 46.0109 46.0109 46.0109 59.0762 59.0762 59.0762 54.6260 54.6260 54.6260 65.9697 65.9697 65.9697 43.4626 43.4626 43.4626 52.3450 52.3450 52.3450 37.2022 37.2022 37.2022 43.5660 43.5660 43.5660 35.8469 35.8469 35.8469 28.1603 28.1603 28.1603 21.0950 21.0950 21.0950 15.6205 15.6205 15.6205 29.8329
C23 27.8029 26.9258 51.6624 33.0606 49.6488 54.7083 24.5153 23.4307 49.5177 18.7883 42.0476 25.0599 49.9800 6.4031 21.4009 11.7047 17.4642 56.5685 30.1496 38.1838 31.9061 46.8188 51.9711 0.0000 71.5891 22.0907 27.8029 50.2892 62.3699 34.3657 45.8803 17.4642 28.3196 10.8167 10.8167 12.0830 15.2643 32.0156 29.0689 29.1548 47.8017 38.2753 54.7083 56.7274 61.2209 57.9828 64.8460 27.8029 27.8029 27.8029 50.2892 50.2892 50.2892 62.3699 62.3699 62.3699 34.3657 34.3657 34.3657 45.8803 45.8803 45.8803 17.4642 17.4642 17.4642 28.3196 28.3196 28.3196 10.8167 10.8167 10.8167 10.8167 10.8167 10.8167 12.0830 12.0830 12.0830 15.2643 15.2643 15.2643 32.0156 32.0156 32.0156 29.0689 29.0689 29.0689 29.1548 29.1548 29.1548 47.8017 47.8017 47.8017 38.2753 38.2753 38.2753 54.7083 54.7083 54.7083 56.7274 56.7274 56.7274 61.2209 61.2209 61.2209 57.9828 57.9828 57.9828 64.8460 64.8460 64.8460 27.8029
C24 43.8634 51.4782 60.1332 53.8516 26.0000 30.0666 51.6140 71.6938 22.8254 66.2873 50.4480 47.4236 37.0000 77.9872 50.8035 77.9359 87.6926 15.6525 53.7587 33.6006 42.0595 63.7887 37.1214 71.5891 0.0000 57.6975 43.8634 32.5576 34.7131 55.7136 60.8276 66.0303 73.7902 69.5270 82.0731 60.8030 70.7107 55.0818 70.2140 47.4236 41.0122 36.2491 26.0000 17.4642 10.8167 16.7631 25.9615 43.8634 43.8634 43.8634 32.5576 32.5576 32.5576 34.7131 34.7131 34.7131 55.7136 55.7136 55.7136 60.8276 60.8276 60.8276 66.0303 66.0303 66.0303 73.7902 73.7902 73.7902 69.5270 69.5270 69.5270 82.0731 82.0731 82.0731 60.8030 60.8030 60.8030 70.7107 70.7107 70.7107 55.0818 55.0818 55.0818 70.2140 70.2140 70.2140 47.4236 47.4236 47.4236 41.0122 41.0122 41.0122 36.2491 36.2491 36.2491 26.0000 26.0000 26.0000 17.4642 17.4642 17.4642 10.8167 10.8167 10.8167 16.7631 16.7631 16.7631 25.9615 25.9615 25.9615 43.8634
C25 20.6155 6.4031 59.4054 11.0000 42.0119 50.2494 27.8029 40.3113 34.9285 33.5410 46.6476 22.3607 29.1548 26.9258 12.0830 22.2036 39.0512 42.0476 8.0623 25.4951 15.8114 56.6392 50.4480 22.0907 57.6975 0.0000 20.6155 46.5296 59.6825 41.8688 54.6717 32.2025 45.1885 28.8617 32.0156 11.4018 13.4536 10.0499 15.5242 10.2956 26.4008 21.4709 36.0694 40.8167 48.7032 47.8539 59.0000 20.6155 20.6155 20.6155 46.5296 46.5296 46.5296 59.6825 59.6825 59.6825 41.8688 41.8688 41.8688 54.6717 54.6717 54.6717 32.2025 32.2025 32.2025 45.1885 45.1885 45.1885 28.8617 28.8617 28.8617 32.0156 32.0156 32.0156 11.4018 11.4018 11.4018 13.4536 13.4536 13.4536 10.0499 10.0499 10.0499 15.5242 15.5242 15.5242 10.2956 10.2956 10.2956 26.4008 26.4008 26.4008 21.4709 21.4709 21.4709 36.0694 36.0694 36.0694 40.8167 40.8167 40.8167 48.7032 48.7032 48.7032 47.8539 47.8539 47.8539 59.0000 59.0000 59.0000 20.6155
F26 0.0000 17.4929 41.0366 25.6125 22.8035 30.0000 12.1655 32.2490 22.4722 25.4951 27.5862 5.0000 30.4138 34.2053 9.0000 35.4683 43.9318 29.2062 23.0217 11.1803 11.1803 39.6611 29.8329 27.8029 43.8634 20.6155 0.0000 26.0768 39.2046 25.0599 37.2022 24.7386 36.0139 26.4197 38.2099 18.0278 30.2655 25.8070 36.1386 14.8661 30.3645 15.0333 30.5941 30.0167 33.4215 30.4138 39.3192 0.0000 0.0000 0.0000 26.0768 26.0768 26.0768 39.2046 39.2046 39.2046 25.0599 25.0599 25.0599 37.2022 37.2022 37.2022 24.7386 24.7386 24.7386 36.0139 36.0139 36.0139 26.4197 26.4197 26.4197 38.2099 38.2099 38.2099 18.0278 18.0278 18.0278 30.2655 30.2655 30.2655 25.8070 25.8070 25.8070 36.1386 36.1386 36.1386 14.8661 14.8661 14.8661 30.3645 30.3645 30.3645 15.0333 15.0333 15.0333 30.5941 30.5941 30.5941 30.0167 30.0167 30.0167 33.4215 33.4215 33.4215 30.4138 30.4138 30.4138 39.3192 39.3192 39.3192 0.0000
F27 26.0768 42.4500 28.0713 49.3964 8.9443 4.4721 26.0000 42.4264 25.2389 38.6005 18.0278 26.1725 44.5533 56.3028 35.0571 60.0167 63.1348 26.2488 47.4342 24.1868 33.2415 31.2570 5.8310 50.2892 32.5576 46.5296 26.0768 0.0000 13.1529 24.4131 28.2843 38.8330 43.4166 44.2945 59.0931 43.1856 56.0357 49.9800 61.9839 38.8973 46.7547 31.9061 37.7359 30.0832 23.0000 16.0312 14.7648 26.0768 26.0768 26.0768 0.0000 0.0000 0.0000 13.1529 13.1529 13.1529 24.4131 24.4131 24.4131 28.2843 28.2843 28.2843 38.8330 38.8330 38.8330 43.4166 43.4166 43.4166 44.2945 44.2945 44.2945 59.0931 59.0931 59.0931 43.1856 43.1856 43.1856 56.0357 56.0357 56.0357 49.9800 49.9800 49.9800 61.9839 61.9839 61.9839 38.8973 38.8973 38.8973 46.7547 46.7547 46.7547 31.9061 31.9061 31.9061 37.7359 37.7359 37.7359 30.0832 30.0832 30.0832 23.0000 23.0000 23.0000 16.0312 16.0312 16.0312 14.7648 14.7648 14.7648 26.0768
F28 39.2046 55.5428 28.2312 62.2977 19.7231 9.8489 37.8550 51.3128 35.4683 48.7545 24.2074 39.0128 55.6058 68.1542 48.1664 72.5603 73.9256 34.2053 60.4401 36.7696 46.1736 33.6155 10.4403 62.3699 34.7131 59.6825 39.2046 13.1529 0.0000 32.4500 31.0644 49.2443 51.2250 55.3624 70.5195 56.0357 69.0000 62.9365 75.1332 51.9230 58.2495 44.2832 47.3814 38.4187 28.1780 21.6333 9.0000 39.2046 39.2046 39.2046 13.1529 13.1529 13.1529 0.0000 0.0000 0.0000 32.4500 32.4500 32.4500 31.0644 31.0644 31.0644 49.2443 49.2443 49.2443 51.2250 51.2250 51.2250 55.3624 55.3624 55.3624 70.5195 70.5195 70.5195 56.0357 56.0357 56.0357 69.0000 69.0000 69.0000 62.9365 62.9365 62.9365 75.1332 75.1332 75.1332 51.9230 51.9230 51.9230 58.2495 58.2495 58.2495 44.2832 44.2832 44.2832 47.3814 47.3814 47.3814 38.4187 38.4187 38.4187 28.1780 28.1780 28.1780 21.6333 21.6333 21.6333 9.0000 9.0000 9.0000 39.2046
F29 25.0599 41.1096 17.8885 49.6790 29.7321 28.4253 14.1421 18.8680 41.0000 17.2627 8.5440 20.8087 54.7083 39.0128 30.4138 45.8912 42.4500 45.3982 46.7547 32.7567 36.2353 14.8661 22.6716 34.3657 55.7136 41.8688 25.0599 24.4131 32.4500 0.0000 12.8062 18.1108 19.1050 25.0200 40.1995 33.1210 45.6946 49.5782 56.3028 39.4081 55.1543 39.2173 52.3450 48.0937 45.2217 39.0000 38.1838 25.0599 25.0599 25.0599 24.4131 24.4131 24.4131 32.4500 32.4500 32.4500 0.0000 0.0000 0.0000 12.8062 12.8062 12.8062 18.1108 18.1108 18.1108 19.1050 19.1050 19.1050 25.0200 25.0200 25.0200 40.1995 40.1995 40.1995 33.1210 33.1210 33.1210 45.6946 45.6946 45.6946 49.5782 49.5782 49.5782 56.3028 56.3028 56.3028 39.4081 39.4081 39.4081 55.1543 55.1543 55.1543 39.2173 39.2173 39.2173 52.3450 52.3450 52.3450 48.0937 48.0937 48.0937 45.2217 45.2217 45.2217 39.0000 39.0000 39.0000 38.1838 38.1838 38.1838 25.0599
F30 37.2022 53.7587 6.0000 62.2896 36.0000 31.0483 26.9072 26.0768 50.0100 27.4591 11.1803 33.3017 65.7951 49.8197 43.1393 57.5674 51.0882 53.1507 59.4138 43.4626 48.2597 3.0000 24.0416 45.8803 60.8276 54.6717 37.2022 28.2843 31.0644 12.8062 0.0000 28.6356 23.7697 35.6931 50.1597 45.7930 58.1378 62.2415 69.0652 51.8556 66.6483 50.5371 62.0967 56.4358 51.1566 44.2832 38.9102 37.2022 37.2022 37.2022 28.2843 28.2843 28.2843 31.0644 31.0644 31.0644 12.8062 12.8062 12.8062 0.0000 0.0000 0.0000 28.6356 28.6356 28.6356 23.7697 23.7697 23.7697 35.6931 35.6931 35.6931 50.1597 50.1597 50.1597 45.7930 45.7930 45.7930 58.1378 58.1378 58.1378 62.2415 62.2415 62.2415 69.0652 69.0652 69.0652 51.8556 51.8556 51.8556 66.6483 66.6483 66.6483 50.5371 50.5371 50.5371 62.0967 62.0967 62.0967 56.4358 56.4358 56.4358 51.1566 51.1566 51.1566 44.2832 44.2832 44.2832 38.9102 38.9102 38.9102 37.2022
F31 24.7386 34.2053 34.5254 42.3792 41.0366 43.2666 14.4222 8.2462 46.6154 1.4142 26.4764 19.9249 54.0093 21.2132 24.1868 29.1548 24.6982 52.7731 39.2173 35.7351 34.0147 29.4109 38.9102 17.4642 66.0303 32.2025 24.7386 38.8330 49.2443 18.1108 28.6356 0.0000 13.0000 7.0711 22.0907 21.0950 31.2410 41.7852 43.9318 34.3657 53.0848 39.3192 55.3173 54.2310 55.2178 50.3289 53.5350 24.7386 24.7386 24.7386 38.8330 38.8330 38.8330 49.2443 49.2443 49.2443 18.1108 18.1108 18.1108 28.6356 28.6356 28.6356 0.0000 0.0000 0.0000 13.0000 13.0000 13.0000 7.0711 7.0711 7.0711 22.0907 22.0907 22.0907 21.0950 21.0950 21.0950 31.2410 31.2410 31.2410 41.7852 41.7852 41.7852 43.9318 43.9318 43.9318 34.3657 34.3657 34.3657 53.0848 53.0848 53.0848 39.3192 39.3192 39.3192 55.3173 55.3173 55.3173 54.2310 54.2310 54.2310 55.2178 55.2178 55.2178 50.3289 50.3289 50.3289 53.5350 53.5350 53.5350 24.7386
F32 36.0139 47.1275 29.6142 55.3624 47.8853 47.5079 24.1868 5.0000 56.5155 11.7047 27.0185 31.0161 66.1211 30.0167 36.8782 39.4081 28.1603 61.9839 52.2015 46.3897 46.1736 23.1948 41.7253 28.3196 73.7902 45.1885 36.0139 43.4166 51.2250 19.1050 23.7697 13.0000 0.0000 17.6918 28.7924 34.0000 43.1856 54.7814 56.4004 47.0744 65.4905 51.0000 66.3702 64.0312 63.0714 57.3062 57.2800 36.0139 36.0139 36.0139 43.4166 43.4166 43.4166 51.2250 51.2250 51.2250 19.1050 19.1050 19.1050 23.7697 23.7697 23.7697 13.0000 13.0000 13.0000 0.0000 0.0000 0.0000 17.6918 17.6918 17.6918 28.7924 28.7924 28.7924 34.0000 34.0000 34.0000 43.1856 43.1856 43.1856 54.7814 54.7814 54.7814 56.4004 56.4004 56.4004 47.0744 47.0744 47.0744 65.4905 65.4905 65.4905 51.0000 51.0000 51.0000 66.3702 66.3702 66.3702 64.0312 64.0312 64.0312 63.0714 63.0714 63.0714 57.3062 57.3062 57.3062 57.2800 57.2800 57.2800 36.0139
F33 26.4197 32.0624 41.5933 39.6232 45.4533 48.7647 18.6011 12.7279 48.8774 8.2462 33.2415 22.2036 53.6004 14.1421 23.3452 22.3607 18.8680 55.4707 36.4966 37.5899 33.9559 36.4005 44.9444 10.8167 69.5270 28.8617 26.4197 44.2945 55.3624 25.0200 35.6931 7.0711 17.6918 0.0000 15.2971 17.4642 25.4951 38.8330 38.8330 33.0606 52.1536 39.8497 56.3028 56.4358 58.7963 54.4885 59.0593 26.4197 26.4197 26.4197 44.2945 44.2945 44.2945 55.3624 55.3624 55.3624 25.0200 25.0200 25.0200 35.6931 35.6931 35.6931 7.0711 7.0711 7.0711 17.6918 17.6918 17.6918 0.0000 0.0000 0.0000 15.2971 15.2971 15.2971 17.4642 17.4642 17.4642 25.4951 25.4951 25.4951 38.8330 38.8330 38.8330 38.8330 38.8330 38.8330 33.0606 33.0606 33.0606 52.1536 52.1536 52.1536 39.8497 39.8497 39.8497 56.3028 56.3028 56.3028 56.4358 56.4358 56.4358 58.7963 58.7963 58.7963 54.4885 54.4885 54.4885 59.0593 59.0593 59.0593 26.4197
F34 38.2099 37.3363 56.1427 42.7551 59.3633 63.5610 33.1059 24.7386 60.2080 23.0217 48.5077 35.0000 60.5392 5.0990 32.2025 13.9284 7.0711 67.2086 40.0250 48.8365 42.7200 50.4876 60.0833 10.8167 82.0731 32.0156 38.2099 59.0931 70.5195 40.1995 50.1597 22.0907 28.7924 15.2971 0.0000 22.8254 22.0907 41.5933 35.6931 39.8121 58.1893 49.0918 65.5134 67.4759 71.5891 68.0074 73.8241 38.2099 38.2099 38.2099 59.0931 59.0931 59.0931 70.5195 70.5195 70.5195 40.1995 40.1995 40.1995 50.1597 50.1597 50.1597 22.0907 22.0907 22.0907 28.7924 28.7924 28.7924 15.2971 15.2971 15.2971 0.0000 0.0000 0.0000 22.8254 22.8254 22.8254 22.0907 22.0907 22.0907 41.5933 41.5933 41.5933 35.6931 35.6931 35.6931 39.8121 39.8121 39.8121 58.1893 58.1893 58.1893 49.0918 49.0918 49.0918 65.5134 65.5134 65.5134 67.4759 67.4759 67.4759 71.5891 71.5891 71.5891 68.0074 68.0074 68.0074 73.8241 73.8241 73.8241 38.2099
F35 18.0278 15.1327 51.0000 22.2036 40.8044 47.3814 19.9249 29.0689 38.2884 22.4722 39.2173 17.0294 37.9473 18.0278 10.0000 17.4642 29.5466 45.4533 19.1050 27.2029 20.0000 47.4342 46.0109 12.0830 60.8030 11.4018 18.0278 43.1856 56.0357 33.1210 45.7930 21.0950 34.0000 17.4642 22.8254 0.0000 13.1529 21.3776 23.4307 17.0880 35.9026 26.4008 42.7200 45.2548 50.7740 48.3322 57.0701 18.0278 18.0278 18.0278 43.1856 43.1856 43.1856 56.0357 56.0357 56.0357 33.1210 33.1210 33.1210 45.7930 45.7930 45.7930 21.0950 21.0950 21.0950 34.0000 34.0000 34.0000 17.4642 17.4642 17.4642 22.8254 22.8254 22.8254 0.0000 0.0000 0.0000 13.1529 13.1529 13.1529 21.3776 21.3776 21.3776 23.4307 23.4307 23.4307 17.0880 17.0880 17.0880 35.9026 35.9026 35.9026 26.4008 26.4008 26.4008 42.7200 42.7200 42.7200 45.2548 45.2548 45.2548 50.7740 50.7740 50.7740 48.3322 48.3322 48.3322 57.0701 57.0701 57.0701 18.0278
F36 30.2655 19.8494 63.5610 22.3607 52.9528 60.1332 32.9848 38.2099 47.8853 32.6497 52.2015 30.0167 42.2019 17.2627 21.3776 9.4868 29.0172 55.0727 20.2485 37.6962 28.6531 59.5399 59.0762 15.2643 70.7107 13.4536 30.2655 56.0357 69.0000 45.6946 58.1378 31.2410 43.1856 25.4951 22.0907 13.1529 0.0000 21.0238 13.9284 23.6008 39.1152 34.6699 49.5177 54.0833 61.3270 59.7746 69.5845 30.2655 30.2655 30.2655 56.0357 56.0357 56.0357 69.0000 69.0000 69.0000 45.6946 45.6946 45.6946 58.1378 58.1378 58.1378 31.2410 31.2410 31.2410 43.1856 43.1856 43.1856 25.4951 25.4951 25.4951 22.0907 22.0907 22.0907 13.1529 13.1529 13.1529 0.0000 0.0000 0.0000 21.0238 21.0238 21.0238 13.9284 13.9284 13.9284 23.6008 23.6008 23.6008 39.1152 39.1152 39.1152 34.6699 34.6699 34.6699 49.5177 49.5177 49.5177 54.0833 54.0833 54.0833 61.3270 61.3270 61.3270 59.7746 59.7746 59.7746 69.5845 69.5845 69.5845 30.2655
F37 25.8070 8.4853 66.5282 1.4142 43.9318 53.1601 35.4683 49.9800 33.2415 43.0813 53.2635 29.0000 21.9317 36.4966 19.2094 30.4631 48.6621 39.8121 2.8284 26.4764 16.7631 64.4438 54.6260 32.0156 55.0818 10.0499 25.8070 49.9800 62.9365 49.5782 62.2415 41.7852 54.7814 38.8330 41.5933 21.3776 21.0238 0.0000 15.2315 11.1803 18.4391 20.0000 30.8869 37.6431 47.3814 48.0104 60.8276 25.8070 25.8070 25.8070 49.9800 49.9800 49.9800 62.9365 62.9365 62.9365 49.5782 49.5782 49.5782 62.2415 62.2415 62.2415 41.7852 41.7852 41.7852 54.7814 54.7814 54.7814 38.8330 38.8330 38.8330 41.5933 41.5933 41.5933 21.3776 21.3776 21.3776 21.0238 21.0238 21.0238 0.0000 0.0000 0.0000 15.2315 15.2315 15.2315 11.1803 11.1803 11.1803 18.4391 18.4391 18.4391 20.0000 20.0000 20.0000 30.8869 30.8869 30.8869 37.6431 37.6431 37.6431 47.3814 47.3814 47.3814 48.0104 48.0104 48.0104 60.8276 60.8276 60.8276 25.8070
F38 36.1386 20.0000 74.0945 16.5529 57.0789 65.6201 42.5441 51.4004 48.0521 45.3431 61.7171 37.6962 36.6197 31.0483 27.5136 22.0907 42.4264 54.8179 16.4924 40.0125 30.0167 70.8025 65.9697 29.0689 70.2140 15.5242 36.1386 61.9839 75.1332 56.3028 69.0652 43.9318 56.4004 38.8330 35.6931 23.4307 13.9284 15.2315 0.0000 24.0208 32.8024 34.5254 46.0652 52.8110 62.1691 62.2013 74.1080 36.1386 36.1386 36.1386 61.9839 61.9839 61.9839 75.1332 75.1332 75.1332 56.3028 56.3028 56.3028 69.0652 69.0652 69.0652 43.9318 43.9318 43.9318 56.4004 56.4004 56.4004 38.8330 38.8330 38.8330 35.6931 35.6931 35.6931 23.4307 23.4307 23.4307 13.9284 13.9284 13.9284 15.2315 15.2315 15.2315 0.0000 0.0000 0.0000 24.0208 24.0208 24.0208 32.8024 32.8024 32.8024 34.5254 34.5254 34.5254 46.0652 46.0652 46.0652 52.8110 52.8110 52.8110 62.1691 62.1691 62.1691 62.2013 62.2013 62.2013 74.1080 74.1080 74.1080 36.1386
