# set
set V := C1 C2 C3 C4 C5 C6 C7 C8 C9 C10 C11 C12 C13 C14 C15 ;
set F := F16 F17 F18 F19 F20 F21 F16_1 F16_2 F17_1 F17_2 F18_1 F18_2 F19_1 F19_2 F20_1 F20_2 F21_1 F21_2 ;
set D0 := N0;
set Dσ := Nσ;

# param
param Cf := 200;		# ECV fixed cost
param C := 1000;		# ECV max load
param Q := 60.63;		# ECV/BSV battery level
param r := 1;		# ECV consumption

param Cr := 100;		# recharging cost
param Ct := 10;		# travel cost
param Cs ;		# battery swap cost
param n := 15;		# number of customers
param g := 1.47;	# recharging rate

param m :=
N0 0
C1 23
C2 18
C3 29
C4 16
C5 6
C6 5
C7 5
C8 41
C9 26
C10 1
C11 13
C12 36
C13 5
C14 25
C15 12
F16 0
F16_1 0
F16_2 0
F17 0
F17_1 0
F17_2 0
F18 0
F18_1 0
F18_2 0
F19 0
F19_1 0
F19_2 0
F20 0
F20_1 0
F20_2 0
F21 0
F21_1 0
F21_2 0
Nσ 0
;

param e :=
N0 0
C1 388
C2 233
C3 206
C4 302
C5 817
C6 396
C7 788
C8 0
C9 420
C10 515
C11 290
C12 0
C13 25
C14 0
C15 206
F16 0
F16_1 0
F16_2 0
F17 0
F17_1 0
F17_2 0
F18 0
F18_1 0
F18_2 0
F19 0
F19_1 0
F19_2 0
F20 0
F20_1 0
F20_2 0
F21 0
F21_1 0
F21_2 0
Nσ 0
;

param l :=
N0 1000
C1 465
C2 340
C3 325
C4 405
C5 956
C6 511
C7 968
C8 966
C9 447
C10 628
C11 377
C12 962
C13 172
C14 967
C15 325
F16 1000
F16_1 1000
F16_2 1000
F17 1000
F17_1 1000
F17_2 1000
F18 1000
F18_1 1000
F18_2 1000
F19 1000
F19_1 1000
F19_2 1000
F20 1000
F20_1 1000
F20_2 1000
F21 1000
F21_1 1000
F21_2 1000
Nσ 1000
;

param s :=
N0 0
C1 10
C2 10
C3 10
C4 10
C5 10
C6 10
C7 10
C8 10
C9 10
C10 10
C11 10
C12 10
C13 10
C14 10
C15 10
F16 0
F16_1 0
F16_2 0
F17 0
F17_1 0
F17_2 0
F18 0
F18_1 0
F18_2 0
F19 0
F19_1 0
F19_2 0
F20 0
F20_1 0
F20_2 0
F21 0
F21_1 0
F21_2 0
Nσ 0
;

param d : N0 C1 C2 C3 C4 C5 C6 C7 C8 C9 C10 C11 C12 C13 C14 C15 F16 F16_1 F16_2 F17 F17_1 F17_2 F18 F18_1 F18_2 F19 F19_1 F19_2 F20 F20_1 F20_2 F21 F21_1 F21_2 Nσ  :=
N0 0.0000 25.5539 31.8904 36.0555 42.4264 33.5410 28.8617 21.0950 23.0217 18.3848 35.4683 25.4951 27.8029 25.4951 22.4722 33.5410 0.0000 0.0000 0.0000 27.8927 27.8927 27.8927 21.1896 21.1896 21.1896 19.1050 19.1050 19.1050 19.0263 19.0263 19.0263 33.1210 33.1210 33.1210 0.0000
C1 25.5539 0.0000 57.2014 43.0465 67.4759 29.1204 43.6578 21.5407 48.5489 41.7253 55.0000 51.0000 44.1814 48.8365 33.5261 40.7185 25.5539 25.5539 25.5539 32.2025 32.2025 32.2025 42.4264 42.4264 42.4264 44.4072 44.4072 44.4072 39.4081 39.4081 39.4081 29.8329 29.8329 29.8329 25.5539
C2 31.8904 57.2014 0.0000 44.9110 10.8167 54.3323 31.7805 49.3964 9.4340 17.4642 35.1710 10.0499 38.0526 13.1529 36.0555 51.7880 31.8904 31.8904 31.8904 50.9215 50.9215 50.9215 28.2843 28.2843 28.2843 12.8062 12.8062 12.8062 23.0868 23.0868 23.0868 53.2353 53.2353 53.2353 31.8904
C3 36.0555 43.0465 44.9110 0.0000 50.0000 18.0278 13.1529 54.0833 42.5441 29.9666 68.2495 47.0106 63.0317 31.7805 13.6015 69.4622 36.0555 36.0555 36.0555 63.0714 63.0714 63.0714 54.4885 54.4885 54.4885 38.0132 38.0132 38.0132 23.7065 23.7065 23.7065 16.6433 16.6433 16.6433 36.0555
C4 42.4264 67.4759 10.8167 50.0000 0.0000 61.8466 37.0540 60.2080 20.2485 26.4197 43.1045 20.2485 47.6760 20.2485 43.4166 61.8466 42.4264 42.4264 42.4264 61.4654 61.4654 61.4654 38.3275 38.3275 38.3275 23.3452 23.3452 23.3452 31.0161 31.0161 31.0161 60.6383 60.6383 60.6383 42.4264
C5 33.5410 29.1204 54.3323 18.0278 61.8466 0.0000 26.4197 45.6070 49.0408 37.0540 68.9420 53.1507 61.0574 41.7732 18.4391 63.6396 33.5410 33.5410 33.5410 55.9732 55.9732 55.9732 54.6260 54.6260 54.6260 44.0454 44.0454 44.0454 31.2570 31.2570 31.2570 1.4142 1.4142 1.4142 33.5410
C6 28.8617 43.6578 31.7805 13.1529 37.0540 26.4197 0.0000 49.2544 30.0167 17.8045 57.2800 34.4819 53.5350 18.6815 10.2956 62.0322 28.8617 28.8617 28.8617 56.7539 56.7539 56.7539 44.2041 44.2041 44.2041 25.8070 25.8070 25.8070 12.0416 12.0416 12.0416 25.0599 25.0599 25.0599 28.8617
C7 21.0950 21.5407 49.3964 54.0833 60.2080 45.6070 49.2544 0.0000 39.9625 39.0512 35.9026 40.6079 24.3311 45.8803 41.2311 19.2354 21.0950 21.0950 21.0950 10.8167 10.8167 10.8167 26.0768 26.0768 26.0768 37.5766 37.5766 37.5766 40.1123 40.1123 40.1123 45.8039 45.8039 45.8039 21.0950
C8 23.0217 48.5489 9.4340 42.5441 20.2485 49.0408 30.0167 39.9625 0.0000 12.6491 29.5296 4.4721 30.1496 12.8062 31.5753 43.1856 23.0217 23.0217 23.0217 41.7612 41.7612 41.7612 20.0250 20.0250 20.0250 5.0000 5.0000 5.0000 18.9737 18.9737 18.9737 48.0937 48.0937 48.0937 23.0217
C9 18.3848 41.7253 17.4642 29.9666 26.4197 37.0540 17.8045 39.0512 12.6491 0.0000 39.6989 17.0880 37.1618 7.2111 19.1050 47.6760 18.3848 18.3848 18.3848 44.0000 44.0000 44.0000 27.2947 27.2947 27.2947 8.0623 8.0623 8.0623 6.3246 6.3246 6.3246 36.0139 36.0139 36.0139 18.3848
C10 35.4683 55.0000 35.1710 68.2495 43.1045 68.9420 57.2800 35.9026 29.5296 39.6989 0.0000 26.0000 11.7047 42.1900 55.2178 24.7588 35.4683 35.4683 35.4683 29.5296 29.5296 29.5296 14.3178 14.3178 14.3178 32.2025 32.2025 32.2025 45.2548 45.2548 45.2548 68.4471 68.4471 68.4471 35.4683
C11 25.4951 51.0000 10.0499 47.0106 20.2485 53.1507 34.4819 40.6079 4.4721 17.0880 26.0000 0.0000 28.0179 16.9706 35.9026 41.7732 25.4951 25.4951 25.4951 41.2311 41.2311 41.2311 18.2483 18.2483 18.2483 9.2195 9.2195 9.2195 23.4094 23.4094 23.4094 52.2398 52.2398 52.2398 25.4951
C12 27.8029 44.1814 38.0526 63.0317 47.6760 61.0574 53.5350 24.3311 30.1496 37.1618 11.7047 28.0179 0.0000 41.4849 49.5177 14.7648 27.8029 27.8029 27.8029 18.0278 18.0278 18.0278 10.1980 10.1980 10.1980 31.0483 31.0483 31.0483 41.6773 41.6773 41.6773 60.7454 60.7454 60.7454 27.8029
C13 25.4951 48.8365 13.1529 31.7805 20.2485 41.7732 18.6815 45.8803 12.8062 7.2111 42.1900 16.9706 41.4849 0.0000 23.3452 53.1507 25.4951 25.4951 25.4951 50.1597 50.1597 50.1597 31.3209 31.3209 31.3209 10.4403 10.4403 10.4403 10.7703 10.7703 10.7703 40.6079 40.6079 40.6079 25.4951
C14 22.4722 33.5261 36.0555 13.6015 43.4166 18.4391 10.2956 41.2311 31.5753 19.1050 55.2178 35.9026 49.5177 23.3452 0.0000 55.9464 22.4722 22.4722 22.4722 49.7695 49.7695 49.7695 41.2311 41.2311 41.2311 26.6833 26.6833 26.6833 13.0000 13.0000 13.0000 17.2627 17.2627 17.2627 22.4722
C15 33.5410 40.7185 51.7880 69.4622 61.8466 63.6396 62.0322 19.2354 43.1856 47.6760 24.7588 41.7732 14.7648 53.1507 55.9464 0.0000 33.5410 33.5410 33.5410 8.5440 8.5440 8.5440 23.5372 23.5372 23.5372 43.0116 43.0116 43.0116 50.9608 50.9608 50.9608 63.6553 63.6553 63.6553 33.5410
F16 0.0000 25.5539 31.8904 36.0555 42.4264 33.5410 28.8617 21.0950 23.0217 18.3848 35.4683 25.4951 27.8029 25.4951 22.4722 33.5410 0.0000 0.0000 0.0000 27.8927 27.8927 27.8927 21.1896 21.1896 21.1896 19.1050 19.1050 19.1050 19.0263 19.0263 19.0263 33.1210 33.1210 33.1210 0.0000
F16_1 0.0000 25.5539 31.8904 36.0555 42.4264 33.5410 28.8617 21.0950 23.0217 18.3848 35.4683 25.4951 27.8029 25.4951 22.4722 33.5410 0.0000 0.0000 0.0000 27.8927 27.8927 27.8927 21.1896 21.1896 21.1896 19.1050 19.1050 19.1050 19.0263 19.0263 19.0263 33.1210 33.1210 33.1210 0.0000
F16_2 0.0000 25.5539 31.8904 36.0555 42.4264 33.5410 28.8617 21.0950 23.0217 18.3848 35.4683 25.4951 27.8029 25.4951 22.4722 33.5410 0.0000 0.0000 0.0000 27.8927 27.8927 27.8927 21.1896 21.1896 21.1896 19.1050 19.1050 19.1050 19.0263 19.0263 19.0263 33.1210 33.1210 33.1210 0.0000
F17 27.8927 32.2025 50.9215 63.0714 61.4654 55.9732 56.7539 10.8167 41.7612 44.0000 29.5296 41.2311 18.0278 50.1597 49.7695 8.5440 27.8927 27.8927 27.8927 0.0000 0.0000 0.0000 23.8537 23.8537 23.8537 40.6079 40.6079 40.6079 46.3897 46.3897 46.3897 56.0803 56.0803 56.0803 27.8927
F17_1 27.8927 32.2025 50.9215 63.0714 61.4654 55.9732 56.7539 10.8167 41.7612 44.0000 29.5296 41.2311 18.0278 50.1597 49.7695 8.5440 27.8927 27.8927 27.8927 0.0000 0.0000 0.0000 23.8537 23.8537 23.8537 40.6079 40.6079 40.6079 46.3897 46.3897 46.3897 56.0803 56.0803 56.0803 27.8927
F17_2 27.8927 32.2025 50.9215 63.0714 61.4654 55.9732 56.7539 10.8167 41.7612 44.0000 29.5296 41.2311 18.0278 50.1597 49.7695 8.5440 27.8927 27.8927 27.8927 0.0000 0.0000 0.0000 23.8537 23.8537 23.8537 40.6079 40.6079 40.6079 46.3897 46.3897 46.3897 56.0803 56.0803 56.0803 27.8927
F18 21.1896 42.4264 28.2843 54.4885 38.3275 54.6260 44.2041 26.0768 20.0250 27.2947 14.3178 18.2483 10.1980 31.3209 41.2311 23.5372 21.1896 21.1896 21.1896 23.8537 23.8537 23.8537 0.0000 0.0000 0.0000 20.8806 20.8806 20.8806 32.2025 32.2025 32.2025 54.1295 54.1295 54.1295 21.1896
F18_1 21.1896 42.4264 28.2843 54.4885 38.3275 54.6260 44.2041 26.0768 20.0250 27.2947 14.3178 18.2483 10.1980 31.3209 41.2311 23.5372 21.1896 21.1896 21.1896 23.8537 23.8537 23.8537 0.0000 0.0000 0.0000 20.8806 20.8806 20.8806 32.2025 32.2025 32.2025 54.1295 54.1295 54.1295 21.1896
F18_2 21.1896 42.4264 28.2843 54.4885 38.3275 54.6260 44.2041 26.0768 20.0250 27.2947 14.3178 18.2483 10.1980 31.3209 41.2311 23.5372 21.1896 21.1896 21.1896 23.8537 23.8537 23.8537 0.0000 0.0000 0.0000 20.8806 20.8806 20.8806 32.2025 32.2025 32.2025 54.1295 54.1295 54.1295 21.1896
F19 19.1050 44.4072 12.8062 38.0132 23.3452 44.0454 25.8070 37.5766 5.0000 8.0623 32.2025 9.2195 31.0483 10.4403 26.6833 43.0116 19.1050 19.1050 19.1050 40.6079 40.6079 40.6079 20.8806 20.8806 20.8806 0.0000 0.0000 0.0000 14.3178 14.3178 14.3178 43.1045 43.1045 43.1045 19.1050
F19_1 19.1050 44.4072 12.8062 38.0132 23.3452 44.0454 25.8070 37.5766 5.0000 8.0623 32.2025 9.2195 31.0483 10.4403 26.6833 43.0116 19.1050 19.1050 19.1050 40.6079 40.6079 40.6079 20.8806 20.8806 20.8806 0.0000 0.0000 0.0000 14.3178 14.3178 14.3178 43.1045 43.1045 43.1045 19.1050
F19_2 19.1050 44.4072 12.8062 38.0132 23.3452 44.0454 25.8070 37.5766 5.0000 8.0623 32.2025 9.2195 31.0483 10.4403 26.6833 43.0116 19.1050 19.1050 19.1050 40.6079 40.6079 40.6079 20.8806 20.8806 20.8806 0.0000 0.0000 0.0000 14.3178 14.3178 14.3178 43.1045 43.1045 43.1045 19.1050
F20 19.0263 39.4081 23.0868 23.7065 31.0161 31.2570 12.0416 40.1123 18.9737 6.3246 45.2548 23.4094 41.6773 10.7703 13.0000 50.9608 19.0263 19.0263 19.0263 46.3897 46.3897 46.3897 32.2025 32.2025 32.2025 14.3178 14.3178 14.3178 0.0000 0.0000 0.0000 30.1496 30.1496 30.1496 19.0263
F20_1 19.0263 39.4081 23.0868 23.7065 31.0161 31.2570 12.0416 40.1123 18.9737 6.3246 45.2548 23.4094 41.6773 10.7703 13.0000 50.9608 19.0263 19.0263 19.0263 46.3897 46.3897 46.3897 32.2025 32.2025 32.2025 14.3178 14.3178 14.3178 0.0000 0.0000 0.0000 30.1496 30.1496 30.1496 19.0263
F20_2 19.0263 39.4081 23.0868 23.7065 31.0161 31.2570 12.0416 40.1123 18.9737 6.3246 45.2548 23.4094 41.6773 10.7703 13.0000 50.9608 19.0263 19.0263 19.0263 46.3897 46.3897 46.3897 32.2025 32.2025 32.2025 14.3178 14.3178 14.3178 0.0000 0.0000 0.0000 30.1496 30.1496 30.1496 19.0263
F21 33.1210 29.8329 53.2353 16.6433 60.6383 1.4142 25.0599 45.8039 48.0937 36.0139 68.4471 52.2398 60.7454 40.6079 17.2627 63.6553 33.1210 33.1210 33.1210 56.0803 56.0803 56.0803 54.1295 54.1295 54.1295 43.1045 43.1045 43.1045 30.1496 30.1496 30.1496 0.0000 0.0000 0.0000 33.1210
F21_1 33.1210 29.8329 53.2353 16.6433 60.6383 1.4142 25.0599 45.8039 48.0937 36.0139 68.4471 52.2398 60.7454 40.6079 17.2627 63.6553 33.1210 33.1210 33.1210 56.0803 56.0803 56.0803 54.1295 54.1295 54.1295 43.1045 43.1045 43.1045 30.1496 30.1496 30.1496 0.0000 0.0000 0.0000 33.1210
F21_2 33.1210 29.8329 53.2353 16.6433 60.6383 1.4142 25.0599 45.8039 48.0937 36.0139 68.4471 52.2398 60.7454 40.6079 17.2627 63.6553 33.1210 33.1210 33.1210 56.0803 56.0803 56.0803 54.1295 54.1295 54.1295 43.1045 43.1045 43.1045 30.1496 30.1496 30.1496 0.0000 0.0000 0.0000 33.1210
Nσ 0.0000 25.5539 31.8904 36.0555 42.4264 33.5410 28.8617 21.0950 23.0217 18.3848 35.4683 25.4951 27.8029 25.4951 22.4722 33.5410 0.0000 0.0000 0.0000 27.8927 27.8927 27.8927 21.1896 21.1896 21.1896 19.1050 19.1050 19.1050 19.0263 19.0263 19.0263 33.1210 33.1210 33.1210 0.0000
;

param t : N0 C1 C2 C3 C4 C5 C6 C7 C8 C9 C10 C11 C12 C13 C14 C15 F16 F16_1 F16_2 F17 F17_1 F17_2 F18 F18_1 F18_2 F19 F19_1 F19_2 F20 F20_1 F20_2 F21 F21_1 F21_2 Nσ  :=
N0 0.0000 25.5539 31.8904 36.0555 42.4264 33.5410 28.8617 21.0950 23.0217 18.3848 35.4683 25.4951 27.8029 25.4951 22.4722 33.5410 0.0000 0.0000 0.0000 27.8927 27.8927 27.8927 21.1896 21.1896 21.1896 19.1050 19.1050 19.1050 19.0263 19.0263 19.0263 33.1210 33.1210 33.1210 0.0000
C1 25.5539 0.0000 57.2014 43.0465 67.4759 29.1204 43.6578 21.5407 48.5489 41.7253 55.0000 51.0000 44.1814 48.8365 33.5261 40.7185 25.5539 25.5539 25.5539 32.2025 32.2025 32.2025 42.4264 42.4264 42.4264 44.4072 44.4072 44.4072 39.4081 39.4081 39.4081 29.8329 29.8329 29.8329 25.5539
C2 31.8904 57.2014 0.0000 44.9110 10.8167 54.3323 31.7805 49.3964 9.4340 17.4642 35.1710 10.0499 38.0526 13.1529 36.0555 51.7880 31.8904 31.8904 31.8904 50.9215 50.9215 50.9215 28.2843 28.2843 28.2843 12.8062 12.8062 12.8062 23.0868 23.0868 23.0868 53.2353 53.2353 53.2353 31.8904
C3 36.0555 43.0465 44.9110 0.0000 50.0000 18.0278 13.1529 54.0833 42.5441 29.9666 68.2495 47.0106 63.0317 31.7805 13.6015 69.4622 36.0555 36.0555 36.0555 63.0714 63.0714 63.0714 54.4885 54.4885 54.4885 38.0132 38.0132 38.0132 23.7065 23.7065 23.7065 16.6433 16.6433 16.6433 36.0555
C4 42.4264 67.4759 10.8167 50.0000 0.0000 61.8466 37.0540 60.2080 20.2485 26.4197 43.1045 20.2485 47.6760 20.2485 43.4166 61.8466 42.4264 42.4264 42.4264 61.4654 61.4654 61.4654 38.3275 38.3275 38.3275 23.3452 23.3452 23.3452 31.0161 31.0161 31.0161 60.6383 60.6383 60.6383 42.4264
C5 33.5410 29.1204 54.3323 18.0278 61.8466 0.0000 26.4197 45.6070 49.0408 37.0540 68.9420 53.1507 61.0574 41.7732 18.4391 63.6396 33.5410 33.5410 33.5410 55.9732 55.9732 55.9732 54.6260 54.6260 54.6260 44.0454 44.0454 44.0454 31.2570 31.2570 31.2570 1.4142 1.4142 1.4142 33.5410
C6 28.8617 43.6578 31.7805 13.1529 37.0540 26.4197 0.0000 49.2544 30.0167 17.8045 57.2800 34.4819 53.5350 18.6815 10.2956 62.0322 28.8617 28.8617 28.8617 56.7539 56.7539 56.7539 44.2041 44.2041 44.2041 25.8070 25.8070 25.8070 12.0416 12.0416 12.0416 25.0599 25.0599 25.0599 28.8617
C7 21.0950 21.5407 49.3964 54.0833 60.2080 45.6070 49.2544 0.0000 39.9625 39.0512 35.9026 40.6079 24.3311 45.8803 41.2311 19.2354 21.0950 21.0950 21.0950 10.8167 10.8167 10.8167 26.0768 26.0768 26.0768 37.5766 37.5766 37.5766 40.1123 40.1123 40.1123 45.8039 45.8039 45.8039 21.0950
C8 23.0217 48.5489 9.4340 42.5441 20.2485 49.0408 30.0167 39.9625 0.0000 12.6491 29.5296 4.4721 30.1496 12.8062 31.5753 43.1856 23.0217 23.0217 23.0217 41.7612 41.7612 41.7612 20.0250 20.0250 20.0250 5.0000 5.0000 5.0000 18.9737 18.9737 18.9737 48.0937 48.0937 48.0937 23.0217
C9 18.3848 41.7253 17.4642 29.9666 26.4197 37.0540 17.8045 39.0512 12.6491 0.0000 39.6989 17.0880 37.1618 7.2111 19.1050 47.6760 18.3848 18.3848 18.3848 44.0000 44.0000 44.0000 27.2947 27.2947 27.2947 8.0623 8.0623 8.0623 6.3246 6.3246 6.3246 36.0139 36.0139 36.0139 18.3848
C10 35.4683 55.0000 35.1710 68.2495 43.1045 68.9420 57.2800 35.9026 29.5296 39.6989 0.0000 26.0000 11.7047 42.1900 55.2178 24.7588 35.4683 35.4683 35.4683 29.5296 29.5296 29.5296 14.3178 14.3178 14.3178 32.2025 32.2025 32.2025 45.2548 45.2548 45.2548 68.4471 68.4471 68.4471 35.4683
C11 25.4951 51.0000 10.0499 47.0106 20.2485 53.1507 34.4819 40.6079 4.4721 17.0880 26.0000 0.0000 28.0179 16.9706 35.9026 41.7732 25.4951 25.4951 25.4951 41.2311 41.2311 41.2311 18.2483 18.2483 18.2483 9.2195 9.2195 9.2195 23.4094 23.4094 23.4094 52.2398 52.2398 52.2398 25.4951
C12 27.8029 44.1814 38.0526 63.0317 47.6760 61.0574 53.5350 24.3311 30.1496 37.1618 11.7047 28.0179 0.0000 41.4849 49.5177 14.7648 27.8029 27.8029 27.8029 18.0278 18.0278 18.0278 10.1980 10.1980 10.1980 31.0483 31.0483 31.0483 41.6773 41.6773 41.6773 60.7454 60.7454 60.7454 27.8029
C13 25.4951 48.8365 13.1529 31.7805 20.2485 41.7732 18.6815 45.8803 12.8062 7.2111 42.1900 16.9706 41.4849 0.0000 23.3452 53.1507 25.4951 25.4951 25.4951 50.1597 50.1597 50.1597 31.3209 31.3209 31.3209 10.4403 10.4403 10.4403 10.7703 10.7703 10.7703 40.6079 40.6079 40.6079 25.4951
C14 22.4722 33.5261 36.0555 13.6015 43.4166 18.4391 10.2956 41.2311 31.5753 19.1050 55.2178 35.9026 49.5177 23.3452 0.0000 55.9464 22.4722 22.4722 22.4722 49.7695 49.7695 49.7695 41.2311 41.2311 41.2311 26.6833 26.6833 26.6833 13.0000 13.0000 13.0000 17.2627 17.2627 17.2627 22.4722
C15 33.5410 40.7185 51.7880 69.4622 61.8466 63.6396 62.0322 19.2354 43.1856 47.6760 24.7588 41.7732 14.7648 53.1507 55.9464 0.0000 33.5410 33.5410 33.5410 8.5440 8.5440 8.5440 23.5372 23.5372 23.5372 43.0116 43.0116 43.0116 50.9608 50.9608 50.9608 63.6553 63.6553 63.6553 33.5410
F16 0.0000 25.5539 31.8904 36.0555 42.4264 33.5410 28.8617 21.0950 23.0217 18.3848 35.4683 25.4951 27.8029 25.4951 22.4722 33.5410 0.0000 0.0000 0.0000 27.8927 27.8927 27.8927 21.1896 21.1896 21.1896 19.1050 19.1050 19.1050 19.0263 19.0263 19.0263 33.1210 33.1210 33.1210 0.0000
F16_1 0.0000 25.5539 31.8904 36.0555 42.4264 33.5410 28.8617 21.0950 23.0217 18.3848 35.4683 25.4951 27.8029 25.4951 22.4722 33.5410 0.0000 0.0000 0.0000 27.8927 27.8927 27.8927 21.1896 21.1896 21.1896 19.1050 19.1050 19.1050 19.0263 19.0263 19.0263 33.1210 33.1210 33.1210 0.0000
F16_2 0.0000 25.5539 31.8904 36.0555 42.4264 33.5410 28.8617 21.0950 23.0217 18.3848 35.4683 25.4951 27.8029 25.4951 22.4722 33.5410 0.0000 0.0000 0.0000 27.8927 27.8927 27.8927 21.1896 21.1896 21.1896 19.1050 19.1050 19.1050 19.0263 19.0263 19.0263 33.1210 33.1210 33.1210 0.0000
F17 27.8927 32.2025 50.9215 63.0714 61.4654 55.9732 56.7539 10.8167 41.7612 44.0000 29.5296 41.2311 18.0278 50.1597 49.7695 8.5440 27.8927 27.8927 27.8927 0.0000 0.0000 0.0000 23.8537 23.8537 23.8537 40.6079 40.6079 40.6079 46.3897 46.3897 46.3897 56.0803 56.0803 56.0803 27.8927
F17_1 27.8927 32.2025 50.9215 63.0714 61.4654 55.9732 56.7539 10.8167 41.7612 44.0000 29.5296 41.2311 18.0278 50.1597 49.7695 8.5440 27.8927 27.8927 27.8927 0.0000 0.0000 0.0000 23.8537 23.8537 23.8537 40.6079 40.6079 40.6079 46.3897 46.3897 46.3897 56.0803 56.0803 56.0803 27.8927
F17_2 27.8927 32.2025 50.9215 63.0714 61.4654 55.9732 56.7539 10.8167 41.7612 44.0000 29.5296 41.2311 18.0278 50.1597 49.7695 8.5440 27.8927 27.8927 27.8927 0.0000 0.0000 0.0000 23.8537 23.8537 23.8537 40.6079 40.6079 40.6079 46.3897 46.3897 46.3897 56.0803 56.0803 56.0803 27.8927
F18 21.1896 42.4264 28.2843 54.4885 38.3275 54.6260 44.2041 26.0768 20.0250 27.2947 14.3178 18.2483 10.1980 31.3209 41.2311 23.5372 21.1896 21.1896 21.1896 23.8537 23.8537 23.8537 0.0000 0.0000 0.0000 20.8806 20.8806 20.8806 32.2025 32.2025 32.2025 54.1295 54.1295 54.1295 21.1896
F18_1 21.1896 42.4264 28.2843 54.4885 38.3275 54.6260 44.2041 26.0768 20.0250 27.2947 14.3178 18.2483 10.1980 31.3209 41.2311 23.5372 21.1896 21.1896 21.1896 23.8537 23.8537 23.8537 0.0000 0.0000 0.0000 20.8806 20.8806 20.8806 32.2025 32.2025 32.2025 54.1295 54.1295 54.1295 21.1896
F18_2 21.1896 42.4264 28.2843 54.4885 38.3275 54.6260 44.2041 26.0768 20.0250 27.2947 14.3178 18.2483 10.1980 31.3209 41.2311 23.5372 21.1896 21.1896 21.1896 23.8537 23.8537 23.8537 0.0000 0.0000 0.0000 20.8806 20.8806 20.8806 32.2025 32.2025 32.2025 54.1295 54.1295 54.1295 21.1896
F19 19.1050 44.4072 12.8062 38.0132 23.3452 44.0454 25.8070 37.5766 5.0000 8.0623 32.2025 9.2195 31.0483 10.4403 26.6833 43.0116 19.1050 19.1050 19.1050 40.6079 40.6079 40.6079 20.8806 20.8806 20.8806 0.0000 0.0000 0.0000 14.3178 14.3178 14.3178 43.1045 43.1045 43.1045 19.1050
F19_1 19.1050 44.4072 12.8062 38.0132 23.3452 44.0454 25.8070 37.5766 5.0000 8.0623 32.2025 9.2195 31.0483 10.4403 26.6833 43.0116 19.1050 19.1050 19.1050 40.6079 40.6079 40.6079 20.8806 20.8806 20.8806 0.0000 0.0000 0.0000 14.3178 14.3178 14.3178 43.1045 43.1045 43.1045 19.1050
F19_2 19.1050 44.4072 12.8062 38.0132 23.3452 44.0454 25.8070 37.5766 5.0000 8.0623 32.2025 9.2195 31.0483 10.4403 26.6833 43.0116 19.1050 19.1050 19.1050 40.6079 40.6079 40.6079 20.8806 20.8806 20.8806 0.0000 0.0000 0.0000 14.3178 14.3178 14.3178 43.1045 43.1045 43.1045 19.1050
F20 19.0263 39.4081 23.0868 23.7065 31.0161 31.2570 12.0416 40.1123 18.9737 6.3246 45.2548 23.4094 41.6773 10.7703 13.0000 50.9608 19.0263 19.0263 19.0263 46.3897 46.3897 46.3897 32.2025 32.2025 32.2025 14.3178 14.3178 14.3178 0.0000 0.0000 0.0000 30.1496 30.1496 30.1496 19.0263
F20_1 19.0263 39.4081 23.0868 23.7065 31.0161 31.2570 12.0416 40.1123 18.9737 6.3246 45.2548 23.4094 41.6773 10.7703 13.0000 50.9608 19.0263 19.0263 19.0263 46.3897 46.3897 46.3897 32.2025 32.2025 32.2025 14.3178 14.3178 14.3178 0.0000 0.0000 0.0000 30.1496 30.1496 30.1496 19.0263
F20_2 19.0263 39.4081 23.0868 23.7065 31.0161 31.2570 12.0416 40.1123 18.9737 6.3246 45.2548 23.4094 41.6773 10.7703 13.0000 50.9608 19.0263 19.0263 19.0263 46.3897 46.3897 46.3897 32.2025 32.2025 32.2025 14.3178 14.3178 14.3178 0.0000 0.0000 0.0000 30.1496 30.1496 30.1496 19.0263
F21 33.1210 29.8329 53.2353 16.6433 60.6383 1.4142 25.0599 45.8039 48.0937 36.0139 68.4471 52.2398 60.7454 40.6079 17.2627 63.6553 33.1210 33.1210 33.1210 56.0803 56.0803 56.0803 54.1295 54.1295 54.1295 43.1045 43.1045 43.1045 30.1496 30.1496 30.1496 0.0000 0.0000 0.0000 33.1210
F21_1 33.1210 29.8329 53.2353 16.6433 60.6383 1.4142 25.0599 45.8039 48.0937 36.0139 68.4471 52.2398 60.7454 40.6079 17.2627 63.6553 33.1210 33.1210 33.1210 56.0803 56.0803 56.0803 54.1295 54.1295 54.1295 43.1045 43.1045 43.1045 30.1496 30.1496 30.1496 0.0000 0.0000 0.0000 33.1210
F21_2 33.1210 29.8329 53.2353 16.6433 60.6383 1.4142 25.0599 45.8039 48.0937 36.0139 68.4471 52.2398 60.7454 40.6079 17.2627 63.6553 33.1210 33.1210 33.1210 56.0803 56.0803 56.0803 54.1295 54.1295 54.1295 43.1045 43.1045 43.1045 30.1496 30.1496 30.1496 0.0000 0.0000 0.0000 33.1210
Nσ 0.0000 25.5539 31.8904 36.0555 42.4264 33.5410 28.8617 21.0950 23.0217 18.3848 35.4683 25.4951 27.8029 25.4951 22.4722 33.5410 0.0000 0.0000 0.0000 27.8927 27.8927 27.8927 21.1896 21.1896 21.1896 19.1050 19.1050 19.1050 19.0263 19.0263 19.0263 33.1210 33.1210 33.1210 0.0000
;
